5.000000000000000000e-01 1.000000000000000000e+00 0.000000000000000000e+00
4.980430528375733301e-01 9.999999989105726739e-01 1.089427776082676174e-09
4.960861056751467713e-01 9.999999985486263121e-01 1.451373769288643456e-09
4.941291585127201569e-01 9.999999982819338662e-01 1.718066132024886410e-09
4.921722113502935980e-01 9.999999980198268634e-01 1.980173118930017103e-09
4.902152641878669281e-01 9.999999977814237884e-01 2.218576123987937913e-09
4.882583170254402583e-01 9.999999975455380330e-01 2.454461892035537801e-09
4.863013698630136994e-01 9.999999973096522776e-01 2.690347660083135620e-09
4.843444227005870295e-01 9.999999970737665222e-01 2.926233428130734267e-09
4.823874755381604706e-01 9.999999967917581056e-01 3.208241916160773070e-09
4.804305283757338563e-01 9.999999964987895673e-01 3.501210258444065068e-09
4.784735812133071864e-01 9.999999962058214731e-01 3.794178600727356240e-09
4.765166340508806275e-01 9.999999959128531568e-01 4.087146943010649893e-09
4.745596868884539576e-01 9.999999956198849516e-01 4.380115285293941892e-09
4.726027397260273988e-01 9.999999953269165243e-01 4.673083627577233063e-09
4.706457925636007844e-01 9.999999950339482080e-01 4.966051969860525889e-09
4.686888454011742255e-01 9.999999947409797807e-01 5.259020312143816233e-09
4.667318982387475557e-01 9.999999942795787522e-01 5.720422058808709016e-09
4.647749510763208858e-01 9.999999937131808236e-01 6.286821252360832606e-09
4.628180039138943269e-01 9.999999931467826730e-01 6.853220445912958679e-09
4.608610567514677125e-01 9.999999925803845224e-01 7.419619639465083097e-09
4.589041095890410982e-01 9.999999920139865939e-01 7.986018833017207514e-09
4.569471624266144838e-01 9.999999914475886653e-01 8.552418026569331105e-09
4.549902152641878139e-01 9.999999908811905147e-01 9.118817220121456350e-09
4.530332681017612551e-01 9.999999903147922531e-01 9.685216413673583250e-09
4.510763209393345852e-01 9.999999897483944356e-01 1.025161560722570684e-08
4.491193737769080263e-01 9.999999891819961739e-01 1.081801480077783043e-08
4.471624266144814119e-01 9.999999886155982454e-01 1.138441399432995237e-08
4.452054794520547421e-01 9.999999880492000948e-01 1.195081318788208092e-08
4.432485322896281832e-01 9.999999874828021662e-01 1.251721238143420451e-08
4.412915851272015133e-01 9.999999869164040156e-01 1.308361157498632479e-08
4.393346379647749544e-01 9.999999863500057540e-01 1.365001076853845335e-08
4.373776908023483401e-01 9.999999857836079364e-01 1.421640996209057859e-08
4.354207436399216702e-01 9.999999848647550538e-01 1.513526319300778014e-08
4.334637964774951113e-01 9.999999827791561380e-01 1.722086082347845077e-08
4.315068493150684414e-01 9.999999806935573332e-01 1.930645845394907177e-08
4.295499021526418826e-01 9.999999786079584174e-01 2.139205608441971262e-08
4.275929549902152127e-01 9.999999765223595016e-01 2.347765371489036671e-08
4.256360078277886538e-01 9.999999744367604748e-01 2.556325134536100095e-08
4.236790606653620395e-01 9.999999723511615590e-01 2.764884897583163519e-08
4.217221135029353696e-01 9.999999702655626432e-01 2.973444660630227935e-08
4.197651663405088107e-01 9.999999681799636164e-01 3.182004423677293675e-08
4.178082191780821408e-01 9.999999660943648117e-01 3.390564186724357098e-08
4.158512720156555820e-01 9.999999640087660069e-01 3.599123949771420522e-08
4.138943248532289676e-01 9.999999619231670911e-01 3.807683712818485269e-08
4.119373776908022977e-01 9.999999598375681753e-01 4.016243475865550016e-08
4.099804305283757389e-01 9.999999577519691485e-01 4.224803238912613440e-08
4.080234833659490690e-01 9.999999556663702327e-01 4.433363001959677525e-08
4.060665362035224546e-01 9.999999535807713169e-01 4.641922765006741610e-08
4.041095890410958957e-01 9.999999514951722901e-01 4.850482528053805034e-08
4.021526418786692814e-01 9.999999494095734853e-01 5.059042291100869781e-08
4.001956947162426670e-01 9.999999473239746806e-01 5.267602054147934528e-08
3.982387475538159971e-01 9.999999452383756537e-01 5.476161817194997952e-08
3.962818003913894382e-01 9.999999431527766269e-01 5.684721580242062699e-08
3.943248532289627684e-01 9.999999410671778222e-01 5.893281343289126123e-08
3.923679060665361540e-01 9.999999389815789064e-01 6.101841106336190870e-08
3.904109589041095951e-01 9.999999368959799906e-01 6.310400869383254293e-08
3.884540117416829252e-01 9.999999348103809638e-01 6.518960632430319041e-08
3.864970645792563664e-01 9.999999327247823810e-01 6.727520395477382464e-08
3.845401174168296965e-01 9.999999306391831322e-01 6.936080158524447211e-08
3.825831702544030821e-01 9.999999285535841054e-01 7.144639921571510635e-08
3.806262230919765233e-01 9.999999264679853006e-01 7.353199684618576706e-08
3.786692759295498534e-01 9.999999243823864958e-01 7.561759447665640129e-08
3.767123287671232945e-01 9.999999222967875800e-01 7.770319210712706200e-08
3.747553816046966246e-01 9.999999202111886643e-01 7.978878973759768300e-08
3.727984344422700103e-01 9.999999181255896374e-01 8.187438736806830400e-08
3.708414872798433959e-01 9.999999065033210455e-01 9.349665521597963652e-08
3.688845401174168370e-01 9.999998838645551835e-01 1.161354214185210497e-07
3.669275929549902227e-01 9.999998612257892106e-01 1.387741876210623570e-07
3.649706457925635528e-01 9.999998385870232376e-01 1.614129538236035717e-07
3.630136986301369384e-01 9.999998159482574867e-01 1.840517200261449981e-07
3.610567514677103240e-01 9.999997933094912916e-01 2.066904862286861863e-07
3.590998043052837096e-01 9.999997706707255407e-01 2.293292524312273215e-07
3.571428571428571508e-01 9.999997480319594567e-01 2.519680186337686950e-07
3.551859099804304809e-01 9.999997253931934837e-01 2.746067848363100685e-07
3.532289628180038665e-01 9.999997027544277328e-01 2.972455510388514949e-07
3.512720156555772522e-01 9.999996801156614268e-01 3.198843172413926037e-07
3.493150684931506378e-01 9.999996574768954538e-01 3.425230834439339771e-07
3.473581213307240789e-01 9.999996348381297029e-01 3.651618496464748742e-07
3.454011741682974090e-01 9.999996121993637299e-01 3.878006158490163535e-07
3.434442270058708502e-01 9.999995895605978680e-01 4.104393820515575682e-07
3.414872798434441803e-01 9.999995669218316729e-01 4.330781482540991534e-07
3.395303326810175659e-01 9.999995442830657000e-01 4.557169144566402093e-07
3.375733855185909515e-01 9.999995216442999491e-01 4.783556806591816886e-07
3.356164383561643372e-01 9.999994990055338651e-01 5.009944468617229562e-07
3.336594911937377783e-01 9.999994763667678921e-01 5.236332130642640121e-07
3.317025440313111084e-01 9.999994537280019191e-01 5.462719792668054914e-07
3.297455968688844941e-01 9.999994310892359461e-01 5.689107454693468649e-07
3.277886497064578797e-01 9.999994084504701952e-01 5.915495116718879207e-07
3.258317025440312653e-01 9.999993858117041112e-01 6.141882778744294001e-07
3.238747553816047065e-01 9.999993631729381383e-01 6.368270440769705618e-07
3.219178082191780366e-01 9.999993405341720543e-01 6.594658102795118294e-07
3.199608610567514777e-01 9.999993178954060813e-01 6.821045764820530970e-07
3.180039138943248078e-01 9.999992952566403304e-01 7.047433426845943646e-07
3.160469667318981379e-01 9.999992726178743574e-01 7.273821088871356322e-07
3.140900195694715791e-01 9.999992499791083844e-01 7.500208750896768998e-07
3.121330724070449647e-01 9.999992273403424115e-01 7.726596412922183792e-07
3.101761252446184058e-01 9.999992047015763275e-01 7.952984074947594350e-07
3.082191780821917360e-01 9.999991820628104655e-01 8.179371736973007026e-07
3.062622309197651216e-01 9.999991594240444925e-01 8.405759398998420761e-07
3.043052837573385072e-01 9.999991367852785196e-01 8.632147061023834495e-07
3.023483365949118928e-01 9.999991141465125466e-01 8.858534723049247171e-07
3.003913894324852785e-01 9.999990915077465736e-01 9.084922385074660906e-07
2.984344422700586641e-01 9.999990688689808227e-01 9.311310047100072523e-07
2.964774951076320497e-01 9.999990462302148497e-01 9.537697709125485199e-07
2.945205479452054353e-01 9.999990235914486547e-01 9.764085371150897875e-07
2.925636007827788210e-01 9.999990009526826817e-01 9.990473033176312669e-07
2.906066536203522066e-01 9.999989783139167088e-01 1.021686069520172323e-06
2.886497064579256477e-01 9.999989556751509578e-01 1.044324835722713590e-06
2.866927592954989779e-01 9.999989330363849849e-01 1.066963601925255493e-06
2.847358121330723080e-01 9.999989103976190119e-01 1.089602368127796761e-06
2.827788649706456936e-01 9.999988877588530389e-01 1.112241134330338240e-06
2.808219178082191347e-01 9.999988651200869549e-01 1.134879900532879296e-06
2.788649706457925204e-01 9.999988424813212040e-01 1.157518666735420352e-06
2.769080234833659060e-01 9.999988198425548980e-01 1.180157432937961408e-06
2.749510763209392916e-01 9.999987972037891470e-01 1.202796199140502887e-06
2.729941291585126772e-01 9.999987745650231741e-01 1.225434965343043943e-06
2.710371819960860629e-01 9.999987519262572011e-01 1.248073731545585422e-06
2.690802348336594485e-01 9.999987292874914502e-01 1.270712497748126690e-06
2.671232876712328341e-01 9.999987066487251441e-01 1.293351263950667746e-06
2.651663405088062198e-01 9.999986840099591712e-01 1.315990030153208590e-06
2.632093933463796054e-01 9.999986613711934202e-01 1.338628796355750493e-06
2.612524461839529355e-01 9.999986387324273363e-01 1.361267562558292395e-06
2.592954990215263211e-01 9.999986160936613633e-01 1.383906328760833240e-06
2.573385518590997623e-01 9.999985934548953903e-01 1.406545094963374507e-06
2.553816046966731479e-01 9.999985708161294173e-01 1.429183861165915987e-06
2.534246575342465335e-01 9.999985481773636664e-01 1.451822627368457042e-06
2.514677103718199191e-01 9.999985255385975824e-01 1.474461393570998098e-06
2.495107632093933048e-01 9.999985028998316094e-01 1.497100159773540001e-06
2.475538160469666626e-01 9.999984802610655255e-01 1.519738925976080633e-06
2.455968688845400483e-01 9.999984576222995525e-01 1.542377692178622113e-06
2.436399217221134617e-01 9.999984349835338016e-01 1.565016458381163380e-06
2.416829745596868473e-01 9.999983335668057860e-01 1.666433186349624433e-06
2.397260273972602329e-01 9.999982260379947085e-01 1.773961997558545360e-06
2.377690802348336185e-01 9.999981185091835201e-01 1.881490808767466075e-06
2.358121330724069764e-01 9.999980109803724426e-01 1.989019619976390178e-06
2.338551859099803620e-01 9.999979034515610321e-01 2.096548431185310681e-06
2.318982387475537754e-01 9.999977959227501767e-01 2.204077242394231608e-06
2.299412915851271055e-01 9.999976883939387662e-01 2.311606053603152535e-06
2.279843444227005189e-01 9.999975808651276887e-01 2.419134864812073038e-06
2.260273972602739045e-01 9.999974733363166113e-01 2.526663676020994388e-06
2.240704500978472902e-01 9.999973658075054228e-01 2.634192487229914892e-06
2.221135029354206758e-01 9.999972582786940123e-01 2.741721298438836242e-06
2.201565557729940892e-01 9.999971507498830459e-01 2.849250109647756745e-06
2.181996086105674748e-01 9.999970432210718574e-01 2.956778920856678095e-06
2.162426614481408604e-01 9.999969356922606689e-01 3.064307732065598599e-06
2.142857142857142461e-01 9.999968281634494804e-01 3.171836543274519949e-06
2.123287671232876039e-01 9.999967206346382920e-01 3.279365354483440452e-06
2.103718199608609618e-01 9.999966131058271035e-01 3.386894165692363497e-06
2.084148727984343474e-01 9.999965055770160260e-01 3.494422976901284847e-06
2.064579256360077331e-01 9.999963980482047265e-01 3.601951788110206197e-06
2.045009784735811464e-01 9.999962905193937601e-01 3.709480599319126700e-06
2.025440313111545321e-01 9.999961829905824606e-01 3.817009410528047204e-06
2.005870841487279177e-01 9.999960754617712722e-01 3.924538221736969401e-06
1.986301369863013033e-01 9.999959679329601947e-01 4.032067032945889057e-06
1.966731898238747167e-01 9.999958604041490062e-01 4.139595844154810408e-06
1.947162426614481023e-01 9.999957528753377067e-01 4.247124655363730911e-06
1.927592954990214602e-01 9.999956453465266293e-01 4.354653466572651414e-06
1.908023483365948458e-01 9.999955378177154408e-01 4.462182277781571917e-06
1.888454011741682315e-01 9.999954302889042523e-01 4.569711088990494115e-06
1.868884540117416448e-01 9.999953227600929528e-01 4.677239900199414618e-06
1.849315068493149750e-01 9.999952152312818754e-01 4.784768711408337662e-06
1.829745596868883606e-01 9.999951077024706869e-01 4.892297522617259013e-06
1.810176125244617740e-01 9.999950001736596095e-01 4.999826333826179516e-06
1.790606653620351596e-01 9.999948926448483100e-01 5.107355145035101713e-06
1.771037181996085452e-01 9.999947851160373435e-01 5.214883956244022216e-06
1.751467710371819031e-01 9.999946775872259330e-01 5.322412767452942720e-06
1.731898238747552887e-01 9.999945509261706222e-01 5.449073822924764489e-06
1.712328767123286744e-01 9.999940716234189120e-01 5.928376574680589071e-06
1.692759295499020877e-01 9.999935923206670907e-01 6.407679326436413654e-06
1.673189823874754734e-01 9.999931130179154914e-01 6.886982078192234848e-06
1.653620352250488590e-01 9.999926337151636702e-01 7.366284829948056042e-06
1.634050880626222724e-01 9.999921544124119599e-01 7.845587581703880625e-06
1.614481409001956025e-01 9.999916751096602496e-01 8.324890333459713677e-06
1.594911937377690159e-01 9.999911958069085394e-01 8.804193085215533177e-06
1.575342465753424015e-01 9.999907165041568291e-01 9.283495836971354372e-06
1.555772994129157316e-01 9.999902372014048968e-01 9.762798588727178954e-06
1.536203522504891450e-01 9.999897578986534086e-01 1.024210134048300354e-05
1.516634050880625306e-01 9.999892785959014763e-01 1.072140409223882473e-05
1.497064579256359163e-01 9.999887992931497660e-01 1.120070684399464592e-05
1.477495107632093296e-01 9.999883199903980557e-01 1.168000959575046881e-05
1.457925636007827153e-01 9.999878406876463455e-01 1.215931234750629001e-05
1.438356164383561009e-01 9.999873613848946352e-01 1.263861509926211459e-05
1.418786692759294865e-01 9.999868820821428139e-01 1.311791785101793748e-05
1.399217221135028999e-01 9.999864027793913257e-01 1.359722060277375867e-05
1.379647749510762300e-01 9.999859234766393934e-01 1.407652335452958156e-05
1.360078277886495879e-01 9.999854441738876831e-01 1.455582610628541461e-05
1.340508806262229735e-01 9.999849648711360839e-01 1.503512885804123920e-05
1.320939334637963869e-01 9.999844855683843736e-01 1.551443160979705700e-05
1.301369863013697725e-01 9.999840062656326634e-01 1.599373436155288497e-05
1.281800391389431582e-01 9.999835269628807310e-01 1.647303711330870617e-05
1.262230919765165438e-01 9.999830476601290208e-01 1.695233986506452397e-05
1.242661448140899433e-01 9.999825683573773105e-01 1.743164261682034855e-05
1.223091976516633428e-01 9.999820890546256003e-01 1.791094536857616975e-05
1.203522504892367284e-01 9.999816097518738900e-01 1.839024812033199094e-05
1.183953033268100863e-01 9.999811304491221797e-01 1.886955087208781891e-05
1.164383561643834719e-01 9.999806511463704695e-01 1.934885362384364350e-05
1.144814090019568714e-01 9.999801718436185372e-01 1.982815637559946130e-05
1.125244618395302570e-01 9.999796925408668269e-01 2.030745912735528588e-05
1.105675146771036566e-01 9.999792132381152276e-01 2.078676187911110708e-05
1.086105675146770005e-01 9.999787339353635174e-01 2.126606463086693844e-05
1.066536203522504417e-01 9.999782546326118071e-01 2.174536738262274947e-05
1.046966731898237857e-01 9.999777753298598748e-01 2.222467013437858083e-05
1.027397260273972268e-01 9.999772960271084976e-01 2.270397288613439863e-05
1.007827788649705292e-01 9.999768167243565653e-01 2.318327563789022999e-05
9.882583170254388705e-02 9.999763374216048550e-01 2.366257838964606474e-05
9.686888454011731431e-02 9.999758581188531448e-01 2.414188114140187577e-05
9.491193737769067218e-02 9.999745192195984567e-01 2.548077987518417291e-05
9.295499021526411332e-02 9.999723578910637567e-01 2.764210739091763476e-05
9.099804305283745731e-02 9.999701965625289457e-01 2.980343490665115759e-05
8.904109589041089845e-02 9.999680352339943568e-01 3.196476242238459911e-05
8.708414872798424244e-02 9.999658739054595458e-01 3.412608993811815582e-05
8.512720156555768358e-02 9.999637125769248458e-01 3.628741745385159734e-05
8.317025440313102758e-02 9.999615512483902569e-01 3.844874496958513373e-05
8.121330724070446871e-02 9.999593899198553348e-01 4.061007248531857525e-05
7.925636007827781271e-02 9.999572285913207459e-01 4.277140000105212518e-05
7.729941291585125385e-02 9.999550672627859349e-01 4.493272751678558025e-05
7.534246575342459784e-02 9.999529059342513460e-01 4.709405503251908954e-05
7.338551859099795571e-02 9.999507446057164239e-01 4.925538254825264625e-05
7.142857142857129971e-02 9.999485832771818350e-01 5.141671006398609454e-05
6.947162426614464370e-02 9.999464219486471350e-01 5.357803757971964448e-05
6.751467710371808484e-02 9.999442606201123240e-01 5.573936509545308600e-05
6.555772994129142883e-02 9.999420992915777351e-01 5.790069261118664271e-05
6.360078277886486997e-02 9.999399379630429241e-01 6.006202012692007746e-05
6.164383561643822090e-02 9.999377766345082241e-01 6.222334764265362739e-05
5.968688845401166204e-02 9.999356153059734131e-01 6.438467515838706891e-05
5.772994129158500604e-02 9.999334539774384911e-01 6.654600267412059175e-05
5.577299412915844717e-02 9.999312926489039022e-01 6.870733018985404682e-05
5.381604696673179117e-02 9.999291313203693132e-01 7.086865770558758320e-05
5.185909980430523231e-02 9.999269699918347243e-01 7.302998522132103827e-05
4.990215264187858324e-02 9.999248086632998023e-01 7.519131273705457466e-05
4.794520547945192723e-02 9.999226473347648803e-01 7.735264025278811104e-05
4.598825831702536837e-02 9.999204860062304023e-01 7.951396776852156611e-05
4.403131115459871237e-02 9.999183246776954803e-01 8.167529528425510250e-05
4.207436399217215350e-02 9.999161633491608914e-01 8.383662279998854402e-05
4.011741682974550444e-02 9.999140020206263024e-01 8.599795031572208040e-05
3.816046966731893864e-02 9.999118406920913804e-01 8.815927783145552192e-05
3.620352250489228957e-02 9.999096793635566804e-01 9.032060534718908541e-05
3.424657534246564050e-02 9.999075180350219805e-01 9.248193286292252693e-05
3.228962818003898450e-02 9.999053567064872805e-01 9.464326037865606331e-05
3.033268101761242563e-02 9.999031953779524695e-01 9.680458789438950483e-05
2.837573385518577310e-02 9.999010340494178806e-01 9.896591541012304122e-05
2.641878669275921077e-02 9.998988727208829586e-01 1.011272429258564963e-04
2.446183953033255823e-02 9.998967113923483696e-01 1.032885704415900327e-04
2.250489236790590569e-02 9.998945500638136696e-01 1.054498979573235962e-04
2.054794520547934683e-02 9.998923887352788586e-01 1.076112254730570241e-04
1.859099804305269429e-02 9.998902274067442697e-01 1.097725529887905605e-04
1.663405088062613196e-02 9.998857107826524260e-01 1.142891780093923992e-04
1.467710371819948116e-02 9.998811229020463376e-01 1.188770596030943178e-04
1.272015655577291883e-02 9.998765350214404712e-01 1.234649411967960332e-04
1.076320939334626803e-02 9.998719471408343829e-01 1.280528227904979247e-04
8.806262230919707432e-03 9.998673592602285165e-01 1.326407043841996535e-04
6.849315068493054028e-03 9.998627713796225391e-01 1.372285859779015450e-04
4.892367906066493431e-03 9.998581834990165618e-01 1.418164675716032739e-04
2.935420743639841328e-03 9.998535956184106954e-01 1.464043491653052196e-04
9.784735812132805150e-04 9.998490077378047181e-01 1.509922307590069214e-04
-9.784735812133715880e-04 9.998444198571987407e-01 1.555801123527088400e-04
-2.935420743640114981e-03 9.998398319765928743e-01 1.601679939464107857e-04
-4.892367906066675577e-03 9.998352440959867860e-01 1.647558755401124604e-04
-6.849315068493328114e-03 9.998306562153806976e-01 1.693437571338144332e-04
-8.806262230919889578e-03 9.998260683347746092e-01 1.739316387275161350e-04
-1.076320939334654038e-02 9.998214804541687428e-01 1.785195203212180265e-04
-1.272015655577310271e-02 9.998161931500701982e-01 1.838068258948195562e-04
-1.467710371819975351e-02 9.998076172948301421e-01 1.923826849021859661e-04
-1.663405088062631584e-02 9.997990414395896419e-01 2.009585439095520508e-04
-1.859099804305296838e-02 9.997904655843493638e-01 2.095344029169184065e-04
-2.054794520547952724e-02 9.997818897291088636e-01 2.181102619242844640e-04
-2.250489236790617978e-02 9.997733138738684744e-01 2.266861209316508468e-04
-2.446183953033274211e-02 9.997647380186281962e-01 2.352619799390168773e-04
-2.641878669275939465e-02 9.997561621633876960e-01 2.438378389463833143e-04
-2.837573385518604718e-02 9.997475863081474179e-01 2.524136979537497513e-04
-3.033268101761260604e-02 9.997390104529071397e-01 2.609895569611157817e-04
-3.228962818003926205e-02 9.997304345976667506e-01 2.695654159684821374e-04
-3.424657534246582091e-02 9.997218587424263614e-01 2.781412749758481679e-04
-3.620352250489246998e-02 9.997132828871859722e-01 2.867171339832146320e-04
-3.816046966731912599e-02 9.997047070319455830e-01 2.952929929905806624e-04
-4.011741682974577505e-02 9.996961311767054159e-01 3.038688519979471266e-04
-4.207436399217233391e-02 9.996875553214650267e-01 3.124447110053131570e-04
-4.403131115459898992e-02 9.996765458780360047e-01 3.234541561016011924e-04
-4.598825831702554878e-02 9.996615680605238641e-01 3.384319718565781095e-04
-4.794520547945220479e-02 9.996465902430121675e-01 3.534097876115556772e-04
-4.990215264187876365e-02 9.996316124255000268e-01 3.683876033665324859e-04
-5.185909980430541272e-02 9.996166346079882192e-01 3.833654191215101620e-04
-5.381604696673206872e-02 9.996016567904761896e-01 3.983432348764877296e-04
-5.577299412915862759e-02 9.995866789729643820e-01 4.133210506314646468e-04
-5.772994129158528359e-02 9.995717011554523523e-01 4.282988663864422145e-04
-5.968688845401184245e-02 9.995567233379405447e-01 4.432766821414190774e-04
-6.164383561643849152e-02 9.995417455204286261e-01 4.582544978963966451e-04
-6.360078277886505038e-02 9.995267677029167075e-01 4.732323136513733996e-04
-6.555772994129170639e-02 9.995117898854044558e-01 4.882101294063510757e-04
-6.751467710371826525e-02 9.994968120678926482e-01 5.031879451613278844e-04
-6.947162426614492126e-02 9.994818342503807296e-01 5.181657609163055605e-04
-7.142857142857148012e-02 9.994654655772898799e-01 5.345344324072169410e-04
-7.338551859099813612e-02 9.994420278366651367e-01 5.579721722309206097e-04
-7.534246575342477825e-02 9.994185900960403934e-01 5.814099120546229772e-04
-7.729941291585143426e-02 9.993951523554156502e-01 6.048476518783264290e-04
-7.925636007827809026e-02 9.993717146147909069e-01 6.282853917020298808e-04
-8.121330724070464913e-02 9.993482768741661637e-01 6.517231315257322483e-04
-8.317025440313130513e-02 9.993248391335413094e-01 6.751608713494357001e-04
-8.512720156555786399e-02 9.993014013929165662e-01 6.985986111731380677e-04
-8.708414872798452000e-02 9.992779636522917119e-01 7.220363509968415194e-04
-8.904109589041107886e-02 9.992545259116669687e-01 7.454740908205438870e-04
-9.099804305283773487e-02 9.992310881710422255e-01 7.689118306442473388e-04
-9.295499021526429373e-02 9.992076504304174822e-01 7.923495704679498148e-04
-9.491193737769093586e-02 9.991749320103335830e-01 8.250679901005419925e-04
-9.686888454011750860e-02 9.991408402499101227e-01 8.591597501244965535e-04
-9.882583170254415073e-02 9.991067484894866624e-01 8.932515101484526324e-04
-1.007827788649707096e-01 9.990726567290630911e-01 9.273432701724071935e-04
-1.027397260273973656e-01 9.990385649686398528e-01 9.614350301963630555e-04
-1.046966731898240216e-01 9.990044732082161705e-01 9.955267902203193513e-04
-1.066536203522505805e-01 9.989703814477928212e-01 1.029618550244273695e-03
-1.086105675146772365e-01 9.989362896873692499e-01 1.063710310268229774e-03
-1.105675146771037953e-01 9.989021979269459006e-01 1.097802070292184335e-03
-1.125244618395304513e-01 9.988606278816513084e-01 1.139372114886124960e-03
-1.144814090019570935e-01 9.988148253517776798e-01 1.185174643888975334e-03
-1.164383561643837495e-01 9.987690228219040511e-01 1.230977172891827877e-03
-1.183953033268103083e-01 9.987232202920304225e-01 1.276779701894678251e-03
-1.203522504892369643e-01 9.986774177621564608e-01 1.322582230897530794e-03
-1.223091976516635232e-01 9.986316152322829431e-01 1.368384759900380734e-03
-1.242661448140901792e-01 9.985858127024094255e-01 1.414187288903233277e-03
-1.262230919765167381e-01 9.985378287651480722e-01 1.462171225126716705e-03
-1.281800391389433802e-01 9.984787653596699508e-01 1.521234628718980304e-03
-1.301369863013700501e-01 9.984197019541918294e-01 1.580298032311243037e-03
-1.320939334637966089e-01 9.983606385487138191e-01 1.639361435903504034e-03
-1.340508806262232511e-01 9.983015751432355867e-01 1.698424839495766767e-03
-1.360078277886498099e-01 9.982425117377574653e-01 1.757488243088027764e-03
-1.379647749510764798e-01 9.981834483322795659e-01 1.816551646680290497e-03
-1.399217221135030387e-01 9.981148931611395492e-01 1.885106815151260402e-03
-1.418786692759296808e-01 9.980413080748407051e-01 1.958691898366029388e-03
-1.438356164383562397e-01 9.979677229885417500e-01 2.032276981580795339e-03
-1.457925636007828818e-01 9.978941379022432390e-01 2.105862064795565626e-03
-1.477495107632094684e-01 9.978205528159443949e-01 2.179447148010331577e-03
-1.497064579256361938e-01 9.977469677296457728e-01 2.253032231225100129e-03
-1.516634050880628637e-01 9.976568669020617897e-01 2.343133058347379727e-03
-1.536203522504894226e-01 9.975665508116658975e-01 2.433449148315669497e-03
-1.555772994129160647e-01 9.974762347212700053e-01 2.523765238283964037e-03
-1.575342465753426235e-01 9.973859186308742242e-01 2.614081328252253374e-03
-1.594911937377692657e-01 9.972956025404782210e-01 2.704397418220547480e-03
-1.614481409001958245e-01 9.971901089520508465e-01 2.809891007080879844e-03
-1.634050880626224944e-01 9.970826874063926093e-01 2.917312553281295809e-03
-1.653620352250490533e-01 9.969752658607342610e-01 3.024734099481707003e-03
-1.673189823874756954e-01 9.968678443150760238e-01 3.132155645682123835e-03
-1.692759295499022543e-01 9.967538329763612204e-01 3.246166984979248753e-03
-1.712328767123289242e-01 9.966282770534083957e-01 3.371722908584953542e-03
-1.731898238747554830e-01 9.965027211304555710e-01 3.497278832190653559e-03
-1.751467710371821251e-01 9.963771652075028573e-01 3.622834755796357914e-03
-1.771037181996087673e-01 9.962461149363359691e-01 3.753885027634259672e-03
-1.790606653620353539e-01 9.961017346271255901e-01 3.898265337559145283e-03
-1.810176125244619960e-01 9.959573543179154331e-01 4.042645647484037832e-03
-1.829745596868885549e-01 9.958129740087053872e-01 4.187025957408925178e-03
-1.849315068493151970e-01 9.956539935276486064e-01 4.346006436487817592e-03
-1.868884540117418669e-01 9.954863464729395428e-01 4.513653487620703647e-03
-1.888454011741685090e-01 9.953186994182300351e-01 4.681300538753596641e-03
-1.908023483365950679e-01 9.951510523635208605e-01 4.848947589886480961e-03
-1.927592954990217378e-01 9.949642767351829509e-01 5.035723220499794400e-03
-1.947162426614482966e-01 9.947767692681990237e-01 5.223230689982958502e-03
-1.966731898238749388e-01 9.945892618012146524e-01 5.410738159466132145e-03
-1.986301369863014976e-01 9.943819786693359752e-01 5.618021289412935410e-03
-2.005870841487281397e-01 9.941676883045322821e-01 5.832311650714629495e-03
-2.025440313111548096e-01 9.939533979397285890e-01 6.046602012016320978e-03
-2.045009784735813685e-01 9.937278364561259458e-01 6.272163495197782823e-03
-2.064579256360080106e-01 9.934916002269480462e-01 6.508399726872088342e-03
-2.084148727984345695e-01 9.932553639977701465e-01 6.744635958546383453e-03
-2.103718199608612394e-01 9.930021862974613978e-01 6.997813661249790464e-03
-2.123287671232877982e-01 9.927401794841315130e-01 7.259820476921838121e-03
-2.142857142857144404e-01 9.924781726708016283e-01 7.521827292593895320e-03
-2.162426614481409992e-01 9.921929529592472541e-01 7.807047005823234374e-03
-2.181996086105676413e-01 9.919019736275913601e-01 8.098026338988513831e-03
-2.201565557729942280e-01 9.916109942959354662e-01 8.389005672153782012e-03
-2.221135029354208701e-01 9.913021949057179150e-01 8.697805063320240837e-03
-2.240704500978475122e-01 9.909827098262555811e-01 9.017290143395507995e-03
-2.260273972602741821e-01 9.906533031754605201e-01 9.346696794491474169e-03
-2.279843444227008242e-01 9.903139749533327318e-01 9.686025016608125482e-03
-2.299412915851273831e-01 9.899647251598724385e-01 1.003527480974545152e-02
-2.318982387475540252e-01 9.896034895566478973e-01 1.039651041266334217e-02
-2.338551859099806118e-01 9.892236832777550060e-01 1.077631669231370048e-02
-2.358121330724072540e-01 9.888309702288413661e-01 1.116902974214804833e-02
-2.377690802348338128e-01 9.884253504099065335e-01 1.157464956216633541e-02
-2.397260273972604550e-01 9.880068238209507303e-01 1.199317615236861201e-02
-2.416829745596870138e-01 9.875753904619741785e-01 1.242460951275483304e-02
-2.436399217221136837e-01 9.871260483929626961e-01 1.287395158290663075e-02
-2.455968688845402426e-01 9.866568417602959995e-01 1.334315821627623036e-02
-2.475538160469668847e-01 9.861716431191152044e-01 1.382835685805613307e-02
-2.495107632093934436e-01 9.856704524694207548e-01 1.432954750824630072e-02
-2.514677103718200857e-01 9.851532698112124287e-01 1.484673016684677146e-02
-2.534246575342467556e-01 9.846200951444904481e-01 1.537990483385752796e-02
-2.553816046966733144e-01 9.840617459737350803e-01 1.593825400529521458e-02
-2.573385518590999843e-01 9.834820693241239642e-01 1.651793065577347036e-02
-2.592954990215265432e-01 9.828829141679980008e-01 1.711708581285157488e-02
-2.612524461839531575e-01 9.822642805053576343e-01 1.773571947652959058e-02
-2.632093933463798274e-01 9.816261683362023094e-01 1.837383164680745848e-02
-2.651663405088064973e-01 9.809678647922942529e-01 1.903213519189281971e-02
-2.671232876712330562e-01 9.802810888741670947e-01 1.971891111089743576e-02
-2.690802348336597261e-01 9.795702763313138828e-01 2.042972365451874162e-02
-2.710371819960862849e-01 9.788347576263654037e-01 2.116524236009680038e-02
-2.729941291585128993e-01 9.780738632219525552e-01 2.192613676497175146e-02
-2.749510763209394582e-01 9.772869235807073451e-01 2.271307640648362325e-02
-2.769080234833661280e-01 9.764732691652604490e-01 2.352673082197261414e-02
-2.788649706457926869e-01 9.756322304382436528e-01 2.436776954877872825e-02
-2.808219178082193568e-01 9.747631378622878540e-01 2.523686212424216396e-02
-2.827788649706459712e-01 9.738653219000239503e-01 2.613467808570298090e-02
-2.847358121330726410e-01 9.729381130140839495e-01 2.706188697050126296e-02
-2.866927592954990889e-01 9.719808416670986384e-01 2.801915831597703854e-02
-2.886497064579257588e-01 9.709895851229346508e-01 2.901041485914009760e-02
-2.906066536203524286e-01 9.699641672338926712e-01 3.003583274752340965e-02
-2.925636007827790430e-01 9.689051661969089180e-01 3.109483378381513660e-02
-2.945205479452055464e-01 9.678117773636024657e-01 3.218822261640558180e-02
-2.964774951076322163e-01 9.666831960855915007e-01 3.331680389368529838e-02
-2.984344422700589416e-01 9.655186177144944315e-01 3.448138226404463130e-02
-3.003913894324856115e-01 9.643172376019301106e-01 3.568276237587390820e-02
-3.023483365949122259e-01 9.630782510995168355e-01 3.692174887756355384e-02
-3.043052837573387293e-01 9.618008535588733476e-01 3.819914641750381951e-02
-3.062622309197653436e-01 9.604842403316181665e-01 3.951575964408532426e-02
-3.082191780821920135e-01 9.591257888538766707e-01 4.087421112288600750e-02
-3.101761252446186834e-01 9.577227194234917418e-01 4.227728055791261930e-02
-3.121330724070451312e-01 9.562765849826171394e-01 4.372341500482300469e-02
-3.140900195694718011e-01 9.547864617795036590e-01 4.521353821548609181e-02
-3.160469667318984155e-01 9.532514260624036506e-01 4.674857394177041325e-02
-3.180039138943250854e-01 9.516705540795673546e-01 4.832944593554457102e-02
-3.199608610567515332e-01 9.500429220792466767e-01 4.995707794867712548e-02
-3.219178082191782031e-01 9.483676063096924125e-01 5.163239373303696311e-02
-3.238747553816049285e-01 9.466436830191560237e-01 5.335631704049263041e-02
-3.258317025440315429e-01 9.448702284558890829e-01 5.512977162291272937e-02
-3.277886497064582683e-01 9.430460768501882640e-01 5.695392324895089120e-02
-3.297455968688846606e-01 9.411681315645211710e-01 5.883186854576454711e-02
-3.317025440313113860e-01 9.392371581292728866e-01 6.076284199124782487e-02
-3.336594911937379448e-01 9.372521690769674008e-01 6.274783105268864902e-02
-3.356164383561646702e-01 9.352121769401295914e-01 6.478782319737515227e-02
-3.375733855185910626e-01 9.331161942512826712e-01 6.688380589259522446e-02
-3.395303326810177880e-01 9.309632335429512962e-01 6.903676660563734524e-02
-3.414872798434443468e-01 9.287523073476593449e-01 7.124769280378942526e-02
-3.434442270058711277e-01 9.264824281979309184e-01 7.351757195433961112e-02
-3.454011741682974646e-01 9.241526086262898954e-01 7.584739152457573019e-02
-3.473581213307242455e-01 9.217618611652607097e-01 7.823813898178635928e-02
-3.493150684931508043e-01 9.193106079261845753e-01 8.068939221871974932e-02
-3.512720156555775297e-01 9.167971932782856825e-01 8.320280686393621838e-02
-3.532289628180040886e-01 9.142204115297596356e-01 8.577958860838996724e-02
-3.551859099804306474e-01 9.115793184301701491e-01 8.842068170246081271e-02
-3.571428571428574283e-01 9.088729697290800491e-01 9.112703039652933490e-02
-3.590998043052839872e-01 9.061004211760524951e-01 9.389957894097540614e-02
-3.610567514677107126e-01 9.032607285206512016e-01 9.673927158617914857e-02
-3.630136986301371049e-01 9.003529475124391057e-01 9.964705258252037900e-02
-3.649706457925638303e-01 8.973761339009789229e-01 1.026238661803797886e-01
-3.669275929549903892e-01 8.943293434358344784e-01 1.056706566301371664e-01
-3.688845401174171146e-01 8.912146181431427339e-01 1.087853819079847295e-01
-3.708414872798435069e-01 8.880317808304492022e-01 1.119682192069333948e-01
-3.727984344422702323e-01 8.847778463297165663e-01 1.152221536933324686e-01
-3.747553816046967912e-01 8.814520152179630141e-01 1.185479847902235484e-01
-3.767123287671235721e-01 8.780534880722057345e-01 1.219465119206486897e-01
-3.786692759295501309e-01 8.745814654694610280e-01 1.254185345076497815e-01
-3.806262230919766898e-01 8.710351479867464164e-01 1.289648519742684352e-01
-3.825831702544032487e-01 8.674137362010788666e-01 1.325862637435472613e-01
-3.845401174168299741e-01 8.637164306894756782e-01 1.362835692385279684e-01
-3.864970645792565329e-01 8.599424320289537071e-01 1.400575678822524039e-01
-3.884540117416830918e-01 8.560923496852490544e-01 1.439076502102212274e-01
-3.904109589041098727e-01 8.521692620604054413e-01 1.478307378236912994e-01
-3.923679060665364315e-01 8.481693218142836166e-01 1.518306780603131401e-01
-3.943248532289631569e-01 8.440920577164933158e-01 1.559079421508102747e-01
-3.962818003913895493e-01 8.399370176368241570e-01 1.600629822257428059e-01
-3.982387475538162747e-01 8.357037685452433085e-01 1.642962313155085785e-01
-4.001956947162428335e-01 8.313918965118973770e-01 1.686081033503417370e-01
-4.021526418786695589e-01 8.270010067071136284e-01 1.729989931603132802e-01
-4.041095890410961178e-01 8.225307234013965463e-01 1.774692764753311724e-01
-4.060665362035226766e-01 8.179806899654309404e-01 1.820193099251399549e-01
-4.080234833659492910e-01 8.133505688700792824e-01 1.866494310393221334e-01
-4.099804305283760164e-01 8.086508076772627174e-01 1.913491922313744764e-01
-4.119373776908025753e-01 8.038744108807749367e-01 1.961255890235562294e-01
-4.138943248532291341e-01 7.990214637733341618e-01 2.009785361227921230e-01
-4.158512720156556930e-01 7.940923185738356649e-01 2.059076813092692304e-01
-4.178082191780824184e-01 7.890873808657884458e-01 2.109126189984969757e-01
-4.197651663405089772e-01 7.840071095973144555e-01 2.159928902413080221e-01
-4.217221135029355361e-01 7.788520170811482624e-01 2.211479827238584384e-01
-4.236790606653620950e-01 7.736226689946374968e-01 2.263773307676286151e-01
-4.256360078277888759e-01 7.683196843797428510e-01 2.316803153294210160e-01
-4.275929549902154347e-01 7.629437356430378570e-01 2.370562640013619271e-01
-4.295499021526421601e-01 7.574782929570476053e-01 2.425217066572298574e-01
-4.315068493150687190e-01 7.519262870887396533e-01 2.480737125226863682e-01
-4.334637964774952779e-01 7.462935651750940425e-01 2.537064344454070808e-01
-4.354207436399220033e-01 7.405795861570247940e-01 2.594204134868640654e-01
-4.373776908023486176e-01 7.347837813481965519e-01 2.652162183359398906e-01
-4.393346379647751765e-01 7.289055544350253601e-01 2.710944453089251249e-01
-4.412915851272017354e-01 7.229442814766755543e-01 2.770557183495214182e-01
-4.432485322896284607e-01 7.168993109050652013e-01 2.831006890288380595e-01
-4.452054794520550196e-01 7.107699635248616588e-01 2.892300365453940314e-01
-4.471624266144815785e-01 7.045555325134835734e-01 2.954444677251170659e-01
-4.491193737769081373e-01 6.982791732749040747e-01 3.017208271172979739e-01
-4.510763209393348627e-01 6.919651883145855331e-01 3.080348121674270634e-01
-4.530332681017614216e-01 6.855875804719910871e-01 3.144124200928829493e-01
-4.549902152641882025e-01 6.791489693372395609e-01 3.208510313003043457e-01
-4.569471624266145393e-01 6.726521451286233688e-01 3.273478555678998037e-01
-4.589041095890413202e-01 6.661000686926059622e-01 3.338999320454516528e-01
-4.608610567514678791e-01 6.594958715038231611e-01 3.405041292543104503e-01
-4.628180039138946045e-01 6.528428556650828218e-01 3.471571450873992548e-01
-4.647749510763211633e-01 6.461444939073658356e-01 3.538555068092109068e-01
-4.667318982387477222e-01 6.394044295898226871e-01 3.605955710558114147e-01
-4.686888454011745031e-01 6.326167124680778242e-01 3.673832880740298679e-01
-4.706457925636010620e-01 6.257140215109568970e-01 3.742859789444695773e-01
-4.726027397260276208e-01 6.187505313945560470e-01 3.812494689470909970e-01
-4.745596868884541797e-01 6.117259661500251688e-01 3.882740340484645003e-01
-4.765166340508809051e-01 6.046399505899890947e-01 3.953600494336364513e-01
-4.784735812133074639e-01 5.974920103085443746e-01 4.025079895061317026e-01
-4.804305283757341893e-01 5.902815716812588320e-01 4.097184278879526520e-01
-4.823874755381605817e-01 5.830079618651743401e-01 4.169920374195791313e-01
-4.843444227005873071e-01 5.756704087988030460e-01 4.243295901599701270e-01
-4.863013698630138659e-01 5.682680412021310357e-01 4.317319573865613935e-01
-4.882583170254406468e-01 5.607998885766164454e-01 4.392001095952665635e-01
-4.902152641878670392e-01 5.533548379153743202e-01 4.466451600433499758e-01
-4.921722113502937646e-01 5.458925625047719166e-01 4.541074353315608381e-01
-4.941291585127203234e-01 5.384038796564101226e-01 4.615961181232571819e-01
-4.960861056751470488e-01 5.308934131785580934e-01 4.691065846241945225e-01
-4.980430528375734411e-01 5.233660247887319539e-01 4.766339731317826844e-01
-5.000000000000002220e-01 5.158268141136899132e-01 4.841731840350856353e-01
-5.000000000000000000e-01 5.158268141136899132e-01 4.841731840350856353e-01
-4.980430528375733301e-01 5.101868435320316975e-01 4.898131551712025522e-01
-4.960861056751467713e-01 5.058940364617164898e-01 4.941059624121945659e-01
-4.941291585127201569e-01 5.022493551130795542e-01 4.977506439502107360e-01
-4.921722113502935980e-01 4.991305560720559753e-01 5.008694431060367602e-01
-4.902152641878669281e-01 4.963328254884132873e-01 5.036671737652520520e-01
-4.882583170254402583e-01 4.938739695429338328e-01 5.061260297463170410e-01
-4.863013698630136994e-01 4.917531342672005756e-01 5.082468650597925519e-01
-4.843444227005870295e-01 4.899691619725837777e-01 5.100308373908650772e-01
-4.823874755381604706e-01 4.884274736344313417e-01 5.115725257610317378e-01
-4.804305283757338563e-01 4.871261047698653979e-01 5.128738946531975484e-01
-4.784735812133071864e-01 4.860794288882972491e-01 5.139205705577502004e-01
-4.765166340508806275e-01 4.852874459897270065e-01 5.147125534746895825e-01
-4.745596868884539576e-01 4.846628840994794962e-01 5.153371151750048007e-01
-4.726027397260273988e-01 4.842140692076982167e-01 5.157859296879847566e-01
-4.706457925636007844e-01 4.839689601948633513e-01 5.160310381984031247e-01
-4.686888454011742255e-01 4.839275570609755106e-01 5.160724407062593500e-01
-4.667318982387475557e-01 4.840135571036636719e-01 5.159864401447830096e-01
-4.647749510763208858e-01 4.842132166504991564e-01 5.157867802279850755e-01
-4.628180039138943269e-01 4.845640065145967457e-01 5.154359900293805641e-01
-4.608610567514677125e-01 4.850659266959563842e-01 5.149340695489693642e-01
-4.589041095890410982e-01 4.856752785878893919e-01 5.143247174222004281e-01
-4.569471624266144838e-01 4.863677515270554697e-01 5.136322443284135897e-01
-4.549902152641878139e-01 4.871749441326629904e-01 5.128250516276038340e-01
-4.530332681017612551e-01 4.880968564047116764e-01 5.119031393197714941e-01
-4.510763209393345852e-01 4.891189205112645988e-01 5.108810752502692676e-01
-4.491193737769080263e-01 4.902181549009879680e-01 5.097818409915941817e-01
-4.471624266144814119e-01 4.914028892896983303e-01 5.085971068202588263e-01
-4.452054794520547421e-01 4.926678302593781034e-01 5.073321661591558840e-01
-4.432485322896281832e-01 4.940076504348428488e-01 5.059923463307602898e-01
-4.412915851272015133e-01 4.954169699230556168e-01 5.045830270863431721e-01
-4.393346379647749544e-01 4.968905263512954362e-01 5.031094708561447693e-01
-4.373776908023483401e-01 4.984230098216609894e-01 5.015769875149954649e-01
-4.354207436399216702e-01 5.000118065046538218e-01 4.999881909032959926e-01
-4.334637964774951113e-01 5.016632356002773685e-01 4.983367619445102648e-01
-4.315068493150684414e-01 5.033678515420787480e-01 4.966321461299063600e-01
-4.295499021526418826e-01 5.051222568754292208e-01 4.948777409151401407e-01
-4.275929549902152127e-01 5.069230541456997141e-01 4.930769437558680801e-01
-4.256360078277886538e-01 5.087668458982612663e-01 4.912331521077468732e-01
-4.236790606653620395e-01 5.106502346784860258e-01 4.893497634264319940e-01
-4.217221135029353696e-01 5.125698230317443649e-01 4.874301751675803596e-01
-4.197651663405088107e-01 5.145225387461334066e-01 4.854774595444894536e-01
-4.178082191780821408e-01 5.165142614682856070e-01 4.834857369220402212e-01
-4.158512720156555820e-01 5.185357731391058156e-01 4.814642253537757544e-01
-4.138943248532289676e-01 5.205841570335656421e-01 4.794158415662959083e-01
-4.119373776908022977e-01 5.226564964266368074e-01 4.773435022861997057e-01
-4.099804305283757389e-01 5.247498745932902553e-01 4.752501242400869463e-01
-4.080234833659490690e-01 5.268613748084973736e-01 4.731386241545567639e-01
-4.060665362035224546e-01 5.289880803472295501e-01 4.710119187562087362e-01
-4.041095890410958957e-01 5.311270744844582836e-01 4.688729247716424964e-01
-4.021526418786692814e-01 5.332950592143486102e-01 4.667049401569622336e-01
-4.001956947162426670e-01 5.354805006182024041e-01 4.645194988549709025e-01
-3.982387475538159971e-01 5.376784269965411145e-01 4.623215725720905001e-01
-3.962818003913894382e-01 5.398868127150808771e-01 4.601131869418458864e-01
-3.943248532289627684e-01 5.421036321395372726e-01 4.578963675977619774e-01
-3.923679060665361540e-01 5.443268596356265476e-01 4.556731401733634668e-01
-3.904109589041095951e-01 5.465544695690642829e-01 4.534455303021753814e-01
-3.884540117416829252e-01 5.487844363055663921e-01 4.512155636177225260e-01
-3.864970645792563664e-01 5.510286017252195023e-01 4.489713982874382614e-01
-3.845401174168296965e-01 5.532845877487932995e-01 4.467154123885664907e-01
-3.825831702544030821e-01 5.555451384218813571e-01 4.444548618565449249e-01
-3.806262230919765233e-01 5.578090693723137816e-01 4.421909310657136105e-01
-3.786692759295498534e-01 5.600751962279206797e-01 4.399248043904110950e-01
-3.767123287671232945e-01 5.623423346165326020e-01 4.376576662049772581e-01
-3.747553816046966246e-01 5.646093001659793220e-01 4.353907008837510917e-01
-3.727984344422700103e-01 5.668749085040911684e-01 4.331250928010720314e-01
-3.708414872798433959e-01 5.691422131346479674e-01 4.308577883617272786e-01
-3.688845401174168370e-01 5.714131173478200765e-01 4.285868842095191811e-01
-3.669275929549902227e-01 5.736827396164966286e-01 4.263172619553864395e-01
-3.649706457925635528e-01 5.759502713331472457e-01 4.240497302007304459e-01
-3.630136986301369384e-01 5.782149038902403282e-01 4.217850975469519259e-01
-3.610567514677103240e-01 5.804758286802447209e-01 4.195241725954524936e-01
-3.590998043052837096e-01 5.827322370956287134e-01 4.172677639476334299e-01
-3.571428571428571508e-01 5.849833205288617055e-01 4.150166802048961268e-01
-3.551859099804304809e-01 5.872287052309297373e-01 4.127712951694463284e-01
-3.532289628180038665e-01 5.894687854115805425e-01 4.105312147894927266e-01
-3.512720156555772522e-01 5.917019695882023145e-01 4.082980304347192946e-01
-3.493150684931506378e-01 5.939276031593316851e-01 4.060723967214679986e-01
-3.473581213307240789e-01 5.961450424769961787e-01 4.038549573140849391e-01
-3.454011741682974090e-01 5.983536548467128791e-01 4.016463449249209061e-01
-3.434442270058708502e-01 6.005528185274888742e-01 3.994471813143306571e-01
-3.414872798434441803e-01 6.027419227318213668e-01 3.972580772906735835e-01
-3.395303326810175659e-01 6.049201857195556364e-01 3.950798145841479814e-01
-3.375733855185909515e-01 6.070845261120985104e-01 3.929154741545303198e-01
-3.356164383561643372e-01 6.092358141266263072e-01 3.907641860671703382e-01
-3.336594911937377783e-01 6.113732574103385442e-01 3.886267426616746290e-01
-3.317025440313111084e-01 6.134960583121756850e-01 3.865039415745179507e-01
-3.297455968688844941e-01 6.156034138828183622e-01 3.843965857390414520e-01
-3.277886497064578797e-01 6.176945158746878217e-01 3.823054833854541701e-01
-3.258317025440312653e-01 6.197685507419470330e-01 3.802314480408319763e-01
-3.238747553816047065e-01 6.218246996404988014e-01 3.781752985291179092e-01
-3.219178082191780366e-01 6.238669248826038682e-01 3.761330731110691383e-01
-3.199608610567514777e-01 6.258924584753486897e-01 3.741075395158588446e-01
-3.180039138943248078e-01 6.279004224604521900e-01 3.720995756720698600e-01
-3.160469667318981379e-01 6.298904522069581624e-01 3.701095462439901729e-01
-3.140900195694715791e-01 6.318622101790948298e-01 3.681377888033556811e-01
-3.121330724070449647e-01 6.338153859362758435e-01 3.661846138293494146e-01
-3.101761252446184058e-01 6.357496961330973972e-01 3.642503047086018686e-01
-3.082191780821917360e-01 6.376648845193415571e-01 3.623351177351913366e-01
-3.062622309197651216e-01 6.395633644819437302e-01 3.604366385795603200e-01
-3.043052837573385072e-01 6.414448896159425928e-01 3.585551137123923482e-01
-3.023483365949118928e-01 6.433086790048653247e-01 3.566913243287249680e-01
-3.003913894324852785e-01 6.451549287970094193e-01 3.548450742058802954e-01
-2.984344422700586641e-01 6.469838859874295078e-01 3.530161162681656473e-01
-2.964774951076320497e-01 6.487958484179361385e-01 3.512041525868729863e-01
-2.945205479452054353e-01 6.505911647770973305e-01 3.494088343802784768e-01
-2.925636007827788210e-01 6.523702346002381303e-01 3.476297620136430400e-01
-2.906066536203522066e-01 6.541340047874630859e-01 3.458659899454401554e-01
-2.886497064579256477e-01 6.558833066683675828e-01 3.441166877076214381e-01
-2.866927592954989779e-01 6.576183870269722842e-01 3.423816074976612223e-01
-2.847358121330723080e-01 6.593399405308499883e-01 3.406600547940987767e-01
-2.827788649706456936e-01 6.610487191136712459e-01 3.389512778220475919e-01
-2.808219178082191347e-01 6.627455319752053597e-01 3.372544675531961023e-01
-2.788649706457925204e-01 6.644312455813183860e-01 3.355687577058069637e-01
-2.769080234833659060e-01 6.661067836639744666e-01 3.338932247447173873e-01
-2.749510763209392916e-01 6.677656312609177025e-01 3.322343822901144827e-01
-2.729941291585126772e-01 6.693934498998767024e-01 3.306065658461471157e-01
-2.710371819960860629e-01 6.710034447972372806e-01 3.289965729293571339e-01
-2.690802348336594485e-01 6.725953023213875337e-01 3.274047171088672048e-01
-2.671232876712328341e-01 6.741687088407145589e-01 3.258313119537998848e-01
-2.651663405088062198e-01 6.757233507236064529e-01 3.242766710332784519e-01
-2.632093933463796054e-01 6.772589143384499799e-01 3.227411079164252961e-01
-2.612524461839529355e-01 6.787750860536330144e-01 3.212249361723634733e-01
-2.592954990215263211e-01 6.802715522375428758e-01 3.197284693702155400e-01
-2.573385518590997623e-01 6.817479992585671056e-01 3.182520210791044413e-01
-2.553816046966731479e-01 6.832041134850932451e-01 3.167959048681531775e-01
-2.534246575342465335e-01 6.846395812855086138e-01 3.153604343064840276e-01
-2.514677103718199191e-01 6.860540890282010862e-01 3.139459229632203252e-01
-2.495107632093933048e-01 6.874473230815576485e-01 3.125526844074843491e-01
-2.475538160469666626e-01 6.888189698139657313e-01 3.111810322083994329e-01
-2.455968688845400483e-01 6.901955689634301505e-01 3.098044309670756613e-01
-2.436399217221134617e-01 6.915622894506471274e-01 3.084377093207347209e-01
-2.416829745596868473e-01 6.929142090089610573e-01 3.070857887181297485e-01
-2.397260273972602329e-01 6.942515576783616638e-01 3.057484391458956674e-01
-2.377690802348336185e-01 6.955745654988392257e-01 3.044254305906672897e-01
-2.358121330724069764e-01 6.968834625103832447e-01 3.031165330390793167e-01
-2.338551859099803620e-01 6.981784787529845548e-01 3.018215164777665604e-01
-2.318982387475537754e-01 6.994598442666328797e-01 3.005401508933641108e-01
-2.299412915851271055e-01 7.007277890913180540e-01 2.992722062725066134e-01
-2.279843444227005189e-01 7.019825432670303567e-01 2.980174526018288805e-01
-2.260273972602739045e-01 7.032243368337596223e-01 2.967756598679658353e-01
-2.240704500978472902e-01 7.044533998314961298e-01 2.955465980575523455e-01
-2.221135029354206758e-01 7.056699623002298249e-01 2.943300371572231677e-01
-2.201565557729940892e-01 7.068742542799506534e-01 2.931257471536129477e-01
-2.181996086105674748e-01 7.080646994317429943e-01 2.919353036276626789e-01
-2.162426614481408604e-01 7.092389989955774077e-01 2.907610042676425643e-01
-2.142857142857142461e-01 7.104005396640269421e-01 2.895994637786954984e-01
-2.123287671232876039e-01 7.115494769973707001e-01 2.884505265948174579e-01
-2.103718199608609618e-01 7.126859665558863410e-01 2.873140371500053636e-01
-2.084148727984343474e-01 7.138101638998521903e-01 2.861898398782551922e-01
-2.064579256360077331e-01 7.149222245895467953e-01 2.850777792135631428e-01
-2.045009784735811464e-01 7.160223041852481485e-01 2.839776995899259138e-01
-2.025440313111545321e-01 7.171105582472351303e-01 2.828894454413395376e-01
-2.005870841487279177e-01 7.181871423357852890e-01 2.818128612018007129e-01
-1.986301369863013033e-01 7.192522120111775052e-01 2.807477913053053054e-01
-1.966731898238747167e-01 7.203059228336896602e-01 2.796940801858500691e-01
-1.947162426614481023e-01 7.213484303636006345e-01 2.786515722774309811e-01
-1.927592954990214602e-01 7.223798901611877543e-01 2.776201120140446843e-01
-1.908023483365948458e-01 7.234004577867303443e-01 2.765995438296873221e-01
-1.888454011741682315e-01 7.244089961159341229e-01 2.755910053110446345e-01
-1.868884540117416448e-01 7.254064341203481092e-01 2.745935672007684403e-01
-1.849315068493149750e-01 7.263931193198323033e-01 2.736068819037592581e-01
-1.829745596868883606e-01 7.273691872369835165e-01 2.726308138989513852e-01
-1.810176125244617740e-01 7.283347733943976721e-01 2.716652276652796183e-01
-1.790606653620351596e-01 7.292900133146711372e-01 2.707099876816784212e-01
-1.771037181996085452e-01 7.302350425203998352e-01 2.697649584270825907e-01
-1.751467710371819031e-01 7.311699965341807994e-01 2.688300043804265904e-01
-1.731898238747552887e-01 7.320950108786095090e-01 2.679049900206450507e-01
-1.712328767123286744e-01 7.330102210762821091e-01 2.669897798266724909e-01
-1.692759295499020877e-01 7.339157626497954112e-01 2.660842382774437631e-01
-1.673189823874754734e-01 7.348117711217454495e-01 2.651882298518931091e-01
-1.653620352250488590e-01 7.356983820147282582e-01 2.643016190289554368e-01
-1.634050880626222724e-01 7.365757308513400936e-01 2.634242702875651543e-01
-1.614481409001956025e-01 7.374441173578338837e-01 2.625558838536743989e-01
-1.594911937377690159e-01 7.383038721934633841e-01 2.616961290109403038e-01
-1.575342465753424015e-01 7.391548717239375677e-01 2.608451294730357306e-01
-1.555772994129157316e-01 7.399972577940241436e-01 2.600027433948247646e-01
-1.536203522504891450e-01 7.408311722484899331e-01 2.591688289311717130e-01
-1.516634050880625306e-01 7.416567569321032005e-01 2.583432442369407722e-01
-1.497064579256359163e-01 7.424741536896307670e-01 2.575258474669960274e-01
-1.477495107632093296e-01 7.432835043658406748e-01 2.567164967762017858e-01
-1.457925636007827153e-01 7.440849508054998562e-01 2.559150503194219661e-01
-1.438356164383561009e-01 7.448786348533762425e-01 2.551213662515210423e-01
-1.418786692759294865e-01 7.456646983542369878e-01 2.543353027273630440e-01
-1.399217221135028999e-01 7.464432831528500234e-01 2.535567179018123340e-01
-1.379647749510762300e-01 7.472145310939821705e-01 2.527854699297326091e-01
-1.360078277886495879e-01 7.479785840224018045e-01 2.520214169659885650e-01
-1.340508806262229735e-01 7.487355837828757466e-01 2.512644171654441205e-01
-1.320939334637963869e-01 7.494846785780056031e-01 2.505153223460970802e-01
-1.301369863013697725e-01 7.502265860310701751e-01 2.497734148721505454e-01
-1.281800391389431582e-01 7.509615487742051787e-01 2.490384521089735459e-01
-1.262230919765165438e-01 7.516896761155270612e-01 2.483103247487678522e-01
-1.242661448140899433e-01 7.524110760132008968e-01 2.475889248337153070e-01
-1.223091976516633428e-01 7.531258550754407199e-01 2.468741457559773256e-01
-1.203522504892367284e-01 7.538341185605081929e-01 2.461658822576953676e-01
-1.183953033268100863e-01 7.545359703767143822e-01 2.454640304309906873e-01
-1.164383561643834719e-01 7.552315130824192035e-01 2.447684877179642227e-01
-1.144814090019568714e-01 7.559208478860308666e-01 2.440791529106971502e-01
-1.125244618395302570e-01 7.566040746460056532e-01 2.433959261512499972e-01
-1.105675146771036566e-01 7.572812918708500263e-01 2.427187089316635848e-01
-1.086105675146770005e-01 7.579525967191174107e-01 2.420474040939583626e-01
-1.066536203522504417e-01 7.586180849994106357e-01 2.413819158301346302e-01
-1.046966731898237857e-01 7.592776600526851549e-01 2.407223407901539491e-01
-1.027397260273972268e-01 7.599312059891314419e-01 2.400687948538611227e-01
-1.007827788649705292e-01 7.605790740250570892e-01 2.394209268188273732e-01
-9.882583170254388705e-02 7.612213397060874076e-01 2.387786611393873104e-01
-9.686888454011731431e-02 7.618580765984646064e-01 2.381419242492580635e-01
-9.491193737769067218e-02 7.624893562890442400e-01 2.375106445615380590e-01
-9.295499021526411332e-02 7.631152483852962076e-01 2.368847524687081596e-01
-9.099804305283745731e-02 7.637358205153057522e-01 2.362641803426309972e-01
-8.904109589041089845e-02 7.643511383277722393e-01 2.356488625345510846e-01
-8.708414872798424244e-02 7.649612654920094901e-01 2.350387353750949260e-01
-8.512720156555768358e-02 7.655662636979458924e-01 2.344337371742710174e-01
-8.317025440313102758e-02 7.661661926561249558e-01 2.338338082214696800e-01
-8.121330724070446871e-02 7.667611100977038685e-01 2.332388907854632820e-01
-7.925636007827781271e-02 7.673510717744551624e-01 2.326489291144061555e-01
-7.729941291585125385e-02 7.679361314587651588e-01 2.320638694358343468e-01
-7.534246575342459784e-02 7.685168552268670794e-01 2.314831456742284521e-01
-7.338551859099795571e-02 7.690929776280097663e-01 2.309070232797692523e-01
-7.142857142857129971e-02 7.696645072981984637e-01 2.303354936163026223e-01
-6.947162426614464370e-02 7.702315064700739899e-01 2.297684944511218519e-01
-6.751467710371808484e-02 7.707940360757646880e-01 2.292059648520310966e-01
-6.555772994129142883e-02 7.713521557468842049e-01 2.286478451873453221e-01
-6.360078277886486997e-02 7.719059238145339341e-01 2.280940771258898603e-01
-6.164383561643822090e-02 7.724553973093024606e-01 2.275446036370009084e-01
-5.968688845401166204e-02 7.730006319612647836e-01 2.269993689905250300e-01
-5.772994129158500604e-02 7.735416821999828718e-01 2.264583187568197098e-01
-5.577299412915844717e-02 7.740786011545058853e-01 2.259213998067531315e-01
-5.381604696673179117e-02 7.746114406533690655e-01 2.253885603117035674e-01
-5.185909980430523231e-02 7.751402512245959553e-01 2.248597497435605719e-01
-4.990215264187858324e-02 7.756650820956956238e-01 2.243349188747241763e-01
-4.794520547945192723e-02 7.761859811936643316e-01 2.238140197781047225e-01
-4.598825831702536837e-02 7.767029951449859748e-01 2.232970058271236680e-01
-4.403131115459871237e-02 7.772161692756307527e-01 2.227838316957128084e-01
-4.207436399217215350e-02 7.777255476110559451e-01 2.222744533583147497e-01
-4.011741682974550444e-02 7.782311728762056902e-01 2.217688280898824915e-01
-3.816046966731893864e-02 7.787330864955107623e-01 2.212669144658798992e-01
-3.620352250489228957e-02 7.792313285928887945e-01 2.207686723622814262e-01
-3.424657534246564050e-02 7.797259379917449440e-01 2.202740629555722807e-01
-3.228962818003898450e-02 7.802169522149708936e-01 2.197830487227480645e-01
-3.033268101761242563e-02 7.807044074849451842e-01 2.192955934413152175e-01
-2.837573385518577310e-02 7.811883387235335485e-01 2.188116621892907954e-01
-2.641878669275921077e-02 7.816687795520876891e-01 2.183312213452024420e-01
-2.446183953033255823e-02 7.821457622914471663e-01 2.178542385880885002e-01
-2.250489236790590569e-02 7.826193179619382878e-01 2.173806828974976790e-01
-2.054794520547934683e-02 7.830894762833739975e-01 2.169105245534899695e-01
-1.859099804305269429e-02 7.835571501256706206e-01 2.164428507023655190e-01
-1.663405088062613196e-02 7.840217024711125804e-01 2.159782983494330788e-01
-1.467710371819948116e-02 7.844830930254466095e-01 2.155169077875893624e-01
-1.272015655577291883e-02 7.849413567062351049e-01 2.150586440993271231e-01
-1.076320939334626803e-02 7.853965274275422903e-01 2.146034733706395914e-01
-8.806262230919707432e-03 7.858486380999363252e-01 2.141513626910201418e-01
-6.849315068493054028e-03 7.862977206304873068e-01 2.137022801534629313e-01
-4.892367906066493431e-03 7.867438059227671587e-01 2.132561948544625108e-01
-2.935420743639841328e-03 7.871869238768516297e-01 2.128130768940137973e-01
-9.784735812132805150e-04 7.876271033893185169e-01 2.123728973756121574e-01
9.784735812133715880e-04 7.880643723532478884e-01 2.119356284062535734e-01
2.935420743640114981e-03 7.884987576582230817e-01 2.115012430964343104e-01
4.892367906066675577e-03 7.889302851903290392e-01 2.110697155601510833e-01
6.849315068493328114e-03 7.893589798321545281e-01 2.106410209149010837e-01
8.806262230919889578e-03 7.897848654627896980e-01 2.102151352816821195e-01
1.076320939334654038e-02 7.902079649578277465e-01 2.097920357849923922e-01
1.272015655577310271e-02 7.906283001893645856e-01 2.093717005528302477e-01
1.467710371819975351e-02 7.910458920259983984e-01 2.089541087166948419e-01
1.663405088062631584e-02 7.914607603328307484e-01 2.085392404115858078e-01
1.859099804305296838e-02 7.918729239714648038e-01 2.081270767760030060e-01
2.054794520547952724e-02 7.922824008000064477e-01 2.077175999519467742e-01
2.250489236790617978e-02 7.926892076730646108e-01 2.073107930849180380e-01
2.446183953033274211e-02 7.930933604417502725e-01 2.069066403239181451e-01
2.641878669275939465e-02 7.934948739536773488e-01 2.065051268214487534e-01
2.837573385518604718e-02 7.938937620529624706e-01 2.061062387335121371e-01
3.033268101761260604e-02 7.942900375802245394e-01 2.057099632196111860e-01
3.228962818003926205e-02 7.946852718744272792e-01 2.053147289364902761e-01
3.424657534246582091e-02 7.950784650684419308e-01 2.049215357542684135e-01
3.620352250489246998e-02 7.954693577053681963e-01 2.045306431307389317e-01
3.816046966731912599e-02 7.958579755343546669e-01 2.041420253168388377e-01
4.011741682974577505e-02 7.962443437240530608e-01 2.037556571440042319e-01
4.207436399217233391e-02 7.966284868626181126e-01 2.033715140241703079e-01
4.403131115459898992e-02 7.970104289577064627e-01 2.029895719497711026e-01
4.598825831702554878e-02 7.973901934364785449e-01 2.026098074937397464e-01
4.794520547945220479e-02 7.977678031455975871e-01 2.022321978095079076e-01
4.990215264187876365e-02 7.981432803512291674e-01 2.018567206310069029e-01
5.185909980430541272e-02 7.985166467390419909e-01 2.014833542726664484e-01
5.381604696673206872e-02 7.988879234142081120e-01 2.011120776294153811e-01
5.577299412915862759e-02 7.992571309014016023e-01 2.007428701766815204e-01
5.772994129158528359e-02 7.996242891447999934e-01 2.003757119703918899e-01
5.968688845401184245e-02 7.999894175080833891e-01 2.000105836469719678e-01
6.164383561643849152e-02 8.003525347744347984e-01 1.996474664233467144e-01
6.360078277886505038e-02 8.007136591465406905e-01 1.992863420969395727e-01
6.555772994129170639e-02 8.010728082465893296e-01 1.989271930456733561e-01
6.751467710371826525e-02 8.014299991162727732e-01 1.985700022279696109e-01
6.947162426614492126e-02 8.017852482167853179e-01 1.982147531827488374e-01
7.142857142857148012e-02 8.021385714288242763e-01 1.978614300294307404e-01
7.338551859099813612e-02 8.024899840525905326e-01 1.975100174679336740e-01
7.534246575342477825e-02 8.028395008077870987e-01 1.971605007786751407e-01
7.729941291585143426e-02 8.031871358336195588e-01 1.968128658225715144e-01
7.925636007827809026e-02 8.035329026887970683e-01 1.964670990410383178e-01
8.121330724070464913e-02 8.038768143515315767e-01 1.961231874559896671e-01
8.317025440313130513e-02 8.042199357055752618e-01 1.957800661570882894e-01
8.512720156555786399e-02 8.045617356945793386e-01 1.954382662145915939e-01
8.708414872798452000e-02 8.049019209888585991e-01 1.950980809660458892e-01
8.904109589041107886e-02 8.052405143356367034e-01 1.947594876640546535e-01
9.099804305283773487e-02 8.055775381888383713e-01 1.944224638545146711e-01
9.295499021526429373e-02 8.059130147090882712e-01 1.940869873766158382e-01
9.491193737769093586e-02 8.062469657637139075e-01 1.937530363628416352e-01
9.686888454011750860e-02 8.065794129267426227e-01 1.934205892389688763e-01
9.882583170254415073e-02 8.069103774789042616e-01 1.930896247240675989e-01
1.007827788649707096e-01 8.072398804076286183e-01 1.927601218305013686e-01
1.027397260273973656e-01 8.075679424070478785e-01 1.924320598639270297e-01
1.046966731898240216e-01 8.078945838779939548e-01 1.921054184232946493e-01
1.066536203522505805e-01 8.082198249280011515e-01 1.917801774008478788e-01
1.086105675146772365e-01 8.085436853713044991e-01 1.914563169821235644e-01
1.105675146771037953e-01 8.088661847288400875e-01 1.911338176459518867e-01
1.125244618395304513e-01 8.091873422282458428e-01 1.908126601644564435e-01
1.144814090019570935e-01 8.095071768038599735e-01 1.904928256030543887e-01
1.164383561643837495e-01 8.098257070967227467e-01 1.901742953204558217e-01
1.183953033268103083e-01 8.101429514545746002e-01 1.898570509686645369e-01
1.203522504892369643e-01 8.104589279318581418e-01 1.895410744929774682e-01
1.223091976516635232e-01 8.107736542897163723e-01 1.892263481319849394e-01
1.242661448140901792e-01 8.110871479959946839e-01 1.889128544175708857e-01
1.262230919765167381e-01 8.113994262252381962e-01 1.886005761749121046e-01
1.281800391389433802e-01 8.117105058586940869e-01 1.882894965224791162e-01
1.301369863013700501e-01 8.120204034843103713e-01 1.879795988720357747e-01
1.320939334637966089e-01 8.123291353967363460e-01 1.876708669286391851e-01
1.340508806262232511e-01 8.126373052946879172e-01 1.873626970209261444e-01
1.360078277886498099e-01 8.129447241459060169e-01 1.870552781712185308e-01
1.379647749510764798e-01 8.132511533781547897e-01 1.867488489394910633e-01
1.399217221135030387e-01 8.135566158255508329e-01 1.864433864916753003e-01
1.418786692759296808e-01 8.138611342156769624e-01 1.861388681002393852e-01
1.438356164383562397e-01 8.141647311695812128e-01 1.858352711441887961e-01
1.457925636007828818e-01 8.144674292017799466e-01 1.855325731090655683e-01
1.477495107632094684e-01 8.147692507202545231e-01 1.852307515869487109e-01
1.497064579256361938e-01 8.150702180264532970e-01 1.849297842764539290e-01
1.516634050880628637e-01 8.153703533152911742e-01 1.846296489827342069e-01
1.536203522504894226e-01 8.156696786751491679e-01 1.843303236174788640e-01
1.555772994129160647e-01 8.159682160878749535e-01 1.840317861989146375e-01
1.575342465753426235e-01 8.162659874287834239e-01 1.837340148518047389e-01
1.594911937377692657e-01 8.165630144666540247e-01 1.834369878074494919e-01
1.614481409001958245e-01 8.168593188637336411e-01 1.831406834036859999e-01
1.634050880626224944e-01 8.171549221757370418e-01 1.828450800848883395e-01
1.653620352250490533e-01 8.174498458518435484e-01 1.825501564019672840e-01
1.673189823874756954e-01 8.177441112346989227e-01 1.822558910123707188e-01
1.692759295499022543e-01 8.180377395604168100e-01 1.819622626800831144e-01
1.712328767123289242e-01 8.183307519585761858e-01 1.816692502756260263e-01
1.731898238747554830e-01 8.186231694522224656e-01 1.813768327760579280e-01
1.751467710371821251e-01 8.189150129578679493e-01 1.810849892649741277e-01
1.771037181996087673e-01 8.192063032854920435e-01 1.807936989325065746e-01
1.790606653620353539e-01 8.194970611385387071e-01 1.805029410753245245e-01
1.810176125244619960e-01 8.197873071139201162e-01 1.802126950966336794e-01
1.829745596868885549e-01 8.200770617020138875e-01 1.799229405061769094e-01
1.849315068493151970e-01 8.203678036009351970e-01 1.796321986074434773e-01
1.868884540117418669e-01 8.206593519831210104e-01 1.793406502279187575e-01
1.888454011741685090e-01 8.209508326343468720e-01 1.790491695810509376e-01
1.908023483365950679e-01 8.212422873766951348e-01 1.787577148449145392e-01
1.927592954990217378e-01 8.215337584536022142e-01 1.784662437762318810e-01
1.947162426614482966e-01 8.218252885298625854e-01 1.781747137103730783e-01
1.966731898238749388e-01 8.221169206916262295e-01 1.778830815613558214e-01
1.986301369863014976e-01 8.224086984463991890e-01 1.775913038218457640e-01
2.005870841487281397e-01 8.227006657230437892e-01 1.772993365631559959e-01
2.025440313111548096e-01 8.229928668717785278e-01 1.770071354352474591e-01
2.045009784735813685e-01 8.232853466641771867e-01 1.767146556667291146e-01
2.064579256360080106e-01 8.235781502931712739e-01 1.764218520648571931e-01
2.084148727984345695e-01 8.238713233730465824e-01 1.761286790155359161e-01
2.103718199608612394e-01 8.241649119394467427e-01 1.758350904833172745e-01
2.123287671232877982e-01 8.244589624493708913e-01 1.755410400114008895e-01
2.142857142857144404e-01 8.247535217811734487e-01 1.752464807216340126e-01
2.162426614481409992e-01 8.250486372345662289e-01 1.749513653145119974e-01
2.181996086105676413e-01 8.253443565306162188e-01 1.746556460691774948e-01
2.201565557729942280e-01 8.256407278117472437e-01 1.743592748434212025e-01
2.221135029354208701e-01 8.259377996417395229e-01 1.740622030736813930e-01
2.240704500978475122e-01 8.262356210057278938e-01 1.737643817750441633e-01
2.260273972602741821e-01 8.265342413102043650e-01 1.734657615412431020e-01
2.279843444227008242e-01 8.268337103830178947e-01 1.731662925446600387e-01
2.299412915851273831e-01 8.271340784733711704e-01 1.728659245363239894e-01
2.318982387475540252e-01 8.274353962518259387e-01 1.725646068459120164e-01
2.338551859099806118e-01 8.277377148102981197e-01 1.722622883817488959e-01
2.358121330724072540e-01 8.280433385024593695e-01 1.719566647712849616e-01
2.377690802348338128e-01 8.283526279303825568e-01 1.716473754100761306e-01
2.397260273972604550e-01 8.286637208136653499e-01 1.713362825950299206e-01
2.416829745596870138e-01 8.289767088292481212e-01 1.710232946491317962e-01
2.436399217221136837e-01 8.292916850210333424e-01 1.707083185284019589e-01
2.455968688845402426e-01 8.296087437998844738e-01 1.703912598218951802e-01
2.475538160469668847e-01 8.299279809436261868e-01 1.700720227517006355e-01
2.495107632093934436e-01 8.302494935970439194e-01 1.697505101729425148e-01
2.514677103718200857e-01 8.305733802718850978e-01 1.694266235737791060e-01
2.534246575342467556e-01 8.308997408468579149e-01 1.691002630754035452e-01
2.553816046966733144e-01 8.312286765676322187e-01 1.687713274320437051e-01
2.573385518590999843e-01 8.315602900468384018e-01 1.684397140309616125e-01
2.592954990215265432e-01 8.318946852640691780e-01 1.681053188924544473e-01
2.612524461839531575e-01 8.322319675658774729e-01 1.677680366698534042e-01
2.632093933463798274e-01 8.325722436657778669e-01 1.674277606495248039e-01
2.651663405088064973e-01 8.329156216442462624e-01 1.670843827508692314e-01
2.671232876712330562e-01 8.332622109487195505e-01 1.667377935263219535e-01
2.690802348336597261e-01 8.336121223935962776e-01 1.663878821613527237e-01
2.710371819960862849e-01 8.339654681602356456e-01 1.660345364744661989e-01
2.729941291585128993e-01 8.343223617969590666e-01 1.656776429172012732e-01
2.749510763209394582e-01 8.346829182190476093e-01 1.653170865741316609e-01
2.769080234833661280e-01 8.350472537087454405e-01 1.649527511628655629e-01
2.788649706457926869e-01 8.354154859152569390e-01 1.645845190340457509e-01
2.808219178082193568e-01 8.357877338547472501e-01 1.642122711713497329e-01
2.827788649706459712e-01 8.361641179103440624e-01 1.638358871914895598e-01
2.847358121330726410e-01 8.365447598321356093e-01 1.634552453442117415e-01
2.866927592954990889e-01 8.369320196823445412e-01 1.630679855616622431e-01
2.886497064579257588e-01 8.373272407641381143e-01 1.626727645375245224e-01
2.906066536203524286e-01 8.377279740086427395e-01 1.622720313467814202e-01
2.925636007827790430e-01 8.381344154596355178e-01 1.618655899453061431e-01
2.945205479452055464e-01 8.385467654332406928e-01 1.614532400166138193e-01
2.964774951076322163e-01 8.389652285711433066e-01 1.610347769186464273e-01
2.984344422700589416e-01 8.393900138938048539e-01 1.606099916305584463e-01
3.003913894324856115e-01 8.398213348536771594e-01 1.601786706995023679e-01
3.023483365949122259e-01 8.402594093884181436e-01 1.597405961874130975e-01
3.043052837573387293e-01 8.407044599741051449e-01 1.592955456177943263e-01
3.062622309197653436e-01 8.411567136784487975e-01 1.588432919225029605e-01
3.082191780821920135e-01 8.416164022140106837e-01 1.583836033885351879e-01
3.101761252446186834e-01 8.420837619914138816e-01 1.579162436048111018e-01
3.121330724070451312e-01 8.425590341725608390e-01 1.574409714089605727e-01
3.140900195694718011e-01 8.430424647238462521e-01 1.569575408341079836e-01
3.160469667318984155e-01 8.435343044693718317e-01 1.564657010556583239e-01
3.180039138943250854e-01 8.440348091441609579e-01 1.559651963380814244e-01
3.199608610567515332e-01 8.445442394473736680e-01 1.554557659816984128e-01
3.219178082191782031e-01 8.450628610955207565e-01 1.549371442694659207e-01
3.238747553816049285e-01 8.455909448756786517e-01 1.544090604137624556e-01
3.258317025440315429e-01 8.461287666987035161e-01 1.538712385031727470e-01
3.277886497064582683e-01 8.466766076524454565e-01 1.533233974492737572e-01
3.297455968688846606e-01 8.472347540549653999e-01 1.527652509334196940e-01
3.317025440313113860e-01 8.478034975077466395e-01 1.521965073535270496e-01
3.336594911937379448e-01 8.483831349489110440e-01 1.516168697708605850e-01
3.356164383561646702e-01 8.489739687064332685e-01 1.510260358568178418e-01
3.375733855185910626e-01 8.495766813212048962e-01 1.504233231027538864e-01
3.395303326810177880e-01 8.501919944271789653e-01 1.498080099098959006e-01
3.414872798434443468e-01 8.508196239063513522e-01 1.491803803426667296e-01
3.434442270058711277e-01 8.514599082974172450e-01 1.485400958629266577e-01
3.454011741682974646e-01 8.521131923921296814e-01 1.478868116795133414e-01
3.473581213307242455e-01 8.527798272994733253e-01 1.472201766840743886e-01
3.493150684931508043e-01 8.534601705098256996e-01 1.465398333869011860e-01
3.512720156555775297e-01 8.541545859591292977e-01 1.458454178527620604e-01
3.532289628180040886e-01 8.548634440930567013e-01 1.451365596367354682e-01
3.551859099804306474e-01 8.555871219311796949e-01 1.444128817200436288e-01
3.571428571428574283e-01 8.563260031311348275e-01 1.436740004458853526e-01
3.590998043052839872e-01 8.570804780527935263e-01 1.429195254552699246e-01
3.610567514677107126e-01 8.578509438224265482e-01 1.421490596228500713e-01
3.630136986301371049e-01 8.586378043968738716e-01 1.413621989927551503e-01
3.649706457925638303e-01 8.594414706277115901e-01 1.405585327144246721e-01
3.669275929549903892e-01 8.602623603254189177e-01 1.397376429784418506e-01
3.688845401174171146e-01 8.611008983235465264e-01 1.388991049523662369e-01
3.708414872798435069e-01 8.619575165428825514e-01 1.380424867165679914e-01
3.727984344422702323e-01 8.628326540556224833e-01 1.371673492000600736e-01
3.747553816046967912e-01 8.637267571495345075e-01 1.362732461163324027e-01
3.767123287671235721e-01 8.646402793921281749e-01 1.353597238991848806e-01
3.786692759295501309e-01 8.655736816948218504e-01 1.344263216385608584e-01
3.806262230919766898e-01 8.665274323771086085e-01 1.334725710163800483e-01
3.825831702544032487e-01 8.675020072307280117e-01 1.324979962423722957e-01
3.845401174168299741e-01 8.684978895838273427e-01 1.315021139899105462e-01
3.864970645792565329e-01 8.695155703651351597e-01 1.304844333318444516e-01
3.884540117416830918e-01 8.705490155498252225e-01 1.294509882529548128e-01
3.904109589041098727e-01 8.715860372797232802e-01 1.284139665321165635e-01
3.923679060665364315e-01 8.726423442080218917e-01 1.273576596148263407e-01
3.943248532289631569e-01 8.737181414957710945e-01 1.262818623398199169e-01
3.962818003913895493e-01 8.748136288015568862e-01 1.251863750482702375e-01
3.982387475538162747e-01 8.759290000990831437e-01 1.240710037662046961e-01
4.001956947162428335e-01 8.770644434947534318e-01 1.229355603869243807e-01
4.021526418786695589e-01 8.782201410452500356e-01 1.217798628534220717e-01
4.041095890410961178e-01 8.793962685751169905e-01 1.206037353408005303e-01
4.060665362035226766e-01 8.805929954943394478e-01 1.194070084386910369e-01
4.080234833659492910e-01 8.818104846159248167e-01 1.181895193336713057e-01
4.099804305283760164e-01 8.830488919734850173e-01 1.169511119916844255e-01
4.119373776908025753e-01 8.843083666388151798e-01 1.156916373404568293e-01
4.138943248532291341e-01 8.855890505394764523e-01 1.144109534519166388e-01
4.158512720156556930e-01 8.868910782763758105e-01 1.131089257246120777e-01
4.178082191780824184e-01 8.882145769413473113e-01 1.117854270661297056e-01
4.197651663405089772e-01 8.895596659347342339e-01 1.104403380755130670e-01
4.217221135029355361e-01 8.909264567829666692e-01 1.090735472256808558e-01
4.236790606653620950e-01 8.923150529561469924e-01 1.076849510458448150e-01
4.256360078277888759e-01 8.937255496856264525e-01 1.062744543039288586e-01
4.275929549902154347e-01 8.951580337815894239e-01 1.048419701889869160e-01
4.295499021526421601e-01 8.966125834506319947e-01 1.033874204936214292e-01
4.315068493150687190e-01 8.980892681133435529e-01 1.019107357964017246e-01
4.334637964774952779e-01 8.995881482218892611e-01 1.004118556442819277e-01
4.354207436399220033e-01 9.011092750775889781e-01 9.889072873502008365e-02
4.373776908023486176e-01 9.026526906484986235e-01 9.734731309959585022e-02
4.393346379647751765e-01 9.042062640617780644e-01 9.579373962952283938e-02
4.412915851272017354e-01 9.057300277310310621e-01 9.426997597804678830e-02
4.432485322896284607e-01 9.072699073287291416e-01 9.273009640016335875e-02
4.452054794520550196e-01 9.088258071421415618e-01 9.117419660864767295e-02
4.471624266144815785e-01 9.103976314585393581e-01 8.960237231627499188e-02
4.491193737769081373e-01 9.119852845651925666e-01 8.801471923582021573e-02
4.510763209393348627e-01 9.135886707493718895e-01 8.641133308005860547e-02
4.530332681017614216e-01 9.152076942983470298e-01 8.479230956176532497e-02
4.549902152641882025e-01 9.168422594993889119e-01 8.315774439371552418e-02
4.569471624266145393e-01 9.184922706397675718e-01 8.150773328868446410e-02
4.589041095890413202e-01 9.201576320067530457e-01 7.984237195944701715e-02
4.608610567514678791e-01 9.218382478876163688e-01 7.816175611877847207e-02
4.628180039138946045e-01 9.235340225696276883e-01 7.646598147945395108e-02
4.647749510763211633e-01 9.252448603400569294e-01 7.475514375424881230e-02
4.667318982387477222e-01 9.269706654861750161e-01 7.302933865593785878e-02
4.686888454011745031e-01 9.287113422952517627e-01 7.128866189729637926e-02
4.706457925636010620e-01 9.303808540893350187e-01 6.961915010307519192e-02
4.726027397260276208e-01 9.320461747766136673e-01 6.795382940668576177e-02
4.745596868884541797e-01 9.337097496709581002e-01 6.629025449587705454e-02
4.765166340508809051e-01 9.353706984532639268e-01 6.462930568931360420e-02
4.784735812133074639e-01 9.370281408044255356e-01 6.297186330565981982e-02
4.804305283757341893e-01 9.386811964053383139e-01 6.131880766358011048e-02
4.823874755381605817e-01 9.403289849368965392e-01 5.967101908173907954e-02
4.843444227005873071e-01 9.419706260799955988e-01 5.802937787880077525e-02
4.863013698630138659e-01 9.436052395155306582e-01 5.639476437342981485e-02
4.882583170254406468e-01 9.452319449243964389e-01 5.476805888429057967e-02
4.902152641878670392e-01 9.468498619874876621e-01 5.315014173004763143e-02
4.921722113502937646e-01 9.484517055816528153e-01 5.154829805545457083e-02
4.941291585127203234e-01 9.500227639210445663e-01 4.997723969352111523e-02
4.960861056751470488e-01 9.515763893782870353e-01 4.842361422219852718e-02
4.980430528375734411e-01 9.531112772378957931e-01 4.688872635799171823e-02
5.000000000000002220e-01 9.546261227843859665e-01 4.537388081740527379e-02
