5.000000000000000000e-01 1.000000000000000000e+00 0.000000000000000000e+00
4.980430528375733301e-01 9.999999962246941543e-01 3.776622144154437857e-09
4.960861056751467713e-01 9.999999959231178348e-01 4.076079617184356412e-09
4.941291585127201569e-01 9.999999955869415258e-01 4.411640982794987145e-09
4.921722113502935980e-01 9.999999952490483679e-01 4.749002021868535183e-09
4.902152641878669281e-01 9.999999948366133928e-01 5.167982335610979520e-09
4.882583170254402583e-01 9.999999944162627497e-01 5.595630182946579486e-09
4.863013698630136994e-01 9.999999939959121065e-01 6.023278030282179452e-09
4.843444227005870295e-01 9.999999935755612412e-01 6.450925877617781899e-09
4.823874755381604706e-01 9.999999929263667653e-01 7.091641738480053168e-09
4.804305283757338563e-01 9.999999922227937876e-01 7.782987622358566519e-09
4.784735812133071864e-01 9.999999915192205879e-01 8.474333506237083179e-09
4.765166340508806275e-01 9.999999908156472772e-01 9.165679390115596531e-09
4.745596868884539576e-01 9.999999901120739665e-01 9.857025273994108228e-09
4.726027397260273988e-01 9.999999894085008778e-01 1.054837115787261993e-08
4.706457925636007844e-01 9.999999887049277891e-01 1.123971704175113493e-08
4.686888454011742255e-01 9.999999880013544784e-01 1.193106292562964994e-08
4.667318982387475557e-01 9.999999866375791635e-01 1.333621364413706017e-08
4.647749510763208858e-01 9.999999848622491694e-01 1.518633361020533908e-08
4.628180039138943269e-01 9.999999830869191753e-01 1.703645357627362792e-08
4.608610567514677125e-01 9.999999813115887370e-01 1.888657354234190683e-08
4.589041095890410982e-01 9.999999795362588539e-01 2.073669350841018905e-08
4.569471624266144838e-01 9.999999777609288598e-01 2.258681347447847127e-08
4.549902152641878139e-01 9.999999759855986436e-01 2.443693344054675018e-08
4.530332681017612551e-01 9.999999742102687605e-01 2.628705340661503902e-08
4.510763209393345852e-01 9.999999724349387664e-01 2.813717337268332785e-08
4.491193737769080263e-01 9.999999706596085502e-01 2.998729333875161007e-08
4.471624266144814119e-01 9.999999688842783341e-01 3.183741330481989229e-08
4.452054794520547421e-01 9.999999671089483400e-01 3.368753327088816789e-08
4.432485322896281832e-01 9.999999653336184569e-01 3.553765323695644350e-08
4.412915851272015133e-01 9.999999635582883517e-01 3.738777320302473233e-08
4.393346379647749544e-01 9.999999617829580245e-01 3.923789316909302117e-08
4.373776908023483401e-01 9.999999600076281414e-01 4.108801313516131001e-08
4.354207436399216702e-01 9.999999552260627755e-01 4.586391692786199861e-08
4.334637964774951113e-01 9.999999404928223701e-01 6.032517407769094891e-08
4.315068493150684414e-01 9.999999257595819646e-01 7.478643122751984627e-08
4.295499021526418826e-01 9.999999110263414481e-01 8.924768837734866423e-08
4.275929549902152127e-01 9.999998962931009316e-01 1.037089455271776145e-07
4.256360078277886538e-01 9.999998815598605262e-01 1.181702026770065781e-07
4.236790606653620395e-01 9.999998668266200097e-01 1.326314598268354357e-07
4.217221135029353696e-01 9.999998520933794932e-01 1.470927169766643066e-07
4.197651663405088107e-01 9.999998373601390877e-01 1.615539741264932304e-07
4.178082191780821408e-01 9.999998226268985713e-01 1.760152312763221807e-07
4.158512720156555820e-01 9.999998078936580548e-01 1.904764884261510781e-07
4.138943248532289676e-01 9.999997931604178714e-01 2.049377455759800284e-07
4.119373776908022977e-01 9.999997784271774659e-01 2.193990027258088728e-07
4.099804305283757389e-01 9.999997636939368384e-01 2.338602598756377702e-07
4.080234833659490690e-01 9.999997489606964329e-01 2.483215170254667205e-07
4.060665362035224546e-01 9.999997342274559164e-01 2.627827741752956708e-07
4.041095890410958957e-01 9.999997194942154000e-01 2.772440313251245152e-07
4.021526418786692814e-01 9.999997047609749945e-01 2.917052884749534655e-07
4.001956947162426670e-01 9.999996900277345890e-01 3.061665456247824158e-07
3.982387475538159971e-01 9.999996752944941836e-01 3.206278027746112602e-07
3.962818003913894382e-01 9.999996605612537781e-01 3.350890599244401047e-07
3.943248532289627684e-01 9.999996458280132616e-01 3.495503170742690020e-07
3.923679060665361540e-01 9.999996310947726341e-01 3.640115742240981111e-07
3.904109589041095951e-01 9.999996163615321176e-01 3.784728313739269026e-07
3.884540117416829252e-01 9.999996016282917122e-01 3.929340885237558000e-07
3.864970645792563664e-01 9.999995868950513067e-01 4.073953456735847503e-07
3.845401174168296965e-01 9.999995721618109012e-01 4.218566028234137006e-07
3.825831702544030821e-01 9.999995574285703848e-01 4.363178599732424921e-07
3.806262230919765233e-01 9.999995426953299793e-01 4.507791171230714953e-07
3.786692759295498534e-01 9.999995279620894628e-01 4.652403742729004456e-07
3.767123287671232945e-01 9.999995132288490574e-01 4.797016314227292900e-07
3.747553816046966246e-01 9.999994984956085409e-01 4.941628885725581874e-07
3.727984344422700103e-01 9.999994837623680244e-01 5.086241457223870848e-07
3.708414872798433959e-01 9.999993559224691353e-01 6.363666516297268576e-07
3.688845401174168370e-01 9.999990974248780251e-01 8.949685311017803172e-07
3.669275929549902227e-01 9.999988389272869149e-01 1.153570410573833353e-06
3.649706457925635528e-01 9.999985804296959158e-01 1.412172290045887025e-06
3.630136986301369384e-01 9.999983219321049166e-01 1.670774169517938578e-06
3.610567514677103240e-01 9.999980634345138064e-01 1.929376048989991826e-06
3.590998043052837096e-01 9.999978049369228073e-01 2.187977928462044227e-06
3.571428571428571508e-01 9.999975464393318081e-01 2.446579807934096628e-06
3.551859099804304809e-01 9.999972879417406979e-01 2.705181687406151146e-06
3.532289628180038665e-01 9.999970294441494767e-01 2.963783566878203123e-06
3.512720156555772522e-01 9.999967709465586996e-01 3.222385446350256371e-06
3.493150684931506378e-01 9.999965124489675894e-01 3.480987325822307925e-06
3.473581213307240789e-01 9.999962539513765902e-01 3.739589205294361173e-06
3.454011741682974090e-01 9.999959954537853690e-01 3.998191084766412727e-06
3.434442270058708502e-01 9.999957369561944809e-01 4.256792964238465974e-06
3.414872798434441803e-01 9.999954784586034817e-01 4.515394843710520916e-06
3.395303326810175659e-01 9.999952199610124826e-01 4.773996723182572470e-06
3.375733855185909515e-01 9.999949614634211503e-01 5.032598602654625718e-06
3.356164383561643372e-01 9.999947029658301512e-01 5.291200482126677272e-06
3.336594911937377783e-01 9.999944444682393740e-01 5.549802361598730520e-06
3.317025440313111084e-01 9.999941859706482639e-01 5.808404241070783767e-06
3.297455968688844941e-01 9.999939274730569316e-01 6.067006120542837862e-06
3.277886497064578797e-01 9.999936689754659325e-01 6.325608000014888569e-06
3.258317025440312653e-01 9.999934104778751554e-01 6.584209879486941817e-06
3.238747553816047065e-01 9.999931519802841562e-01 6.842811758958995065e-06
3.219178082191780366e-01 9.999928934826929350e-01 7.101413638431046618e-06
3.199608610567514777e-01 9.999926349851018248e-01 7.360015517903099866e-06
3.180039138943248078e-01 9.999923764875107146e-01 7.618617397375155655e-06
3.160469667318981379e-01 9.999921179899197154e-01 7.877219276847208056e-06
3.140900195694715791e-01 9.999918594923287163e-01 8.135821156319261304e-06
3.121330724070449647e-01 9.999916009947377171e-01 8.394423035791311163e-06
3.101761252446184058e-01 9.999913424971467180e-01 8.653024915263364411e-06
3.082191780821917360e-01 9.999910839995556078e-01 8.911626794735417659e-06
3.062622309197651216e-01 9.999908255019644976e-01 9.170228674207469213e-06
3.043052837573385072e-01 9.999905670043734984e-01 9.428830553679525849e-06
3.023483365949118928e-01 9.999903085067824993e-01 9.687432433151575709e-06
3.003913894324852785e-01 9.999900500091913891e-01 9.946034312623627262e-06
2.984344422700586641e-01 9.999897915116003899e-01 1.020463619209568051e-05
2.964774951076320497e-01 9.999895330140093908e-01 1.046323807156773376e-05
2.945205479452054353e-01 9.999892745164182806e-01 1.072183995103978701e-05
2.925636007827788210e-01 9.999881638463858913e-01 1.183257857767390758e-05
2.906066536203522066e-01 9.999862181055465538e-01 1.377835303369533810e-05
2.886497064579256477e-01 9.999842723647068832e-01 1.572412748971677200e-05
2.866927592954989779e-01 9.999823266238674346e-01 1.766990194573825335e-05
2.847358121330723080e-01 9.999803808830278751e-01 1.961567640175968048e-05
2.827788649706456936e-01 9.999784351421884265e-01 2.156145085778112116e-05
2.808219178082191347e-01 9.999764894013487559e-01 2.350722531380254490e-05
2.788649706457925204e-01 9.999745436605095295e-01 2.545299976982398220e-05
2.769080234833659060e-01 9.999725979196698589e-01 2.739877422584541949e-05
2.749510763209392916e-01 9.999706521788302993e-01 2.934454868186684324e-05
2.729941291585126772e-01 9.999687064379909618e-01 3.129032313788829409e-05
2.710371819960860629e-01 9.999667606971514022e-01 3.323609759390971783e-05
2.690802348336594485e-01 9.999648149563117316e-01 3.518187204993114835e-05
2.671232876712328341e-01 9.999628692154722831e-01 3.712764650595258564e-05
2.651663405088062198e-01 9.999609234746328346e-01 3.907342096197401616e-05
2.632093933463796054e-01 9.999589777337933860e-01 4.101919541799545346e-05
2.612524461839529355e-01 9.999570319929538265e-01 4.296496987401693141e-05
2.592954990215263211e-01 9.999550862521144889e-01 4.491074433003835515e-05
2.573385518590997623e-01 9.999531405112747073e-01 4.685651878605979245e-05
2.553816046966731479e-01 9.999511947704352588e-01 4.880229324208122297e-05
2.534246575342465335e-01 9.999475346701649503e-01 5.245959395299421685e-05
2.514677103718199191e-01 9.999423272221539261e-01 5.766168523478907909e-05
2.495107632093933048e-01 9.999371197741426798e-01 6.286377651658396843e-05
2.475538160469666626e-01 9.999319123261314335e-01 6.806586779837885777e-05
2.455968688845400483e-01 9.999267048781206313e-01 7.326795908017374711e-05
2.436399217221134617e-01 9.999214974301093850e-01 7.847005036196863645e-05
2.416829745596868473e-01 9.999162899820981387e-01 8.367214164376349868e-05
2.397260273972602329e-01 9.999110825340871145e-01 8.887423292555841512e-05
2.377690802348336185e-01 9.999058750860759792e-01 9.407632420735330446e-05
2.358121330724069764e-01 9.999006676380648440e-01 9.927841548914831578e-05
2.338551859099803620e-01 9.998954601900539307e-01 1.044805067709431916e-04
2.318982387475537754e-01 9.998902527420426845e-01 1.096825980527380809e-04
2.299412915851271055e-01 9.998850452940316602e-01 1.148846893345329838e-04
2.279843444227005189e-01 9.998798378460204139e-01 1.200867806163278460e-04
2.260273972602739045e-01 9.998746303980091676e-01 1.252888718981228031e-04
2.240704500978472902e-01 9.998694229499981434e-01 1.304909631799176383e-04
2.221135029354206758e-01 9.998642155019872302e-01 1.356930544617125276e-04
2.201565557729940892e-01 9.998590080539758729e-01 1.408951457435074169e-04
2.181996086105674748e-01 9.998538006059649597e-01 1.460972370253023063e-04
2.162426614481408604e-01 9.998485931579537134e-01 1.512993283070971956e-04
2.142857142857142461e-01 9.998267149072510573e-01 1.731790351748039366e-04
2.123287671232876039e-01 9.997909824481474583e-01 2.089186122742443200e-04
2.103718199608609618e-01 9.997552499890436373e-01 2.446581893736854895e-04
2.084148727984343474e-01 9.997195175299398162e-01 2.803977664731259001e-04
2.064579256360077331e-01 9.996837850708361062e-01 3.161373435725662023e-04
2.045009784735811464e-01 9.996499188121539259e-01 3.500088514187469344e-04
2.025440313111545321e-01 9.996180642410703587e-01 3.818666571419204888e-04
2.005870841487279177e-01 9.995862096699870136e-01 4.137244628650942600e-04
1.986301369863013033e-01 9.995543550989034465e-01 4.455822685882679227e-04
1.966731898238747167e-01 9.995225005278201014e-01 4.774400743114415313e-04
1.947162426614481023e-01 9.994869647488036080e-01 5.129772828874819583e-04
1.927592954990214602e-01 9.994462684961795684e-01 5.536724346326827705e-04
1.908023483365948458e-01 9.994055722435558620e-01 5.943675863778835828e-04
1.888454011741682315e-01 9.993648759909321555e-01 6.350627381230843950e-04
1.868884540117416448e-01 9.993241797383081160e-01 6.757578898682853157e-04
1.849315068493149750e-01 9.992774792704486320e-01 7.224569039436675409e-04
1.829745596868883606e-01 9.992196990224313513e-01 7.802350469479791412e-04
1.810176125244617740e-01 9.991619187744140707e-01 8.380131899522907414e-04
1.790606653620351596e-01 9.991041385263966790e-01 8.957913329566023417e-04
1.771037181996085452e-01 9.990463582783792873e-01 9.535694759609139419e-04
1.751467710371819031e-01 9.989813656544174192e-01 1.018560508120432400e-03
1.731898238747552887e-01 9.988923654899921623e-01 1.107560789045740693e-03
1.712328767123286744e-01 9.987939589184341438e-01 1.205968146434646063e-03
1.692759295499020877e-01 9.986861459397438079e-01 1.313782580287148945e-03
1.673189823874754734e-01 9.985689265539205994e-01 1.431004090603248905e-03
1.653620352250488590e-01 9.984425855105865111e-01 1.557347628250914775e-03
1.634050880626222724e-01 9.983081347684880091e-01 1.691800170067227476e-03
1.614481409001956025e-01 9.981647636069729268e-01 1.835173289450679843e-03
1.594911937377690159e-01 9.980124720260415971e-01 1.987466986401265588e-03
1.575342465753424015e-01 9.978512600256936871e-01 2.148681260918986445e-03
1.555772994129157316e-01 9.976805896141516250e-01 2.319353315325079542e-03
1.536203522504891450e-01 9.975004672701879294e-01 2.499476680353942062e-03
1.516634050880625306e-01 9.973111138265489117e-01 2.688830847312019719e-03
1.497064579256359163e-01 9.971125292832350162e-01 2.887415816199315113e-03
1.477495107632093296e-01 9.969041699201619533e-01 3.095775248274180991e-03
1.457925636007827153e-01 9.966807090887003229e-01 3.319235215871220446e-03
1.438356164383561009e-01 9.964457931758067266e-01 3.554149726539914539e-03
1.418786692759294865e-01 9.961994221814809425e-01 3.800518780280262403e-03
1.399217221135028999e-01 9.959415961057231925e-01 4.058342377092263170e-03
1.379647749510762300e-01 9.956652806852013260e-01 4.334654747127542410e-03
1.360078277886495879e-01 9.953677721538249923e-01 4.632159643722020409e-03
1.340508806262229735e-01 9.950537652305206926e-01 4.946162370095340266e-03
1.320939334637963869e-01 9.947232599152877608e-01 5.276662926247508920e-03
1.301369863013697725e-01 9.943762562081261969e-01 5.623661312178526370e-03
1.281800391389431582e-01 9.938575063286165800e-01 6.142411760694332576e-03
1.262230919765165438e-01 9.932275729781347984e-01 6.772349053320822140e-03
1.242661448140899433e-01 9.924710225300692468e-01 7.528907458119530639e-03
1.223091976516633428e-01 9.918019781119905565e-01 8.197955575177717780e-03
1.203522504892367284e-01 9.911698390728951313e-01 8.830096066844584507e-03
1.183953033268100863e-01 9.905656439920099698e-01 9.434290572686115234e-03
1.164383561643834719e-01 9.898676010141691517e-01 1.013233480431991948e-02
1.144814090019568714e-01 9.891114124830653331e-01 1.088852514011247330e-02
1.125244618395302570e-01 9.882984923627222695e-01 1.170144672189491614e-02
1.105675146771036566e-01 9.874218179913394344e-01 1.257812196663468662e-02
1.086105675146770005e-01 9.864759314332950391e-01 1.352400898389889000e-02
1.066536203522504417e-01 9.854729263207517853e-01 1.452701435787454379e-02
1.046966731898237857e-01 9.844053999743154204e-01 1.559454065738575743e-02
1.027397260273972268e-01 9.832725548379634972e-01 1.672738608028022378e-02
1.007827788649705292e-01 9.820732647064013277e-01 1.792667700211093146e-02
9.882583170254388705e-02 9.808022457011935646e-01 1.919769720901674803e-02
9.686888454011731431e-02 9.794483526005288709e-01 2.055159151297439660e-02
9.491193737769067218e-02 9.780096576838732680e-01 2.199028780629284224e-02
9.295499021526411332e-02 9.764705238242958885e-01 2.352942280003715927e-02
9.099804305283745731e-02 9.748251407345778219e-01 2.517480672994147281e-02
8.904109589041089845e-02 9.730676333633218045e-01 2.693231462331310833e-02
8.708414872798424244e-02 9.711946668892530443e-01 2.880528140930369019e-02
8.512720156555768358e-02 9.692011407407110646e-01 3.079880766107714538e-02
8.317025440313102758e-02 9.670948471979088357e-01 3.290510124995818519e-02
8.121330724070446871e-02 9.648773174991691626e-01 3.512263109219944390e-02
7.925636007827781271e-02 9.625492829825756935e-01 3.745066597958746080e-02
7.729941291585125385e-02 9.601100621298375160e-01 3.988988755068814673e-02
7.534246575342459784e-02 9.575615623649982311e-01 4.243838854859206811e-02
7.338551859099795571e-02 9.548728820974983211e-01 4.512707018320637892e-02
7.142857142857129971e-02 9.520347337866332804e-01 4.796521999556103283e-02
6.947162426614464370e-02 9.490259098565000384e-01 5.097404515484504212e-02
6.751467710371808484e-02 9.458209304277296336e-01 5.417902501984299402e-02
6.555772994129142883e-02 9.423998460687162959e-01 5.760010868294163089e-02
6.360078277886486997e-02 9.387904631547506762e-01 6.120949025078770145e-02
6.164383561643822090e-02 9.349809965799771305e-01 6.501895453201367303e-02
5.968688845401166204e-02 9.310459326506549393e-01 6.895401677652208960e-02
5.772994129158500604e-02 9.270188290761969263e-01 7.298111996126532830e-02
5.577299412915844717e-02 9.228849489605857048e-01 7.711500089343642506e-02
5.381604696673179117e-02 9.185595651467517442e-01 8.144038582609253174e-02
5.185909980430523231e-02 9.140657680284152153e-01 8.593418486830989300e-02
4.990215264187858324e-02 9.093858505822531857e-01 9.061410384197043921e-02
4.794520547945192723e-02 9.045070734068800800e-01 9.549288189604993038e-02
4.598825831702536837e-02 8.994098267796024615e-01 1.005901289468377757e-01
4.403131115459871237e-02 8.940653159784814896e-01 1.059346404449482137e-01
4.207436399217215350e-02 8.884587529269325490e-01 1.115412041807566090e-01
4.011741682974550444e-02 8.826198500801769598e-01 1.173801067668885645e-01
3.816046966731893864e-02 8.765318665050999547e-01 1.234680891339563352e-01
3.620352250489228957e-02 8.702237706565414399e-01 1.297761831865088256e-01
3.424657534246564050e-02 8.637454819411871654e-01 1.362544702176212152e-01
3.228962818003898450e-02 8.571002127688324146e-01 1.428997377430152316e-01
3.033268101761242563e-02 8.503167672878294558e-01 1.496831829171016981e-01
2.837573385518577310e-02 8.434182982373275017e-01 1.565816536098065259e-01
2.641878669275921077e-02 8.363799707185037846e-01 1.636199844370802570e-01
2.446183953033255823e-02 8.291468744803023316e-01 1.708530847356056759e-01
2.250489236790590569e-02 8.216870509150241420e-01 1.783129128077255987e-01
2.054794520547934683e-02 8.139099038031278877e-01 1.860900623414155075e-01
1.859099804305269429e-02 8.057818938960046307e-01 1.942180722266181603e-01
1.663405088062613196e-02 7.974043717524067487e-01 2.025955932248663105e-01
1.467710371819948116e-02 7.888375379701666468e-01 2.111624254286148528e-01
1.272015655577291883e-02 7.800585741347261237e-01 2.199413872496697175e-01
1.076320939334626803e-02 7.710426009376001311e-01 2.289573602581476686e-01
8.806262230919707432e-03 7.618090524200187286e-01 2.381909105927534631e-01
6.849315068493054028e-03 7.524267800681296858e-01 2.475731834288255051e-01
4.892367906066493431e-03 7.429296729815411116e-01 2.570702886347658866e-01
2.935420743639841328e-03 7.333196409850006869e-01 2.666803177640714173e-01
9.784735812132805150e-04 7.235620974640686320e-01 2.764378618829888001e-01
-9.784735812133715880e-04 7.136841415473216266e-01 2.863158213377572925e-01
-2.935420743640114981e-03 7.035939478678776560e-01 2.964060183567364115e-01
-4.892367906066675577e-03 6.932772861342446635e-01 3.067226833782297768e-01
-6.849315068493328114e-03 6.827220979479379226e-01 3.172778741931389090e-01
-8.806262230919889578e-03 6.719247040076657962e-01 3.280752682783525387e-01
-1.076320939334654038e-02 6.608703654562282370e-01 3.391296033601799431e-01
-1.272015655577310271e-02 6.496890524864691319e-01 3.503109145447214634e-01
-1.467710371819975351e-02 6.383731973553161687e-01 3.616267684991218978e-01
-1.663405088062631584e-02 6.269186929719252621e-01 3.730812721701365353e-01
-1.859099804305296838e-02 6.153047207818023168e-01 3.846952436042330170e-01
-2.054794520547952724e-02 6.035562196058925633e-01 3.964437444383007714e-01
-2.250489236790617978e-02 5.917167257599631469e-01 4.082832377447616068e-01
-2.446183953033274211e-02 5.797941737440441834e-01 4.202057891454503702e-01
-2.641878669275939465e-02 5.677535825750470444e-01 4.322463806449921009e-01
-2.837573385518604718e-02 5.555576506774815293e-01 4.444423148889036224e-01
-3.033268101761260604e-02 5.432158446505879201e-01 4.567841248146110034e-01
-3.228962818003926205e-02 5.307455554613202953e-01 4.692544149412216092e-01
-3.424657534246582091e-02 5.181361534291484272e-01 4.818638153397605262e-01
-3.620352250489246998e-02 5.054402660155721261e-01 4.945597014705497285e-01
-3.816046966731912599e-02 4.926655906911434624e-01 5.073343766042065495e-01
-4.011741682974577505e-02 4.798183287503295369e-01 5.201816384522384151e-01
-4.207436399217233391e-02 4.669141485900809574e-01 5.330858185747251454e-01
-4.403131115459898992e-02 4.539639576467029980e-01 5.460360095178951045e-01
-4.598825831702554878e-02 4.409800458579308802e-01 5.590199213177123871e-01
-4.794520547945220479e-02 4.279549985567454584e-01 5.720449686570636683e-01
-4.990215264187876365e-02 4.148888157431476209e-01 5.851111515359477266e-01
-5.185909980430541272e-02 4.018310802327974551e-01 5.981688870049757245e-01
-5.381604696673206872e-02 3.887735418200920501e-01 6.112264252920012186e-01
-5.577299412915862759e-02 3.757033608488913323e-01 6.242966060877945811e-01
-5.772994129158528359e-02 3.626205373191944137e-01 6.373794293923567000e-01
-5.968688845401184245e-02 3.496215839498809652e-01 6.503783825553236531e-01
-6.164383561643849152e-02 3.366675233732703276e-01 6.633324429167056779e-01
-6.360078277886505038e-02 3.237473235691294970e-01 6.762526424889037102e-01
-6.555772994129170639e-02 3.108609845374573633e-01 6.891389812719186381e-01
-6.751467710371826525e-02 2.981424610445935208e-01 7.018575045514836575e-01
-6.947162426614492126e-02 2.855135239822166326e-01 7.144864414055099866e-01
-7.142857142857148012e-02 2.729736765346919558e-01 7.270262886494391896e-01
-7.338551859099813612e-02 2.605330244216088054e-01 7.394669405704433762e-01
-7.534246575342477825e-02 2.482970155707078519e-01 7.517029493113329686e-01
-7.729941291585143426e-02 2.362322678139546772e-01 7.637676970178085556e-01
-7.925636007827809026e-02 2.243552307276740487e-01 7.756447341245504834e-01
-8.121330724070464913e-02 2.126823538881905673e-01 7.873176110662396532e-01
-8.317025440313130513e-02 2.012300868718276958e-01 7.987698782775594086e-01
-8.512720156555786399e-02 1.900148792549103960e-01 8.099850861931900958e-01
-8.708414872798452000e-02 1.790531806137620752e-01 8.209467852478140593e-01
-8.904109589041107886e-02 1.683752387091413394e-01 8.316247275401971173e-01
-9.099804305283773487e-02 1.580194320612612335e-01 8.419805343203878856e-01
-9.295499021526429373e-02 1.479849214504074806e-01 8.520150450089090111e-01
-9.491193737769093586e-02 1.382905129550727752e-01 8.617094535124033561e-01
-9.686888454011750860e-02 1.289550126537514219e-01 8.710449537375120066e-01
-9.882583170254415073e-02 1.199972266249360597e-01 8.800027395908774919e-01
-1.007827788649707096e-01 1.114359609471210211e-01 8.885640049791406758e-01
-1.027397260273973656e-01 1.032900216987990560e-01 8.967099438089440877e-01
-1.046966731898240216e-01 9.547655333081252194e-02 9.045234119815301899e-01
-1.066536203522505805e-01 8.799847816688580182e-02 9.120014872156425589e-01
-1.086105675146772365e-01 8.092204768342238508e-02 9.190779178487580303e-01
-1.105675146771037953e-01 7.425857929817611391e-02 9.257413864752883637e-01
-1.125244618395304513e-01 6.801939042889956766e-02 9.319805756896466509e-01
-1.144814090019570935e-01 6.221579849334652607e-02 9.377841680862448737e-01
-1.164383561643837495e-01 5.685912090926974888e-02 9.431408462594963460e-01
-1.183953033268103083e-01 5.196067509442291177e-02 9.480392928038128275e-01
-1.203522504892369643e-01 4.734807028417618163e-02 9.526518979308967738e-01
-1.223091976516635232e-01 4.310959218023905498e-02 9.568903761879622438e-01
-1.242661448140901792e-01 3.927462800376553542e-02 9.607253404216032910e-01
-1.262230919765167381e-01 3.584526299193317028e-02 9.641547053784106369e-01
-1.281800391389433802e-01 3.282358238191891014e-02 9.671763858049740037e-01
-1.301369863013700501e-01 3.000421050031631259e-02 9.699957576894506772e-01
-1.320939334637966089e-01 2.733834335117362943e-02 9.726616250927488938e-01
-1.340508806262232511e-01 2.489600060917548235e-02 9.751039682155679955e-01
-1.360078277886498099e-01 2.265452193286700278e-02 9.773454474226095368e-01
-1.379647749510764798e-01 2.062920051190425541e-02 9.793707692649520347e-01
-1.399217221135030387e-01 1.880347286748345476e-02 9.811964971992628293e-01
-1.418786692759296808e-01 1.715184504540880062e-02 9.828481252240767185e-01
-1.438356164383562397e-01 1.565844481097734830e-02 9.843415255468146441e-01
-1.457925636007828818e-01 1.430037202233300914e-02 9.856995987083301269e-01
-1.477495107632094684e-01 1.306201249480883411e-02 9.869379588503565115e-01
-1.497064579256361938e-01 1.192720783330381007e-02 9.880727643580698993e-01
-1.516634050880628637e-01 1.087885554077706006e-02 9.891211177758514328e-01
-1.536203522504894226e-01 9.953474906527330981e-03 9.900464958868617771e-01
-1.555772994129160647e-01 9.121791894602125639e-03 9.908781736766458792e-01
-1.575342465753426235e-01 8.372452288347881008e-03 9.916275049830890476e-01
-1.594911937377692657e-01 7.695231029746885804e-03 9.923047147505188459e-01
-1.614481409001958245e-01 7.044893751058250303e-03 9.929550499481445414e-01
-1.634050880626224944e-01 6.423959983281514290e-03 9.935759863025241945e-01
-1.653620352250490533e-01 5.818173192142685711e-03 9.941817816984472866e-01
-1.673189823874756954e-01 5.229926176903119950e-03 9.947700427247052613e-01
-1.692759295499022543e-01 4.776528406458268455e-03 9.952234457551665248e-01
-1.712328767123289242e-01 4.401618770602732170e-03 9.955983582134411147e-01
-1.731898238747554830e-01 4.081520386817301220e-03 9.959184573987606148e-01
-1.751467710371821251e-01 3.762261850039992639e-03 9.962377166702701681e-01
-1.771037181996087673e-01 3.455033796677414726e-03 9.965449440388366442e-01
-1.790606653620353539e-01 3.173161012132712233e-03 9.968268156825792481e-01
-1.810176125244619960e-01 2.919785920197125358e-03 9.970801896958101374e-01
-1.829745596868885549e-01 2.686705271966675045e-03 9.973132693492245959e-01
-1.849315068493151970e-01 2.468600558299809643e-03 9.975313732891457619e-01
-1.868884540117418669e-01 2.263556450875318753e-03 9.977364171414349059e-01
-1.888454011741685090e-01 2.070993786550556597e-03 9.979289800453785553e-01
-1.908023483365950679e-01 1.897684233623199955e-03 9.981022894473183804e-01
-1.927592954990217378e-01 1.740328623745491209e-03 9.982596448095195640e-01
-1.947162426614482966e-01 1.598919781913025508e-03 9.984010532154167228e-01
-1.966731898238749388e-01 1.473450533121382390e-03 9.985265217484442513e-01
-1.986301369863014976e-01 1.363913702366146598e-03 9.986360574920375432e-01
-2.005870841487281397e-01 1.259507715930236089e-03 9.987404629404886824e-01
-2.025440313111548096e-01 1.162301938749192229e-03 9.988376684425841479e-01
-2.045009784735813685e-01 1.072387361312627119e-03 9.989275829070602963e-01
-2.064579256360080106e-01 9.884047991220606434e-04 9.990115655536184747e-01
-2.084148727984345695e-01 9.089950676790282957e-04 9.990909756019593635e-01
-2.103718199608612394e-01 8.411478480878937375e-04 9.991588229266559207e-01
-2.123287671232877982e-01 7.802155544207761174e-04 9.992197553377109021e-01
-2.142857142857144404e-01 7.253524657221139399e-04 9.992746185617917831e-01
-2.162426614481409992e-01 6.759924168021854730e-04 9.993239787537422369e-01
-2.181996086105676413e-01 6.310879878028727123e-04 9.993688833256679782e-01
-2.201565557729942280e-01 5.814408836457662759e-04 9.994185306087980392e-01
-2.221135029354208701e-01 5.303775491871196707e-04 9.994695941269631234e-01
-2.240704500978475122e-01 4.764554916748377569e-04 9.995235163672906431e-01
-2.260273972602741821e-01 4.182322183568171550e-04 9.995817398169077883e-01
-2.279843444227008242e-01 3.586719950379227938e-04 9.996413002059669761e-01
-2.299412915851273831e-01 3.216432883022197001e-04 9.996783290713455727e-01
-2.318982387475540252e-01 2.939050094965243477e-04 9.997060674918363254e-01
-2.338551859099806118e-01 2.769679649289110042e-04 9.997230046565668271e-01
-2.358121330724072540e-01 2.723429609074430949e-04 9.997276297546631163e-01
-2.377690802348338128e-01 2.722128391930366507e-04 9.997277614788118161e-01
-2.397260273972604550e-01 2.512592616055612030e-04 9.997487225891397156e-01
-2.416829745596870138e-01 2.240674574787828235e-04 9.997759256946134876e-01
-2.436399217221136837e-01 1.884116142624194488e-04 9.998115972197186840e-01
-2.455968688845402426e-01 1.420659194061868469e-04 9.998579635889424111e-01
-2.475538160469668847e-01 1.026497743028776874e-04 9.998973964010965387e-01
-2.495107632093934436e-01 9.465794535632550064e-05 9.999053892424758505e-01
-2.514677103718200857e-01 9.463691086370558045e-05 9.999054071948809685e-01
-2.534246575342467556e-01 1.025866708250192279e-04 9.998974502583122259e-01
-2.553816046966733144e-01 1.185072252402651419e-04 9.998815184327689565e-01
-2.573385518590999843e-01 1.247134266011162319e-04 9.998752988644488138e-01
-2.592954990215265432e-01 1.119723366092045987e-04 9.998880255351125790e-01
-2.612524461839531575e-01 9.428202194339914063e-05 9.999056987960871501e-01
-2.632093933463798274e-01 7.164248260370202626e-05 9.999283186473735263e-01
-2.651663405088064973e-01 4.405371859010891872e-05 9.999558850889707085e-01
-2.671232876712330562e-01 3.731895108874871622e-05 9.999626135533359328e-01
-2.690802348336597261e-01 5.391874724803734018e-05 9.999460252665706150e-01
-2.710371819960862849e-01 8.075295761815178344e-05 9.999192109077752466e-01
-2.729941291585128993e-01 1.178215821990937807e-04 9.998821704769497165e-01
-2.749510763209394582e-01 1.651246209908602963e-04 9.998349039740941357e-01
-2.769080234833661280e-01 1.634719127582579673e-04 9.998365677702312215e-01
-2.788649706457926869e-01 1.248068083094929989e-04 9.998752253327191086e-01
-2.808219178082193568e-01 6.739098444354758508e-05 9.999326254099024647e-01
-2.827788649706459712e-01 2.347144946618839531e-05 9.999765300923697531e-01
-2.847358121330726410e-01 1.078712035979326189e-05 9.999892054683929832e-01
-2.866927592954990889e-01 1.048364911800797605e-05 9.999895005659915626e-01
-2.886497064579257588e-01 1.635922367848336584e-05 9.999836185445121206e-01
-2.906066536203524286e-01 1.841242532182527092e-05 9.999815629953888729e-01
-2.925636007827790430e-01 2.377639924039040564e-05 9.999761992238201946e-01
-2.945205479452055464e-01 3.028039289928443831e-05 9.999696983310653042e-01
-2.964774951076322163e-01 2.844295955362237394e-05 9.999715432870304177e-01
-2.984344422700589416e-01 2.390360618951528279e-05 9.999760936787625010e-01
-3.003913894324856115e-01 1.684346592183182459e-05 9.999831680918804810e-01
-3.023483365949122259e-01 1.352100905723354132e-05 9.999864983378323746e-01
-3.043052837573387293e-01 1.279997622047421985e-05 9.999872224403947296e-01
-3.062622309197653436e-01 1.593907147854223966e-05 9.999840797409659254e-01
-3.082191780821920135e-01 1.478041169445006020e-05 9.999852406337965682e-01
-3.101761252446186834e-01 1.009944393198488125e-05 9.999899284596622806e-01
-3.121330724070451312e-01 1.835116314412039290e-06 9.999982043432988910e-01
-3.140900195694718011e-01 9.438515802726553383e-07 9.999990974035886104e-01
-3.160469667318984155e-01 1.231513116008858821e-05 9.999877118026694323e-01
-3.180039138943250854e-01 3.547579534877391000e-05 9.999645215052217484e-01
-3.199608610567515332e-01 5.538424296789570475e-05 9.999445832217810359e-01
-3.219178082191782031e-01 5.326468945094590263e-05 9.999466917540584809e-01
-3.238747553816049285e-01 3.386035346910828969e-05 9.999660982881108939e-01
-3.258317025440315429e-01 7.168782746975414094e-06 9.999927995555963900e-01
-3.277886497064582683e-01 1.811711328193396642e-06 9.999981539742358594e-01
-3.297455968688846606e-01 -3.887116962687960087e-07 1.000000351656496811e+00
-3.317025440313113860e-01 -1.191955389130000542e-07 1.000000079808216924e+00
-3.336594911937379448e-01 -1.006960720190911568e-06 1.000000968273106805e+00
-3.356164383561646702e-01 -9.395889616504310426e-07 1.000000903105196848e+00
-3.375733855185910626e-01 6.407314645040865231e-08 9.999999031097208668e-01
-3.395303326810177880e-01 3.375321450172809323e-07 9.999996311232740576e-01
-3.414872798434443468e-01 7.546903608370188199e-07 9.999992151611745150e-01
-3.434442270058711277e-01 1.315547793910923358e-06 9.999986552234216841e-01
-3.454011741682974646e-01 2.020104444238560865e-06 9.999979513100161199e-01
-3.473581213307242455e-01 2.868360311819931341e-06 9.999971034209573784e-01
-3.493150684931508043e-01 3.860315396655034786e-06 9.999961115562452374e-01
-3.512720156555775297e-01 4.143455282028512404e-06 9.999958269743507433e-01
-3.532289628180040886e-01 3.851967391370163252e-06 9.999961156855379230e-01
-3.551859099804306474e-01 3.342511200521511988e-06 9.999966215557714033e-01
-3.571428571428574283e-01 2.615086709482124933e-06 9.999973445850511844e-01
-3.590998043052839872e-01 1.669693918251568404e-06 9.999982847733773772e-01
-3.610567514677107126e-01 5.063328268311434455e-07 9.999994421207497597e-01
-3.630136986301371049e-01 -5.357570362000789455e-07 1.000000478931394765e+00
-3.649706457925638303e-01 -9.006218389803408164e-07 1.000000841781421457e+00
-3.669275929549903892e-01 -1.174910621729117338e-06 1.000001114650246103e+00
-3.688845401174171146e-01 -1.358623384445541149e-06 1.000001297537868705e+00
-3.708414872798435069e-01 -1.451760127129612249e-06 1.000001390444289484e+00
-3.727984344422702323e-01 -1.454320849781330638e-06 1.000001393369508218e+00
-3.747553816046967912e-01 -1.366305552400262635e-06 1.000001306313524463e+00
-3.767123287671235721e-01 -1.187714234987709283e-06 1.000001129276339329e+00
-3.786692759295501309e-01 -9.185468975423695392e-07 1.000000862257951706e+00
-3.806262230919766898e-01 -5.588035400651107654e-07 1.000000505258362260e+00
-3.825831702544032487e-01 -1.084841625550655997e-07 1.000000058277570769e+00
-3.845401174168299741e-01 4.324112349873322769e-07 9.999995213155771223e-01
-3.864970645792565329e-01 1.063882652560781822e-06 9.999988943723816526e-01
-3.884540117416830918e-01 1.042756694605555950e-06 9.999989120614922733e-01
-3.904109589041098727e-01 5.601617144783237190e-07 9.999993854559762196e-01
-3.923679060665364315e-01 -4.851141539256170754e-09 9.999999398706070908e-01
-3.943248532289631569e-01 -6.522818734454489953e-07 1.000000575305384221e+00
-3.962818003913895493e-01 -1.382130481241555797e-06 1.000001291760307609e+00
-3.982387475538162747e-01 -2.194396964926275534e-06 1.000002089235377589e+00
-4.001956947162428335e-01 -3.089081324500475567e-06 1.000002967730594161e+00
-4.021526418786695589e-01 -4.066183559964589578e-06 1.000003927245957103e+00
-4.041095890410961178e-01 -5.125703671316882842e-06 1.000004967781466414e+00
-4.060665362035226766e-01 -6.267641658559090084e-06 1.000006089337122317e+00
-4.080234833659492910e-01 -7.491997521690343942e-06 1.000007291912924590e+00
-4.099804305283760164e-01 -8.798771260711078096e-06 1.000008575508873232e+00
-4.119373776908025753e-01 -1.018796287562129255e-05 1.000009940124968244e+00
-4.138943248532291341e-01 -7.780593173982788824e-06 1.000007555891921252e+00
-4.158512720156556930e-01 -4.711658406466624760e-06 1.000004518115291674e+00
-4.178082191780824184e-01 -1.132611510754402695e-06 1.000000976330543967e+00
-4.197651663405089772e-01 2.956547513151708967e-06 9.999969305376783524e-01
-4.217221135029355361e-01 7.555818665253878630e-06 9.999923807366942752e-01
-4.236790606653620950e-01 1.266520194555167261e-05 9.999873269275921794e-01
-4.256360078277888759e-01 1.828469735404465724e-05 9.999817691103720652e-01
-4.275929549902154347e-01 2.441430489073283250e-05 9.999757072850339323e-01
-4.295499021526421601e-01 3.105402455561619840e-05 9.999691414515774479e-01
-4.315068493150687190e-01 3.820385634869432126e-05 9.999620716100029449e-01
-4.334637964774952779e-01 4.586380026996806844e-05 9.999544977603103124e-01
-4.354207436399220033e-01 5.403385631943830730e-05 9.999464199024994393e-01
-4.373776908023486176e-01 5.949379020562866813e-05 9.999410328549998006e-01
-4.393346379647751765e-01 5.580220897378551995e-05 9.999447271717453178e-01
-4.412915851272017354e-01 5.081074464095445761e-05 9.999497131901227132e-01
-4.432485322896284607e-01 4.451939720713634849e-05 9.999559909101320976e-01
-4.452054794520550196e-01 3.692816667232945785e-05 9.999635603317733601e-01
-4.471624266144815785e-01 2.803705303653682146e-05 9.999724214550470558e-01
-4.491193737769081373e-01 1.784605629975540356e-05 9.999825742799522965e-01
-4.510763209393348627e-01 6.355176461986071501e-06 9.999940188064896374e-01
-4.530332681017614216e-01 7.511141568569343341e-08 1.000000296093605412e+00
-4.549902152641882025e-01 1.130048467828503184e-06 9.999992988402346406e-01
-4.569471624266145393e-01 3.981473311234946799e-06 9.999965215322260681e-01
-4.589041095890413202e-01 8.629385945906759003e-06 9.999919641695793615e-01
-4.608610567514678791e-01 1.507378637184177139e-05 9.999856267522945208e-01
-4.628180039138946045e-01 2.331467458904171869e-05 9.999775092803719900e-01
-4.647749510763211633e-01 3.335205059750486617e-05 9.999676117538111031e-01
-4.667318982387477222e-01 4.518591439723251488e-05 9.999559341726126371e-01
-4.686888454011745031e-01 3.919522750184993923e-05 9.999618886320514877e-01
-4.706457925636010620e-01 2.276012213414235069e-05 9.999781735904714752e-01
-4.726027397260276208e-01 1.904611691961894532e-06 9.999988291838164400e-01
-4.745596868884541797e-01 -2.337130382469338082e-05 1.000023855412085938e+00
-4.765166340508809051e-01 -5.306762441582455955e-05 1.000053252275280302e+00
-4.784735812133074639e-01 -8.718435008143012380e-05 1.000087019773399533e+00
-4.804305283757341893e-01 -1.257214808215102904e-04 1.000125157906443407e+00
-4.823874755381605817e-01 -1.686790166360615899e-04 1.000167666674411926e+00
-4.843444227005873071e-01 -1.669171584341385718e-04 1.000165831891367318e+00
-4.863013698630138659e-01 -1.569609240115899407e-04 1.000155862222000813e+00
-4.882583170254406468e-01 -1.399009666022718416e-04 1.000138838873102731e+00
-4.902152641878670392e-01 -1.157372862061873103e-04 1.000114761844672850e+00
-4.921722113502937646e-01 -8.446988282333027509e-05 1.000083631136710727e+00
-4.941291585127203234e-01 -4.609875645370463924e-05 1.000045446749217248e+00
-4.960861056751470488e-01 -6.239070973088848421e-07 1.000000208682191305e+00
-4.980430528375734411e-01 1.014884114526972726e-05 9.999886296300910526e-01
-5.000000000000002220e-01 1.686634346911917819e-05 9.999808640850598174e-01
-5.000000000000000000e-01 1.686634346911917819e-05 9.999808640850598174e-01
-4.980430528375733301e-01 7.643924777953753358e-08 9.999980526383378532e-01
-4.960861056751467713e-01 7.949144577084829577e-08 9.999982281030188602e-01
-4.941291585127201569e-01 8.274323076836939683e-08 9.999983356806450008e-01
-4.921722113502935980e-01 8.600495890530128473e-08 9.999984399453440975e-01
-4.902152641878669281e-01 8.969184691026525769e-08 9.999985010649108386e-01
-4.882583170254402583e-01 9.342388463512950325e-08 9.999985576026937384e-01
-4.863013698630136994e-01 9.715592236021058925e-08 9.999986141404765272e-01
-4.843444227005870295e-01 1.008879600852916752e-07 9.999986706782593160e-01
-4.823874755381604706e-01 1.051365138339012406e-07 9.999987129767584637e-01
-4.804305283757338563e-01 1.095078040636455335e-07 9.999987518916655382e-01
-4.784735812133071864e-01 1.138790942933898265e-07 9.999987908065723907e-01
-4.765166340508806275e-01 1.182503845229172790e-07 9.999988297214794652e-01
-4.745596868884539576e-01 1.238012204750425088e-07 9.999988515414890422e-01
-4.726027397260273988e-01 1.298291760450705906e-07 9.999988664467085453e-01
-4.706457925636007844e-01 1.358571316150986724e-07 9.999988813519283815e-01
-4.686888454011742255e-01 1.418850871855604351e-07 9.999988962571482176e-01
-4.667318982387475557e-01 1.479130427558053573e-07 9.999989111623677207e-01
-4.647749510763208858e-01 1.539409983258334391e-07 9.999989260675874458e-01
-4.628180039138943269e-01 1.599689538958615209e-07 9.999989409728071710e-01
-4.608610567514677125e-01 1.659969094661064432e-07 9.999989558780268961e-01
-4.589041095890410982e-01 1.732931782989256819e-07 9.999989661855424039e-01
-4.569471624266144838e-01 1.817601978353761139e-07 9.999989722490235655e-01
-4.549902152641878139e-01 1.902272173722602266e-07 9.999989783125048382e-01
-4.530332681017612551e-01 1.986942369087106586e-07 9.999989843759861108e-01
-4.510763209393345852e-01 2.071612564451610905e-07 9.999989904394670504e-01
-4.491193737769080263e-01 2.156282759822620437e-07 9.999989965029481009e-01
-4.471624266144814119e-01 2.240952955184956352e-07 9.999990025664293736e-01
-4.452054794520547421e-01 2.330131973770927650e-07 9.999990073485516273e-01
-4.432485322896281832e-01 2.438530430973456092e-07 9.999990066687162171e-01
-4.412915851272015133e-01 2.546928888178152939e-07 9.999990059888808069e-01
-4.393346379647749544e-01 2.655327345382849785e-07 9.999990053090451747e-01
-4.373776908023483401e-01 2.763725802581041419e-07 9.999990046292097645e-01
-4.354207436399216702e-01 2.872124259787906669e-07 9.999990039493744653e-01
-4.334637964774951113e-01 2.980522716990435111e-07 9.999990032695389441e-01
-4.315068493150684414e-01 3.088921174192963554e-07 9.999990025897034229e-01
-4.295499021526418826e-01 3.232339628148235555e-07 9.999989963676894078e-01
-4.275929549902152127e-01 3.381457202088038183e-07 9.999989892437469718e-01
-4.256360078277886538e-01 3.530574776027840811e-07 9.999989821198045359e-01
-4.236790606653620395e-01 3.679692349969811843e-07 9.999989749958620999e-01
-4.217221135029353696e-01 3.828809923907446067e-07 9.999989678719196640e-01
-4.197651663405088107e-01 3.977927497849417099e-07 9.999989607479771170e-01
-4.178082191780821408e-01 4.127045071791388131e-07 9.999989536240347920e-01
-4.158512720156555820e-01 4.303801843478106265e-07 9.999989434333250715e-01
-4.138943248532289676e-01 4.515213664348875083e-07 9.999989293973889914e-01
-4.119373776908022977e-01 4.739893560415028850e-07 9.999989138892648732e-01
-4.099804305283757389e-01 4.977841531672230757e-07 9.999988969089527169e-01
-4.080234833659490690e-01 5.229057578120480804e-07 9.999988784564519673e-01
-4.060665362035224546e-01 5.493541699755442181e-07 9.999988585317636236e-01
-4.041095890410958957e-01 5.771293896581451699e-07 9.999988371348871308e-01
-4.021526418786692814e-01 6.062314168602846165e-07 9.999988142658222667e-01
-4.001956947162426670e-01 6.366602515817457175e-07 9.999987899245693646e-01
-3.982387475538159971e-01 6.684158938214442708e-07 9.999987641111285352e-01
-3.962818003913894382e-01 7.014983435808981593e-07 9.999987368254995568e-01
-3.943248532289627684e-01 7.359076008594568619e-07 9.999987080676824291e-01
-3.923679060665361540e-01 7.716436656569035379e-07 9.999986778376770413e-01
-3.904109589041095951e-01 8.087065379730213471e-07 9.999986461354835043e-01
-3.884540117416829252e-01 8.470962178088944916e-07 9.999986129611019292e-01
-3.864970645792563664e-01 8.904737801799372798e-07 9.999985746434327805e-01
-3.845401174168296965e-01 9.362314235480690555e-07 9.999985337974184318e-01
-3.825831702544030821e-01 9.838577488116215242e-07 9.999984909358574647e-01
-3.806262230919765233e-01 1.033352755969944164e-06 9.999984460587506563e-01
-3.786692759295498534e-01 1.084716445023687498e-06 9.999983991660974514e-01
-3.767123287671232945e-01 1.137948815972201003e-06 9.999983502578981831e-01
-3.747553816046966246e-01 1.193049868815918360e-06 9.999982993341525184e-01
-3.727984344422700103e-01 1.250019603554405889e-06 9.999982463948606792e-01
-3.708414872798433959e-01 1.308858020188530952e-06 9.999981914400228877e-01
-3.688845401174168370e-01 1.369565118717859867e-06 9.999981344696389218e-01
-3.669275929549902227e-01 1.432140899142175794e-06 9.999980754837085595e-01
-3.649706457925635528e-01 1.496585361461912414e-06 9.999980144822320227e-01
-3.630136986301369384e-01 1.562898505675985525e-06 9.999979514652093116e-01
-3.610567514677103240e-01 1.631080331785913010e-06 9.999978864326406480e-01
-3.590998043052837096e-01 1.703041593969188694e-06 9.999978175743700071e-01
-3.571428571428571508e-01 1.784793815404368822e-06 9.999977391953731587e-01
-3.551859099804304809e-01 1.869637715165876554e-06 9.999976576422230368e-01
-3.532289628180038665e-01 1.957573293252627689e-06 9.999975729149190862e-01
-3.512720156555772522e-01 2.048600549664405385e-06 9.999974850134620841e-01
-3.493150684931506378e-01 2.142719484402727526e-06 9.999973939378512533e-01
-3.473581213307240789e-01 2.239930097465859388e-06 9.999972996880870379e-01
-3.454011741682974090e-01 2.340232388854885173e-06 9.999972022641694380e-01
-3.434442270058708502e-01 2.443626358569154361e-06 9.999971016660983425e-01
-3.414872798434441803e-01 2.550112006609751153e-06 9.999969978938736404e-01
-3.395303326810175659e-01 2.659689332975591347e-06 9.999968909474955536e-01
-3.375733855185909515e-01 2.772358337666674943e-06 9.999967808269637493e-01
-3.356164383561643372e-01 2.888119020683218782e-06 9.999966675322787824e-01
-3.336594911937377783e-01 3.006971382025656545e-06 9.999965510634400978e-01
-3.317025440313111084e-01 3.128915421693554549e-06 9.999964314204481397e-01
-3.297455968688844941e-01 3.485254518424468415e-06 9.999960775090895870e-01
-3.277886497064578797e-01 4.076650016853269887e-06 9.999954886686184263e-01
-3.258317025440312653e-01 4.726418774786802016e-06 9.999948414224034687e-01
-3.238747553816047065e-01 5.434560792223980599e-06 9.999941357704442702e-01
-3.219178082191780366e-01 6.201076069166323521e-06 9.999933717127413857e-01
-3.199608610567514777e-01 7.025964605612963418e-06 9.999925492492942602e-01
-3.180039138943248078e-01 7.909226401563683451e-06 9.999916683801035600e-01
-3.160469667318981379e-01 8.850861457018700459e-06 9.999907291051687297e-01
-3.140900195694715791e-01 9.850869771978014444e-06 9.999897314244901025e-01
-3.121330724070449647e-01 1.090925134644162540e-05 9.999886753380671234e-01
-3.101761252446184058e-01 1.202600618040975018e-05 9.999875608459006804e-01
-3.082191780821917360e-01 1.320113427388217194e-05 9.999863879479902184e-01
-3.062622309197651216e-01 1.443463562685889066e-05 9.999851566443356266e-01
-3.043052837573385072e-01 1.572651023934012321e-05 9.999838669349374598e-01
-3.023483365949118928e-01 1.707675811132543589e-05 9.999825188197950521e-01
-3.003913894324852785e-01 1.848537924281504555e-05 9.999811122989088474e-01
-2.984344422700586641e-01 1.995237363380895218e-05 9.999796473722785128e-01
-2.964774951076320497e-01 2.147774128430737263e-05 9.999781240399043813e-01
-2.945205479452054353e-01 2.306148219431030690e-05 9.999765423017861199e-01
-2.925636007827788210e-01 2.470359636381732130e-05 9.999749021579242836e-01
-2.906066536203522066e-01 2.640408379282884951e-05 9.999732036083184283e-01
-2.886497064579256477e-01 2.816294448134489155e-05 9.999714466529685541e-01
-2.866927592954989779e-01 2.998017842936501372e-05 9.999696312918746610e-01
-2.847358121330723080e-01 3.185578563688878234e-05 9.999677575250369710e-01
-2.827788649706456936e-01 3.378976610391771530e-05 9.999658253524552620e-01
-2.808219178082191347e-01 3.578211983045116208e-05 9.999638347741296451e-01
-2.788649706457925204e-01 3.783284681648868900e-05 9.999617857900602313e-01
-2.769080234833659060e-01 3.994194706203029605e-05 9.999596784002466876e-01
-2.749510763209392916e-01 4.210942056707641691e-05 9.999575126046892359e-01
-2.729941291585126772e-01 4.464886316245730499e-05 9.999549744336005963e-01
-2.710371819960860629e-01 4.835177517440109388e-05 9.999512714428064886e-01
-2.690802348336594485e-01 5.220524190196053176e-05 9.999474177548880460e-01
-2.671232876712328341e-01 5.620926334513496811e-05 9.999434133698450466e-01
-2.651663405088062198e-01 6.036383950392461978e-05 9.999392582876776014e-01
-2.632093933463796054e-01 6.466897037832992044e-05 9.999349525083853774e-01
-2.612524461839529355e-01 6.912465596834978590e-05 9.999304960319687074e-01
-2.592954990215263211e-01 7.373089627398508351e-05 9.999258888584277027e-01
-2.573385518590997623e-01 7.848769129523559644e-05 9.999211309877621412e-01
-2.553816046966731479e-01 8.339504103210089100e-05 9.999162224199720228e-01
-2.534246575342465335e-01 8.845294548458140088e-05 9.999111631550571255e-01
-2.514677103718199191e-01 9.366140465267734291e-05 9.999059531930181155e-01
-2.495107632093933048e-01 9.902041853638828342e-05 9.999005925338542156e-01
-2.475538160469666626e-01 1.045299871357144392e-04 9.998950811775659808e-01
-2.455968688845400483e-01 1.101901104506555935e-04 9.998894191241530782e-01
-2.436399217221134617e-01 1.160007884812123968e-04 9.998836063736160629e-01
-2.416829745596868473e-01 1.219620212273844154e-04 9.998776429259540466e-01
-2.397260273972602329e-01 1.280738086891712157e-04 9.998715287811676955e-01
-2.377690802348336185e-01 1.343361508665732312e-04 9.998652639392570096e-01
-2.358121330724069764e-01 1.407490477595904621e-04 9.998588484002213228e-01
-2.338551859099803620e-01 1.473124993682226914e-04 9.998522821640616343e-01
-2.318982387475537754e-01 1.540265056924705698e-04 9.998455652307771668e-01
-2.299412915851271055e-01 1.608910667323332298e-04 9.998386976003681426e-01
-2.279843444227005189e-01 1.679061824878111051e-04 9.998316792728347835e-01
-2.260273972602739045e-01 1.750718529589044125e-04 9.998245102481766455e-01
-2.240704500978472902e-01 1.823880781456120679e-04 9.998171905263941728e-01
-2.221135029354206758e-01 1.898548580479358060e-04 9.998097201074871432e-01
-2.201565557729940892e-01 1.974721926658743257e-04 9.998020989914555567e-01
-2.181996086105674748e-01 2.052400819994278439e-04 9.997943271782994135e-01
-2.162426614481408604e-01 2.131585260485970110e-04 9.997864046680189354e-01
-2.142857142857142461e-01 2.261889836884093709e-04 9.997733675564755007e-01
-2.123287671232876039e-01 2.402031561434259110e-04 9.997593461770840628e-01
-2.103718199608609618e-01 2.547284630035264331e-04 9.997448133431661166e-01
-2.084148727984343474e-01 2.697649042687100696e-04 9.997297690547217730e-01
-2.064579256360077331e-01 2.853124799389770375e-04 9.997142133117510321e-01
-2.045009784735811464e-01 3.013711900143275536e-04 9.996981461142544489e-01
-2.025440313111545321e-01 3.179410344947622685e-04 9.996815674622312464e-01
-2.005870841487279177e-01 3.350220133802798810e-04 9.996644773556819796e-01
-1.986301369863013033e-01 3.526141266708812585e-04 9.996468757946062045e-01
-1.966731898238747167e-01 3.707173743665659674e-04 9.996287627790044761e-01
-1.947162426614481023e-01 3.893317564673342245e-04 9.996101383088760173e-01
-1.927592954990214602e-01 4.084572729731860297e-04 9.995910023842218273e-01
-1.908023483365948458e-01 4.280939238841211664e-04 9.995713550050411289e-01
-1.888454011741682315e-01 4.482417092001400680e-04 9.995511961713340332e-01
-1.868884540117416448e-01 4.689006289212427347e-04 9.995305258831006512e-01
-1.849315068493149750e-01 4.900706830474291665e-04 9.995093441403412049e-01
-1.829745596868883606e-01 5.117518715786987128e-04 9.994876509430552503e-01
-1.810176125244617740e-01 5.339441945150518072e-04 9.994654462912433424e-01
-1.790606653620351596e-01 5.566476518564882330e-04 9.994427301849047041e-01
-1.771037181996085452e-01 5.798622436030086407e-04 9.994195026240402235e-01
-1.751467710371819031e-01 6.035879697546119461e-04 9.993957636086490126e-01
-1.731898238747552887e-01 6.278248303112990165e-04 9.993715131387319595e-01
-1.712328767123286744e-01 6.525728252730700688e-04 9.993467512142883979e-01
-1.692759295499020877e-01 6.778319546399238019e-04 9.993214778353185501e-01
-1.673189823874754734e-01 7.036022184118615169e-04 9.992956930018225270e-01
-1.653620352250488590e-01 7.298836165888825632e-04 9.992693967138001065e-01
-1.634050880626222724e-01 7.566761491709878083e-04 9.992425889712515108e-01
-1.614481409001956025e-01 7.839798161581766015e-04 9.992152697741767398e-01
-1.594911937377690159e-01 8.117946175504482925e-04 9.991874391225755714e-01
-1.575342465753424015e-01 3.346265899483585448e-03 9.966530252689518310e-01
-1.555772994129157316e-01 3.664303391922135635e-03 9.963350265286077256e-01
-1.536203522504891450e-01 3.961379147208959547e-03 9.960379739613034467e-01
-1.516634050880625306e-01 4.271736212888574760e-03 9.957276341672640640e-01
-1.497064579256359163e-01 4.602778011725491315e-03 9.953966063012724685e-01
-1.477495107632093296e-01 4.970863273290609605e-03 9.950285320157159497e-01
-1.457925636007827153e-01 5.338948534855726159e-03 9.946604577301592087e-01
-1.438356164383561009e-01 5.757965887118888203e-03 9.942414454634886933e-01
-1.418786692759294865e-01 6.180801638760506818e-03 9.938186143558331853e-01
-1.399217221135028999e-01 6.656988117074541002e-03 9.933424322545507668e-01
-1.379647749510762300e-01 7.146235280972264466e-03 9.928531894023323590e-01
-1.360078277886495879e-01 7.675163797681202812e-03 9.923242659244525532e-01
-1.340508806262229735e-01 8.258156749081695114e-03 9.917412790025972313e-01
-1.320939334637963869e-01 8.883002815190770007e-03 9.911164397329799147e-01
-1.301369863013697725e-01 9.549701996008434432e-03 9.904497481156009364e-01
-1.281800391389431582e-01 1.026248857759454181e-02 9.897369684002825796e-01
-1.262230919765165438e-01 1.102596242778083012e-02 9.889734991286662780e-01
-1.242661448140899433e-01 1.183557483826419565e-02 9.881638905818920238e-01
-1.223091976516633428e-01 1.269132580904463667e-02 9.873081427599601501e-01
-1.203522504892367284e-01 1.359828759869174258e-02 9.864011834338226592e-01
-1.183953033268100863e-01 1.458432135178819658e-02 9.854151516210551964e-01
-1.164383561643834719e-01 1.563008823124475977e-02 9.843693860461901757e-01
-1.144814090019568714e-01 1.673558823706142173e-02 9.832638867092284851e-01
-1.125244618395302570e-01 1.790082136923819983e-02 9.820986536101691255e-01
-1.105675146771036566e-01 1.916796236525223490e-02 9.808315124916260341e-01
-1.086105675146770005e-01 2.051583835977935366e-02 9.794836359779046653e-01
-1.066536203522504417e-01 2.194128486997980187e-02 9.780581885158224908e-01
-1.046966731898237857e-01 2.344430189585369750e-02 9.765551701053790667e-01
-1.027397260273972268e-01 2.506311742956699243e-02 9.749363544593259157e-01
-1.007827788649705292e-01 2.681125776252598833e-02 9.731882158895110990e-01
-9.882583170254388705e-02 2.868251209917766636e-02 9.713169649144943740e-01
-9.686888454011731431e-02 3.068458024693756017e-02 9.693149020702608309e-01
-9.491193737769067218e-02 3.281101648207561394e-02 9.671884722172972015e-01
-9.295499021526411332e-02 3.504592559156384513e-02 9.649535688993242655e-01
-9.099804305283745731e-02 3.740635179416867961e-02 9.625931490380761346e-01
-8.904109589041089845e-02 3.989497883640759357e-02 9.601045288025549240e-01
-8.708414872798424244e-02 4.251405079933459619e-02 9.574854638386479655e-01
-8.512720156555768358e-02 4.526304516584270937e-02 9.547364752037681424e-01
-8.317025440313102758e-02 4.814585488603109753e-02 9.518536703819819866e-01
-8.121330724070446871e-02 5.116471306188538626e-02 9.488348159935353632e-01
-7.925636007827781271e-02 5.432185279539182565e-02 9.456776786586738037e-01
-7.729941291585125385e-02 5.762462282399348490e-02 9.423749111687652613e-01
-7.534246575342459784e-02 6.107417951724537081e-02 9.389253564962398713e-01
-7.338551859099795571e-02 6.467304823011228720e-02 9.353264891115735669e-01
-7.142857142857129971e-02 6.842416593326591800e-02 9.315753720148963746e-01
-6.947162426614464370e-02 7.235826292172309326e-02 9.276412758020473603e-01
-6.751467710371808484e-02 7.648951210857848904e-02 9.235100279026805525e-01
-6.555772994129142883e-02 8.081579642782070472e-02 9.191837451863047459e-01
-6.360078277886486997e-02 8.534581183699399554e-02 9.146537318568190855e-01
-6.164383561643822090e-02 9.008825429364336612e-02 9.099112921181224944e-01
-5.968688845401166204e-02 9.505181975531315497e-02 9.049477301741146729e-01
-5.772994129158500604e-02 1.001776995055962405e-01 8.998218528556604090e-01
-5.577299412915844717e-02 1.054988787077257711e-01 8.945006758975073691e-01
-5.381604696673179117e-02 1.110232046862845989e-01 8.889763521107827415e-01
-5.185909980430523231e-02 1.167532113393426746e-01 8.832463475720047086e-01
-4.990215264187858324e-02 1.226914325649709758e-01 8.773081283576906753e-01
-4.794520547945192723e-02 1.288348318944880777e-01 8.711647309089703972e-01
-4.598825831702536837e-02 1.351537784522146568e-01 8.648457860637573935e-01
-4.403131115459871237e-02 1.416687068508925840e-01 8.583308591907725660e-01
-4.207436399217215350e-02 1.483792795261305031e-01 8.516202878278933408e-01
-4.011741682974550444e-02 1.552851589135378907e-01 8.447144095129949237e-01
-3.816046966731893864e-02 1.623860074487231686e-01 8.376135617839541858e-01
-3.620352250489228957e-02 1.696950561330488605e-01 8.303045138835077887e-01
-3.424657534246564050e-02 1.772280159634251340e-01 8.227715551083076839e-01
-3.228962818003898450e-02 1.849733691042521611e-01 8.150262030444570538e-01
-3.033268101761242563e-02 1.929333496710338713e-01 8.070662236012273727e-01
-2.837573385518577310e-02 2.011101917792760818e-01 7.988893826878871174e-01
-2.641878669275921077e-02 2.095061295444829441e-01 7.904934462137082063e-01
-2.446183953033255823e-02 2.180995741203113902e-01 7.819000029807725571e-01
-2.250489236790590569e-02 2.268914344309853615e-01 7.731081440857914266e-01
-2.054794520547934683e-02 2.358894994489034169e-01 7.641100805972385057e-01
-1.859099804305269429e-02 2.450933665730919420e-01 7.549062151332222026e-01
-1.663405088062613196e-02 2.545026332025757121e-01 7.454969503118520358e-01
-1.467710371819948116e-02 2.641168967363811682e-01 7.358826887512359693e-01
-1.272015655577291883e-02 2.738606554976225071e-01 7.261389315556765478e-01
-1.076320939334626803e-02 2.837830542469172990e-01 7.162165343199041745e-01
-8.806262230919707432e-03 2.938871581208830630e-01 7.061124319304943331e-01
-6.849315068493054028e-03 3.041729671195204654e-01 6.958266243874455803e-01
-4.892367906066493431e-03 3.146404812428288400e-01 6.853591116907584713e-01
-2.935420743639841328e-03 3.252867245178994171e-01 6.747128698043605155e-01
-9.784735812132805150e-04 3.361010738812144627e-01 6.638985217597070942e-01
9.784735812133715880e-04 3.470925053737402566e-01 6.529070915429233679e-01
2.935420743640114981e-03 3.582610189954765212e-01 6.417385791540092255e-01
4.892367906066675577e-03 3.696066147464223128e-01 6.303929845929655551e-01
6.849315068493328114e-03 3.811292926265789638e-01 6.188703078597912466e-01
8.806262230919889578e-03 3.927713526342220818e-01 6.072282489155303997e-01
1.076320939334654038e-02 4.044987755954991826e-01 5.955008269100506846e-01
1.272015655577310271e-02 4.163644412288156627e-01 5.836351621622288821e-01
1.467710371819975351e-02 4.283683495341727987e-01 5.716312546720634380e-01
1.663405088062631584e-02 4.405105005115693695e-01 5.594891044395556845e-01
1.859099804305296838e-02 4.527908941610064852e-01 5.472087114647044004e-01
2.054794520547952724e-02 4.651368799883561223e-01 5.348627264561736094e-01
2.250489236790617978e-02 4.775691714932651100e-01 5.224304358531504100e-01
2.446183953033274211e-02 4.901093839668023699e-01 5.098902243007352730e-01
2.641878669275939465e-02 5.027575174089693455e-01 4.972420917989273104e-01
2.837573385518604718e-02 5.155135718197652039e-01 4.844860383477271881e-01
3.033268101761260604e-02 5.283774082029848440e-01 4.716222029433992935e-01
3.228962818003926205e-02 5.412303268324270000e-01 4.587692853626900158e-01
3.424657534246582091e-02 5.541339748093609963e-01 4.458656384780785853e-01
3.620352250489246998e-02 5.670798663952375529e-01 4.329197480317286129e-01
3.816046966731912599e-02 5.800595158515049476e-01 4.199400997658046530e-01
4.011741682974577505e-02 5.930644374396134566e-01 4.069351794224699281e-01
4.207436399217233391e-02 6.060846545935596463e-01 3.939149635314874720e-01
4.403131115459898992e-02 6.191070970980067090e-01 3.808925221892508484e-01
4.598825831702554878e-02 6.321259778833482335e-01 3.678736425411224253e-01
4.794520547945220479e-02 6.451323289373434022e-01 3.548672925900646646e-01
4.990215264187876365e-02 6.581171822477486222e-01 3.418824403390419153e-01
5.185909980430541272e-02 6.710715698023226317e-01 3.289280537910159730e-01
5.381604696673206872e-02 6.839479763135136725e-01 3.160516482070855893e-01
5.577299412915862759e-02 6.967124094781005361e-01 3.032872158700434806e-01
5.772994129158528359e-02 7.093769055940818413e-01 2.906227204819697985e-01
5.968688845401184245e-02 7.219266360139792171e-01 2.780729906784530359e-01
6.164383561643849152e-02 7.343467720903160689e-01 2.656528550950792988e-01
6.360078277886505038e-02 7.466224851756138037e-01 2.533771423674368029e-01
6.555772994129170639e-02 7.587191524330798575e-01 2.412804756452665289e-01
6.751467710371826525e-02 7.706252577992764863e-01 2.293743709257528574e-01
6.947162426614492126e-02 7.823282582869059976e-01 2.176713711467948842e-01
7.142857142857148012e-02 7.938114387459738186e-01 2.061881914774549018e-01
7.338551859099813612e-02 8.050580840264888183e-01 1.949415470867933708e-01
7.534246575342477825e-02 8.160513927474187801e-01 1.839482393666724558e-01
7.729941291585143426e-02 8.267725334705611218e-01 1.732270995721743312e-01
7.925636007827809026e-02 8.372059085004976975e-01 1.627937255245469061e-01
8.121330724070464913e-02 8.473346428077228598e-01 1.526649922570893492e-01
8.317025440313130513e-02 8.571418613627335148e-01 1.428577748030996353e-01
8.512720156555786399e-02 8.666106891360226827e-01 1.333889481958772660e-01
8.708414872798452000e-02 8.757266905204297291e-01 1.242729479937780684e-01
8.904109589041107886e-02 8.844794383501786150e-01 1.155202012273400941e-01
9.099804305283773487e-02 8.928495741602080482e-01 1.071500664189673768e-01
9.295499021526429373e-02 9.008217962198059592e-01 9.917784526924180999e-02
9.491193737769093586e-02 9.083809538207787693e-01 9.161868845297037323e-02
9.686888454011750860e-02 9.155120472774480600e-01 8.448759561918814387e-02
9.882583170254415073e-02 9.222474989844697824e-01 7.775214464801798175e-02
1.007827788649707096e-01 9.286029458818498838e-01 7.139669875823202727e-02
1.027397260273973656e-01 9.345522804821650986e-01 6.544736531388170575e-02
1.046966731898240216e-01 9.400967692558159783e-01 5.990287789915837990e-02
1.066536203522505805e-01 9.452392962634775797e-01 5.476035251448523739e-02
1.086105675146772365e-01 9.499843631561004642e-01 5.001528757651680507e-02
1.105675146771037953e-01 9.543748461957218820e-01 4.562480612786964929e-02
1.125244618395304513e-01 9.584144988895970663e-01 4.158515482529182017e-02
1.144814090019570935e-01 9.621144875372762417e-01 3.788516741842757468e-02
1.164383561643837495e-01 9.654937118187898459e-01 3.450594415492154454e-02
1.183953033268103083e-01 9.685734135773855780e-01 3.142624311054081215e-02
1.203522504892369643e-01 9.713747180748184551e-01 2.862493898781476656e-02
1.223091976516635232e-01 9.738929789688159921e-01 2.610667870130744389e-02
1.242661448140901792e-01 9.761682006160603553e-01 2.383145752993937050e-02
1.262230919765167381e-01 9.782256016763581918e-01 2.177405681654046715e-02
1.281800391389433802e-01 9.800922145124612017e-01 1.990744420392581010e-02
1.301369863013700501e-01 9.817968851900653604e-01 1.820277363489619660e-02
1.320939334637966089e-01 9.833318405739566170e-01 1.666781823802389317e-02
1.340508806262232511e-01 9.846500579917957241e-01 1.534960066263302107e-02
1.360078277886498099e-01 9.858164424369306733e-01 1.418321594705592228e-02
1.379647749510764798e-01 9.868457823064056278e-01 1.315387570444732923e-02
1.399217221135030387e-01 9.877526430883742936e-01 1.224701445882277195e-02
1.418786692759296808e-01 9.885513673621044717e-01 1.144828964505825893e-02
1.438356164383562397e-01 9.893362007215722453e-01 1.066345597587573142e-02
1.457925636007828818e-01 9.901579540351259645e-01 9.841702734887360082e-03
1.477495107632094684e-01 9.910163570659540344e-01 8.983300128395727696e-03
1.497064579256361938e-01 9.919491580265407116e-01 8.050500054067197264e-03
1.516634050880628637e-01 9.929961473975371655e-01 7.003512151586633802e-03
1.536203522504894226e-01 9.938729510227006791e-01 6.126709694402821850e-03
1.555772994129160647e-01 9.944636719110591105e-01 5.535989297067660242e-03
1.575342465753426235e-01 9.949208284703126015e-01 5.078833011978726650e-03
1.594911937377692657e-01 9.953225339559197415e-01 4.677128599462475333e-03
1.614481409001958245e-01 9.956698527478204941e-01 4.329811815113208083e-03
1.634050880626224944e-01 9.959571425622563146e-01 4.042524939708786076e-03
1.653620352250490533e-01 9.962674303447138779e-01 3.732239470435085027e-03
1.673189823874756954e-01 9.966007341781744078e-01 3.398937665986731353e-03
1.692759295499022543e-01 9.969547690161171261e-01 3.044904342973281906e-03
1.712328767123289242e-01 9.972292857810425293e-01 2.770388371856435765e-03
1.731898238747554830e-01 9.974571069903401810e-01 2.542566997136780707e-03
1.751467710371821251e-01 9.976494707078134017e-01 2.350202841990502514e-03
1.771037181996087673e-01 9.978291953905732425e-01 2.170478385852166615e-03
1.790606653620353539e-01 9.979820630999107767e-01 2.017610933789148412e-03
1.810176125244619960e-01 9.981341374044248038e-01 1.865536989115706545e-03
1.829745596868885549e-01 9.982882359701319430e-01 1.711438893589642407e-03
1.849315068493151970e-01 9.984366504050333768e-01 1.563025017940881858e-03
1.868884540117418669e-01 9.985642991007568359e-01 1.435375241358193433e-03
1.888454011741685090e-01 9.986766904279728019e-01 1.322981824734260035e-03
1.908023483365950679e-01 9.987767181955301554e-01 1.222951758531065983e-03
1.927592954990217378e-01 9.988789981913127614e-01 1.120674234859349305e-03
1.947162426614482966e-01 9.989760297849681336e-01 1.023647328403666165e-03
1.966731898238749388e-01 9.990627608319211372e-01 9.369204551688964377e-04
1.986301369863014976e-01 9.991300510905239962e-01 8.696289203267903653e-04
2.005870841487281397e-01 9.991835980923964300e-01 8.160782693896716233e-04
2.025440313111548096e-01 9.992470651914127089e-01 7.526114305904116689e-04
2.045009784735813685e-01 9.993311967862441580e-01 6.684868576630237542e-04
2.064579256360080106e-01 9.994249172394970016e-01 5.747772476599822059e-04
2.084148727984345695e-01 9.994603309398336632e-01 5.393634191564094030e-04
2.103718199608612394e-01 9.994820939474964305e-01 5.175974615441564751e-04
2.123287671232877982e-01 9.995045422873123364e-01 4.951463006745314074e-04
2.142857142857144404e-01 9.995407223421475251e-01 4.589660074131689249e-04
2.162426614481409992e-01 9.995769023969827138e-01 4.227857141518081771e-04
2.181996086105676413e-01 9.996088585324721665e-01 3.908295905101625591e-04
2.201565557729942280e-01 9.996373398130102839e-01 3.623485277107116841e-04
2.221135029354208701e-01 9.996656070151290763e-01 3.340815481383025039e-04
2.240704500978475122e-01 9.996897861062262747e-01 3.099027713984472097e-04
2.260273972602741821e-01 9.997139651973230290e-01 2.857239946585916988e-04
2.279843444227008242e-01 9.997367451601479882e-01 2.629443544954989092e-04
2.299412915851273831e-01 9.997570928434813542e-01 2.425970082611131427e-04
2.318982387475540252e-01 9.997757749264581939e-01 2.239152722693781451e-04
2.338551859099806118e-01 9.997927914090789514e-01 2.068991465202958679e-04
2.358121330724072540e-01 9.998081422913434047e-01 1.915486310138641429e-04
2.377690802348338128e-01 9.998236762726575577e-01 1.760150181744010722e-04
2.397260273972604550e-01 9.998399736037155705e-01 1.597180547438519123e-04
2.416829745596870138e-01 9.998558096329068778e-01 1.438823977446693561e-04
2.436399217221136837e-01 9.998711843602311466e-01 1.285080471768521027e-04
2.455968688845402426e-01 9.998860977856884880e-01 1.135950030404014530e-04
2.475538160469668847e-01 9.998933686967825807e-01 1.063245270100277202e-04
2.495107632093934436e-01 9.998908059485025479e-01 1.088877791018355665e-04
2.514677103718200857e-01 9.998831244423440623e-01 1.165698255318711220e-04
2.534246575342467556e-01 9.998703241783065687e-01 1.293706663001339529e-04
2.553816046966733144e-01 9.998524051563906223e-01 1.472903014066242761e-04
2.573385518590999843e-01 9.998465800611965326e-01 1.531159262431380699e-04
2.592954990215265432e-01 9.998579514802122814e-01 1.417449177469175953e-04
2.612524461839531575e-01 9.998753186373752211e-01 1.243781300722924220e-04
2.632093933463798274e-01 9.998986815326856847e-01 1.010155632192638511e-04
2.651663405088064973e-01 9.999280401661433393e-01 7.165721718782928039e-05
2.671232876712330562e-01 9.999461771690145717e-01 5.351876440899011080e-05
2.690802348336597261e-01 9.999520932972871812e-01 4.759984313728584868e-05
2.710371819960862849e-01 9.999580094255597906e-01 4.168092186558158656e-05
2.729941291585128993e-01 9.999639255538324001e-01 3.576200059387732444e-05
2.749510763209394582e-01 9.999695890957747135e-01 3.009588539237763490e-05
2.769080234833661280e-01 9.999714161158592685e-01 2.826962966937548831e-05
2.788649706457926869e-01 9.999732431359440454e-01 2.644337394637290804e-05
2.808219178082193568e-01 9.999750701560286004e-01 2.461711822337054462e-05
2.827788649706459712e-01 9.999768582587977850e-01 2.282980847585313992e-05
2.847358121330726410e-01 9.999758178172987177e-01 2.387312605126859152e-05
2.866927592954990889e-01 9.999747773757992064e-01 2.491644362668425997e-05
2.886497064579257588e-01 9.999737369342999171e-01 2.595976120209949473e-05
2.906066536203524286e-01 9.999726964928008499e-01 2.700307877751494633e-05
2.925636007827790430e-01 9.999792754690668417e-01 2.042140915421188085e-05
2.945205479452055464e-01 9.999861277418478078e-01 1.356624324929832023e-05
2.964774951076322163e-01 9.999929800146287739e-01 6.711077344384109092e-06
2.984344422700589416e-01 9.999998322874099621e-01 -1.440885605298852096e-07
3.003913894324856115e-01 9.999839608837606253e-01 1.573787869269980752e-05
3.023483365949122259e-01 9.999660374332259849e-01 3.367310803240020599e-05
3.043052837573387293e-01 9.999481139826913445e-01 5.160833737209930341e-05
3.062622309197653436e-01 9.999301905321567041e-01 6.954356671180013556e-05
3.082191780821920135e-01 9.999413675288113534e-01 5.836442851473583326e-05
3.101761252446186834e-01 9.999569322601387089e-01 4.279545674936813086e-05
3.121330724070451312e-01 9.999724969914661754e-01 2.722648498400151267e-05
3.140900195694718011e-01 9.999880617227938640e-01 1.165751321863337658e-05
3.160469667318984155e-01 9.999891994990330879e-01 1.050880139903047177e-05
3.180039138943250854e-01 9.999871870627692338e-01 1.250884015790076562e-05
3.199608610567515332e-01 9.999851746265056018e-01 1.450887891677084263e-05
3.219178082191782031e-01 9.999831621902418588e-01 1.650891767564113648e-05
3.238747553816049285e-01 9.999864306639693057e-01 1.324573729783742014e-05
3.258317025440315429e-01 9.999912536521368134e-01 8.433250045872427159e-06
3.277886497064582683e-01 9.999960766403043211e-01 3.620762793907000496e-06
3.297455968688846606e-01 1.000000899628471940e+00 -1.191724458057558805e-06
3.317025440313113860e-01 9.999983041435995812e-01 1.401183177337280567e-06
3.336594911937379448e-01 9.999928860142199838e-01 6.811759232174538839e-06
3.356164383561646702e-01 9.999874678848403864e-01 1.222233528701179711e-05
3.375733855185910626e-01 9.999820497554607890e-01 1.763291134184883854e-05
3.395303326810177880e-01 9.999887667670026570e-01 1.092421600375702816e-05
3.414872798434443468e-01 1.000001295178419181e+00 -1.588279447645862819e-06
3.434442270058711277e-01 1.000013823589835704e+00 -1.410077489904897063e-05
3.454011741682974646e-01 1.000026352001252228e+00 -2.661327035045099425e-05
3.473581213307242455e-01 1.000010059865209300e+00 -1.033759128239567816e-05
3.493150684931508043e-01 9.999766945344801261e-01 2.299210485211451195e-05
3.512720156555775297e-01 9.999433292037506193e-01 5.632180098662491891e-05
3.532289628180040886e-01 9.999099638730213346e-01 8.965149712113532586e-05
3.551859099804306474e-01 9.999121846115810452e-01 8.742483664482569340e-05
3.571428571428574283e-01 9.999401972422475859e-01 5.942781906716600518e-05
3.590998043052839872e-01 9.999682098729141266e-01 3.143080148950653380e-05
3.610567514677107126e-01 9.999962225035805563e-01 3.433783911846628734e-06
3.630136986301371049e-01 9.999982377320846272e-01 1.414840909441618041e-06
3.649706457925638303e-01 9.999984874371583565e-01 1.160108771142099801e-06
3.669275929549903892e-01 9.999987371422324189e-01 9.053766328421478798e-07
3.688845401174171146e-01 9.999987210094540835e-01 9.260779401524307092e-07
3.708414872798435069e-01 9.999985663162264116e-01 1.090341128263038958e-06
3.727984344422702323e-01 9.999984116229987396e-01 1.254604316373647208e-06
3.747553816046967912e-01 9.999983538656183057e-01 1.318753409144252098e-06
3.767123287671235721e-01 9.999984553957088629e-01 1.218392453177039730e-06
3.786692759295501309e-01 9.999985569257991980e-01 1.118031497209393682e-06
3.806262230919766898e-01 9.999986584558896441e-01 1.017670541242181315e-06
3.825831702544032487e-01 9.999987599859798681e-01 9.173095852747521067e-07
3.845401174168299741e-01 9.999988615160704253e-01 8.169486293073228989e-07
3.864970645792565329e-01 9.999989630461606493e-01 7.165876733401105314e-07
3.884540117416830918e-01 9.999989923989986984e-01 6.845880462760974006e-07
3.904109589041098727e-01 9.999990059342442894e-01 6.675697548851836777e-07
3.923679060665364315e-01 9.999990194694898804e-01 6.505514634940531143e-07
3.943248532289631569e-01 9.999990330047352494e-01 6.335331721035730723e-07
3.962818003913895493e-01 9.999990465399810624e-01 6.165148807126593494e-07
3.982387475538162747e-01 9.999990600752265424e-01 5.994965893219624670e-07
4.001956947162428335e-01 9.999990854064504386e-01 5.715933603541150515e-07
4.021526418786695589e-01 9.999991439365949475e-01 5.130552690009101968e-07
4.041095890410961178e-01 9.999992024667396784e-01 4.545171776479221826e-07
4.060665362035226766e-01 9.999992609968841872e-01 3.959790862945004875e-07
4.080234833659492910e-01 9.999993195270286961e-01 3.374409949412956328e-07
4.099804305283760164e-01 9.999993780571732049e-01 2.789029035883076185e-07
4.119373776908025753e-01 9.999994365873177138e-01 2.203648122348859234e-07
4.138943248532291341e-01 9.999996252326078805e-01 3.389747639005735724e-08
4.158512720156556930e-01 9.999999119281423043e-01 -2.489728845235950755e-07
4.178082191780824184e-01 1.000000249517986717e+00 -5.818825437463488737e-07
4.197651663405089772e-01 1.000000638002140452e+00 -9.648315012790713990e-07
4.217221135029355361e-01 1.000001077380604064e+00 -1.397819757121654231e-06
4.236790606653620950e-01 1.000001567653377554e+00 -1.880847311272796328e-06
4.256360078277888759e-01 1.000002108820460700e+00 -2.413914163733907152e-06
4.275929549902154347e-01 1.000002700881853279e+00 -2.997020314504444602e-06
4.295499021526421601e-01 1.000003343837556180e+00 -3.630165763584083417e-06
4.315068493150687190e-01 1.000004037687568292e+00 -4.313350510973582540e-06
4.334637964774952779e-01 1.000004782431890282e+00 -5.046574556672291448e-06
4.354207436399220033e-01 1.000005578070522372e+00 -5.829837900680535402e-06
4.373776908023486176e-01 1.000006424603463673e+00 -6.663140542998314403e-06
4.393346379647751765e-01 1.000004465102527718e+00 -4.720311175654846175e-06
4.412915851272017354e-01 9.999999909570910228e-01 -2.896021602392028979e-07
4.432485322896284607e-01 9.999948585158853209e-01 4.792622695827400761e-06
4.452054794520550196e-01 9.999890677789113891e-01 1.052636339254442270e-05
4.471624266144815785e-01 9.999826187461686722e-01 1.691161992991164608e-05
4.491193737769081373e-01 9.999755114176570592e-01 2.394839230792961300e-05
4.510763209393348627e-01 9.999677457933769942e-01 3.163668052659843188e-05
4.530332681017614216e-01 9.999593218733280331e-01 3.997648458591799431e-05
4.549902152641882025e-01 9.999502396575107310e-01 4.896780448588819185e-05
4.569471624266145393e-01 9.999404991459245329e-01 5.861064022650783190e-05
4.589041095890413202e-01 9.999301003385693276e-01 6.890499180777908284e-05
4.608610567514678791e-01 9.999190432354458924e-01 7.985085922970129417e-05
4.628180039138946045e-01 9.999073278365535611e-01 9.144824249227370694e-05
4.647749510763211633e-01 9.999008652116324614e-01 9.783413383302949629e-05
4.667318982387477222e-01 9.999017203432740697e-01 9.696034070822150304e-05
4.686888454011745031e-01 9.999037614585200018e-01 9.490877959621646029e-05
4.706457925636010620e-01 9.999069885573703687e-01 9.167945049701447646e-05
4.726027397260276208e-01 9.999114016398249483e-01 8.727235341061555154e-05
4.745596868884541797e-01 9.999170007058835186e-01 8.168748833701990238e-05
4.765166340508809051e-01 9.999237857555467457e-01 7.492485527622698687e-05
4.784735812133074639e-01 9.999317567888144076e-01 6.698445422823691344e-05
4.804305283757341893e-01 9.999409138056860602e-01 5.786628519305000735e-05
4.823874755381605817e-01 9.999512568061621476e-01 4.757034817066702753e-05
4.843444227005873071e-01 9.999627857902424477e-01 3.609664316108623927e-05
4.863013698630138659e-01 9.999755007579270716e-01 2.344517016430850993e-05
4.882583170254406468e-01 9.999894017092160192e-01 9.615929180333622657e-06
4.902152641878670392e-01 1.000000212159091184e+00 -1.136581946759333481e-06
4.921722113502937646e-01 1.000003248540218603e+00 -4.152876034882978240e-06
4.941291585127203234e-01 1.000005685482712181e+00 -6.570695464426187272e-06
4.960861056751470488e-01 1.000007522986571917e+00 -8.390040235389285839e-06
4.980430528375734411e-01 1.000008761051797812e+00 -9.610910347771623417e-06
5.000000000000002220e-01 1.000009399678389643e+00 -1.023330580157374211e-05
