5.000000000000000000e-01 -0.000000000000000000e+00
4.980430528375733301e-01 -1.097265585813804222e-11
4.960861056751467713e-01 -5.046248814065468745e-12
4.941291585127201569e-01 -4.809694235558859032e-12
4.921722113502935980e-01 -4.889217685731692949e-12
4.902152641878669281e-01 1.463164290779745934e-12
4.882583170254402583e-01 8.498581903394668665e-12
4.863013698630136994e-01 1.553401195904670420e-11
4.843444227005870295e-01 2.256940468558740355e-11
4.823874755381604706e-01 1.004385779606622054e-11
4.804305283757338563e-01 -7.129860264283177061e-12
4.784735812133071864e-01 -2.430356588159546368e-11
4.765166340508806275e-01 -4.147728394194486289e-11
4.745596868884539576e-01 -5.865097711622004014e-11
4.726027397260273988e-01 -7.582468273353232030e-11
4.706457925636007844e-01 -9.299840079388172921e-11
4.686888454011742255e-01 -1.101721064111940094e-10
4.667318982387475557e-01 -9.649703442429887979e-11
4.647749510763208858e-01 -6.359155965914363904e-11
4.628180039138943269e-01 -3.068607245095128247e-11
4.608610567514677125e-01 2.219414757241070063e-12
4.589041095890410982e-01 3.512488952239631484e-11
4.569471624266144838e-01 6.803038917362577432e-11
4.549902152641878139e-01 1.009358639387810151e-10
4.530332681017612551e-01 1.338413760330475904e-10
4.510763209393345852e-01 1.667468507982028440e-10
4.491193737769080263e-01 1.996523380063951877e-10
4.471624266144814119e-01 2.325578127715504414e-10
4.452054794520547421e-01 2.654632999797427592e-10
4.432485322896281832e-01 2.983687871879351545e-10
4.412915851272015133e-01 3.312742619530903565e-10
4.393346379647749544e-01 3.641797491612827518e-10
4.373776908023483401e-01 3.970852363694750955e-10
4.354207436399216702e-01 4.167477484974695232e-10
4.334637964774951113e-01 3.925715246576622976e-10
4.315068493150684414e-01 3.683953008178551237e-10
4.295499021526418826e-01 3.442190645350108082e-10
4.275929549902152127e-01 3.200428158091293509e-10
4.256360078277886538e-01 2.958665795262850354e-10
4.236790606653620395e-01 2.716903556864778615e-10
4.217221135029353696e-01 2.475141194036335459e-10
4.197651663405088107e-01 2.233378955638263462e-10
4.178082191780821408e-01 1.991616592809820306e-10
4.158512720156555820e-01 1.749854105551005992e-10
4.138943248532289676e-01 1.508091742722562836e-10
4.119373776908022977e-01 1.266329504324490839e-10
4.099804305283757389e-01 1.024567265926418842e-10
4.080234833659490690e-01 7.828047786676046570e-11
4.060665362035224546e-01 5.410425402695325950e-11
4.041095890410958957e-01 2.992801774410894393e-11
4.021526418786692814e-01 5.751781461264632402e-12
4.001956947162426670e-01 -1.842445482157968074e-11
3.982387475538159971e-01 -4.260069110442399631e-11
3.962818003913894382e-01 -6.677691494423119604e-11
3.943248532289627684e-01 -9.095316367011261452e-11
3.923679060665361540e-01 -1.151293999529569301e-10
3.904109589041095951e-01 -1.393056237927641298e-10
3.884540117416829252e-01 -1.634818600756084454e-10
3.864970645792563664e-01 -1.876580963584527610e-10
3.845401174168296965e-01 -2.118343326412970765e-10
3.825831702544030821e-01 -2.360105564811042504e-10
3.806262230919765233e-01 -2.601867927639485660e-10
3.786692759295498534e-01 -2.843630290467928815e-10
3.767123287671232945e-01 -3.085392653296371971e-10
3.747553816046966246e-01 -3.327155140555186544e-10
3.727984344422700103e-01 -3.568917378953258282e-10
3.708414872798433959e-01 -4.496091873542909056e-10
3.688845401174168370e-01 -6.215035359595268265e-10
3.669275929549902227e-01 -7.933978845647628508e-10
3.649706457925635528e-01 -9.652922456130358100e-10
3.630136986301369384e-01 -1.137186619104346118e-09
3.610567514677103240e-01 -1.309080967709582142e-09
3.590998043052837096e-01 -1.480975328757855205e-09
3.571428571428571508e-01 -1.652869677363091022e-09
3.551859099804304809e-01 -1.824764038411364292e-09
3.532289628180038665e-01 -1.996658387016600316e-09
3.512720156555772522e-01 -2.168552748064873378e-09
3.493150684931506378e-01 -2.340447109113146441e-09
3.473581213307240789e-01 -2.512341470161419504e-09
3.454011741682974090e-01 -2.684235818766655321e-09
3.434442270058708502e-01 -2.856130179814928384e-09
3.414872798434441803e-01 -3.028024528420164615e-09
3.395303326810175659e-01 -3.199918889468437677e-09
3.375733855185909515e-01 -3.371813238073673495e-09
3.356164383561643372e-01 -3.543707599121946558e-09
3.336594911937377783e-01 -3.715601960170219620e-09
3.317025440313111084e-01 -3.887496321218492683e-09
3.297455968688844941e-01 -4.059390669823728914e-09
3.277886497064578797e-01 -4.231285030872001563e-09
3.258317025440312653e-01 -4.403179379477237794e-09
3.238747553816047065e-01 -4.575073740525510443e-09
3.219178082191780366e-01 -4.746968101573783919e-09
3.199608610567514777e-01 -4.918862462622056568e-09
3.180039138943248078e-01 -5.090756811227292799e-09
3.160469667318981379e-01 -5.262651172275566275e-09
3.140900195694715791e-01 -5.434545533323838924e-09
3.121330724070449647e-01 -5.606439881929075156e-09
3.101761252446184058e-01 -5.778334230534311387e-09
3.082191780821917360e-01 -5.950228591582584036e-09
3.062622309197651216e-01 -6.122122965073893930e-09
3.043052837573385072e-01 -6.294017313679130161e-09
3.023483365949118928e-01 -6.465911674727403637e-09
3.003913894324852785e-01 -6.637806023332639041e-09
2.984344422700586641e-01 -6.809700371937875272e-09
2.964774951076320497e-01 -6.981594732986148748e-09
2.945205479452054353e-01 -7.153489094034421397e-09
2.925636007827788210e-01 -8.098617895731470987e-09
2.906066536203522066e-01 -9.823195477000104893e-09
2.886497064579256477e-01 -1.154777305826873880e-08
2.866927592954989779e-01 -1.327235063953737271e-08
2.847358121330723080e-01 -1.499692823324904303e-08
2.827788649706456936e-01 -1.672150580207463887e-08
2.808219178082191347e-01 -1.844608337090023470e-08
2.788649706457925204e-01 -2.017066096461190668e-08
2.769080234833659060e-01 -2.189523853343750251e-08
2.749510763209392916e-01 -2.361981611470613807e-08
2.729941291585126772e-01 -2.534439369597477033e-08
2.710371819960860629e-01 -2.706897128968644230e-08
2.690802348336594485e-01 -2.879354885851203814e-08
2.671232876712328341e-01 -3.051812643978067370e-08
2.651663405088062198e-01 -3.224270402104930926e-08
2.632093933463796054e-01 -3.396728160231793820e-08
2.612524461839529355e-01 -3.569185918358657377e-08
2.592954990215263211e-01 -3.741643676485520933e-08
2.573385518590997623e-01 -3.914101434612383827e-08
2.553816046966731479e-01 -4.086559192739247383e-08
2.534246575342465335e-01 -4.503175704524313442e-08
2.514677103718199191e-01 -5.149729725798367674e-08
2.495107632093933048e-01 -5.796283748316725878e-08
2.475538160469666626e-01 -6.442837770835084082e-08
2.455968688845400483e-01 -7.089391792109138314e-08
2.436399217221134617e-01 -7.735945813383193869e-08
2.416829745596868473e-01 -8.382499835901551412e-08
2.397260273972602329e-01 -9.029053857175605643e-08
2.377690802348336185e-01 -9.675607879693964510e-08
2.358121330724069764e-01 -1.032216190221232205e-07
2.338551859099803620e-01 -1.096871592348637761e-07
2.318982387475537754e-01 -1.161526994476043184e-07
2.299412915851271055e-01 -1.226182396727879071e-07
2.279843444227005189e-01 -1.290837798979714825e-07
2.260273972602739045e-01 -1.355493201107120380e-07
2.240704500978472902e-01 -1.420148603358956135e-07
2.221135029354206758e-01 -1.484804005486361425e-07
2.201565557729940892e-01 -1.549459407738197444e-07
2.181996086105674748e-01 -1.614114809865602735e-07
2.162426614481408604e-01 -1.678770212117438754e-07
2.142857142857142461e-01 -1.978345518863219453e-07
2.123287671232876039e-01 -2.484581608207605645e-07
2.103718199608609618e-01 -2.990817697551991308e-07
2.084148727984343474e-01 -3.497053786896377500e-07
2.064579256360077331e-01 -4.003289876489624089e-07
2.045009784735811464e-01 -4.389228869789599722e-07
2.025440313111545321e-01 -4.629998152084233298e-07
2.005870841487279177e-01 -4.870767434503297072e-07
1.986301369863013033e-01 -5.111536716797931178e-07
1.966731898238747167e-01 -5.352305999092564224e-07
1.947162426614481023e-01 -5.648347698190230476e-07
1.927592954990214602e-01 -6.036782412969902802e-07
1.908023483365948458e-01 -6.425217127874004269e-07
1.888454011741682315e-01 -6.813651842778105735e-07
1.868884540117416448e-01 -7.202086557682208260e-07
1.849315068493149750e-01 -7.650578215840320559e-07
1.829745596868883606e-01 -8.242276213856345286e-07
1.810176125244617740e-01 -8.833974211996800211e-07
1.790606653620351596e-01 -9.425672210137256195e-07
1.771037181996085452e-01 -1.001737020802885072e-06
1.751467710371819031e-01 -1.070556332847209085e-06
1.731898238747552887e-01 -1.184506429051265584e-06
1.712328767123286744e-01 -1.315280726205023156e-06
1.692759295499020877e-01 -1.462879224345811390e-06
1.673189823874754734e-01 -1.627301923423857782e-06
1.653620352250488590e-01 -1.804573466048995924e-06
1.634050880626222724e-01 -1.967497251343606634e-06
1.614481409001956025e-01 -2.136182871239783374e-06
1.594911937377690159e-01 -2.310630325737526568e-06
1.575342465753424015e-01 -2.490839614849279555e-06
1.555772994129157316e-01 -2.674621722331663801e-06
1.536203522504891450e-01 -2.861314974319181424e-06
1.516634050880625306e-01 -3.052266700667732901e-06
1.497064579256359163e-01 -3.247476901339989490e-06
1.477495107632093296e-01 -3.446945576373280357e-06
1.457925636007827153e-01 -3.663628614523211608e-06
1.438356164383561009e-01 -3.889288438497766494e-06
1.418786692759294865e-01 -4.123880801280043220e-06
1.399217221135028999e-01 -4.367405702857599296e-06
1.379647749510762300e-01 -4.628728146919189641e-06
1.360078277886495879e-01 -4.916932900600076052e-06
1.340508806262229735e-01 -5.222422731874312221e-06
1.320939334637963869e-01 -5.545197640741896451e-06
1.301369863013697725e-01 -5.885257627177944609e-06
1.281800391389431582e-01 -6.536461299460787956e-06
1.262230919765165438e-01 -7.448407272638426343e-06
1.242661448140899433e-01 -8.622274236010146338e-06
1.223091976516633428e-01 -9.569791924240818431e-06
1.203522504892367284e-01 -1.002266783209894951e-05
1.183953033268100863e-01 -1.016351960905583097e-05
1.164383561643834719e-01 -1.067705822415788767e-05
1.144814090019568714e-01 -1.143144885687614772e-05
1.125244618395302570e-01 -1.227384586706076081e-05
1.105675146771036566e-01 -1.313360299089420841e-05
1.086105675146770005e-01 -1.405848965726610241e-05
1.066536203522504417e-01 -1.502930470370171264e-05
1.046966731898237857e-01 -1.603679881440191085e-05
1.027397260273972268e-01 -1.706522794777578429e-05
1.007827788649705292e-01 -1.810065845283338453e-05
9.882583170254388705e-02 -1.915576062794497627e-05
9.686888454011731431e-02 -2.029274751118120723e-05
9.491193737769067218e-02 -2.148045592206550655e-05
9.295499021526411332e-02 -2.274715024037320314e-05
9.099804305283745731e-02 -2.408730003649300059e-05
8.904109589041089845e-02 -2.549280821443703559e-05
8.708414872798424244e-02 -2.695509220855798397e-05
8.512720156555768358e-02 -2.847902170117241042e-05
8.317025440313102758e-02 -3.007264832565364319e-05
8.121330724070446871e-02 -3.173335853726671877e-05
7.925636007827781271e-02 -3.345906677914234161e-05
7.729941291585125385e-02 -3.524645643682333587e-05
7.534246575342459784e-02 -3.709518550562049103e-05
7.338551859099795571e-02 -3.900389228846198213e-05
7.142857142857129971e-02 -4.097121508827598419e-05
6.947162426614464370e-02 -4.300112599091690161e-05
6.751467710371808484e-02 -4.509639933629165128e-05
6.555772994129142883e-02 -4.725384414649240190e-05
6.360078277886486997e-02 -4.947345066311707962e-05
6.164383561643822090e-02 -5.175520912778847944e-05
5.968688845401166204e-02 -5.409878367456487375e-05
5.772994129158500604e-02 -5.650403785327551330e-05
5.577299412915844717e-02 -5.897105733541298971e-05
5.381604696673179117e-02 -6.149977776041305483e-05
5.185909980430523231e-02 -6.409013476766171598e-05
4.990215264187858324e-02 -6.673814551570503273e-05
4.794520547945192723e-02 -6.944311417722834670e-05
4.598825831702536837e-02 -7.220571528897476985e-05
4.403131115459871237e-02 -7.502530854859230968e-05
4.207436399217215350e-02 -7.790125365361698915e-05
4.011741682974550444e-02 -8.083139479334402501e-05
3.816046966731893864e-02 -8.381512739167050518e-05
3.620352250489228957e-02 -8.685196818213842336e-05
3.424657534246564050e-02 -8.994107911825975285e-05
3.228962818003898450e-02 -9.308162215362111424e-05
3.033268101761242563e-02 -9.627036477932034121e-05
2.837573385518577310e-02 -9.950645923982263518e-05
2.641878669275921077e-02 -1.027887775254416198e-04
2.446183953033255823e-02 -1.061157843189138483e-04
2.250489236790590569e-02 -1.094858726059533824e-04
2.054794520547934683e-02 -1.128973636751709377e-04
1.859099804305269429e-02 -1.163485071181672337e-04
1.663405088062613196e-02 -1.198374808295080298e-04
1.467710371819948116e-02 -1.233623910067055450e-04
1.272015655577291883e-02 -1.269212721501810802e-04
1.076320939334626803e-02 -1.305266374658572851e-04
8.806262230919707432e-03 -1.341685701990797861e-04
6.849315068493054028e-03 -1.378458908084874326e-04
4.892367906066493431e-03 -1.415577186740331263e-04
2.935420743639841328e-03 -1.453032025940020411e-04
9.784735812132805150e-04 -1.490815207849307416e-04
-9.784735812133715880e-04 -1.528918808817751802e-04
-2.935420743640114981e-03 -1.567335199376867279e-04
-4.892367906066675577e-03 -1.606057044242361167e-04
-6.849315068493328114e-03 -1.645060328986645327e-04
-8.806262230919889578e-03 -1.684201311206651511e-04
-1.076320939334654038e-02 -1.723564174380071493e-04
-1.272015655577310271e-02 -1.763132406252298828e-04
-1.467710371819975351e-02 -1.802889106399846897e-04
-1.663405088062631584e-02 -1.842816986229168477e-04
-1.859099804305296838e-02 -1.882898368977462932e-04
-2.054794520547952724e-02 -1.923115189712490273e-04
-2.250489236790617978e-02 -1.963448995332757907e-04
-2.446183953033274211e-02 -2.003880944566898315e-04
-2.641878669275939465e-02 -2.044473965728776075e-04
-2.837573385518604718e-02 -2.085428178155774757e-04
-3.033268101761260604e-02 -2.126555153583034390e-04
-3.228962818003926205e-02 -2.167854829974113725e-04
-3.424657534246582091e-02 -2.209327985656786900e-04
-3.620352250489246998e-02 -2.250976239324536119e-04
-3.816046966731912599e-02 -2.292802050035867519e-04
-4.011741682974577505e-02 -2.334808717214684952e-04
-4.207436399217233391e-02 -2.377000380649729717e-04
-4.403131115459898992e-02 -2.419382020495264426e-04
-4.598825831702554878e-02 -2.461658514723037011e-04
-4.794520547945220479e-02 -2.503507949624982141e-04
-4.990215264187876365e-02 -2.545251874108869056e-04
-5.185909980430541272e-02 -2.586851170997938720e-04
-5.381604696673206872e-02 -2.628264720605830271e-04
-5.577299412915862759e-02 -2.669449400737018501e-04
-5.772994129158528359e-02 -2.710360086685381078e-04
-5.968688845401184245e-02 -2.750949651236315454e-04
-6.164383561643849152e-02 -2.791168964665058350e-04
-6.360078277886505038e-02 -2.830966894736996380e-04
-6.555772994129170639e-02 -2.871439196750937960e-04
-6.751467710371826525e-02 -2.912820006722250461e-04
-6.947162426614492126e-02 -2.954341232567249940e-04
-7.142857142857148012e-02 -2.996021296882516154e-04
-7.338551859099813612e-02 -3.037878622264191387e-04
-7.534246575342477825e-02 -3.079931631308853771e-04
-7.729941291585143426e-02 -3.122198746612460190e-04
-7.925636007827809026e-02 -3.163454188461094284e-04
-8.121330724070464913e-02 -3.203530669490245583e-04
-8.317025440313130513e-02 -3.243240777116112011e-04
-8.512720156555786399e-02 -3.282843863714701672e-04
-8.708414872798452000e-02 -3.322224899332806500e-04
-8.904109589041107886e-02 -3.361326745376281731e-04
-9.099804305283773487e-02 -3.400100774297918726e-04
-9.295499021526429373e-02 -3.438581154919826766e-04
-9.491193737769093586e-02 -3.476639425423340662e-04
-9.686888454011750860e-02 -3.514331223998824467e-04
-9.882583170254415073e-02 -3.551656550646090072e-04
-1.007827788649707096e-01 -3.588615405365293601e-04
-1.027397260273973656e-01 -3.625207788156373256e-04
-1.046966731898240216e-01 -3.661098236751803492e-04
-1.066536203522505805e-01 -3.696494017210572957e-04
-1.086105675146772365e-01 -3.731406883926391654e-04
-1.105675146771037953e-01 -3.765836836899289939e-04
-1.125244618395304513e-01 -3.799783876129236371e-04
-1.144814090019570935e-01 -3.832784130300061101e-04
-1.164383561643837495e-01 -3.865095597030301748e-04
-1.183953033268103083e-01 -3.896754052570649651e-04
-1.203522504892369643e-01 -3.927759496921292377e-04
-1.223091976516635232e-01 -3.958111930082073801e-04
-1.242661448140901792e-01 -3.987237813529257986e-04
-1.262230919765167381e-01 -4.015417207669367996e-04
-1.281800391389433802e-01 -4.042720876021041270e-04
-1.301369863013700501e-01 -4.069148818584339606e-04
-1.320939334637966089e-01 -4.094701035359325889e-04
-1.340508806262232511e-01 -4.118775003478077827e-04
-1.360078277886498099e-01 -4.141476898404720898e-04
-1.379647749510764798e-01 -4.162833934119385907e-04
-1.399217221135030387e-01 -4.182777830467703222e-04
-1.418786692759296808e-01 -4.201240307295444156e-04
-1.438356164383562397e-01 -4.218153084448317139e-04
-1.457925636007828818e-01 -4.233447881772155284e-04
-1.477495107632094684e-01 -4.247056419112605220e-04
-1.497064579256361938e-01 -4.258910416315468618e-04
-1.516634050880628637e-01 -4.268941593226516793e-04
-1.536203522504894226e-01 -4.276389617528049869e-04
-1.555772994129160647e-01 -4.281368826435571150e-04
-1.575342465753426235e-01 -4.283987859716905907e-04
-1.594911937377692657e-01 -4.284145660190681040e-04
-1.614481409001958245e-01 -4.281741170675468157e-04
-1.634050880626224944e-01 -4.276673333989941322e-04
-1.653620352250490533e-01 -4.268841092952704126e-04
-1.673189823874756954e-01 -4.258143390382391059e-04
-1.692759295499022543e-01 -4.244479169097621976e-04
-1.712328767123289242e-01 -4.227481028326971358e-04
-1.731898238747554830e-01 -4.207069041359235936e-04
-1.751467710371821251e-01 -4.183247898227104096e-04
-1.771037181996087673e-01 -4.155903947300427300e-04
-1.790606653620353539e-01 -4.124923536949078148e-04
-1.810176125244619960e-01 -4.090193015542903767e-04
-1.829745596868885549e-01 -4.051598731451789767e-04
-1.849315068493151970e-01 -4.009027033045555084e-04
-1.868884540117418669e-01 -3.965024420720226713e-04
-1.888454011741685090e-01 -3.921091996132512985e-04
-1.908023483365950679e-01 -3.874974795142124015e-04
-1.927592954990217378e-01 -3.826773383873282989e-04
-1.947162426614482966e-01 -3.776588328450214177e-04
-1.966731898238749388e-01 -3.724520194997141308e-04
-1.986301369863014976e-01 -3.673852664164759777e-04
-2.005870841487281397e-01 -3.624244848270361278e-04
-2.025440313111548096e-01 -3.575258116110070013e-04
-2.045009784735813685e-01 -3.527258394730737592e-04
-2.064579256360080106e-01 -3.481494993501513062e-04
-2.084148727984345695e-01 -3.438355735867511384e-04
-2.103718199608612394e-01 -3.398164911145954976e-04
-2.123287671232877982e-01 -3.361424649118520121e-04
-2.142857142857144404e-01 -3.323670110964965221e-04
-2.162426614481409992e-01 -3.285280645915857924e-04
-2.181996086105676413e-01 -3.246724638035055547e-04
-2.201565557729942280e-01 -3.208304216820525331e-04
-2.221135029354208701e-01 -3.172923938057533580e-04
-2.240704500978475122e-01 -3.139292816472959895e-04
-2.260273972602741821e-01 -3.107648276968047528e-04
-2.279843444227008242e-01 -3.076782989191638126e-04
-2.299412915851273831e-01 -3.046125606174820196e-04
-2.318982387475540252e-01 -3.016035630235665223e-04
-2.338551859099806118e-01 -2.986488994911269180e-04
-2.358121330724072540e-01 -2.960344027223640612e-04
-2.377690802348338128e-01 -2.936630147453430728e-04
-2.397260273972604550e-01 -2.915688208803505349e-04
-2.416829745596870138e-01 -2.892298969792879968e-04
-2.436399217221136837e-01 -2.861873350535601760e-04
-2.455968688845402426e-01 -2.834140970604860123e-04
-2.475538160469668847e-01 -2.813331010805225716e-04
-2.495107632093934436e-01 -2.793139644299498015e-04
-2.514677103718200857e-01 -2.771974011457742273e-04
-2.534246575342467556e-01 -2.751332493758946595e-04
-2.553816046966733144e-01 -2.731253928781757776e-04
-2.573385518590999843e-01 -2.711605267872741745e-04
-2.592954990215265432e-01 -2.692395307779255737e-04
-2.612524461839531575e-01 -2.673629275911227200e-04
-2.632093933463798274e-01 -2.655308220014456302e-04
-2.651663405088064973e-01 -2.637443411810096606e-04
-2.671232876712330562e-01 -2.620027882776233548e-04
-2.690802348336597261e-01 -2.603061632912863333e-04
-2.710371819960862849e-01 -2.586491080962424706e-04
-2.729941291585128993e-01 -2.570192066625813488e-04
-2.749510763209394582e-01 -2.554256749717607089e-04
-2.769080234833661280e-01 -2.538685130237804967e-04
-2.788649706457926869e-01 -2.523403639626475500e-04
-2.808219178082193568e-01 -2.508364643226976363e-04
-2.827788649706459712e-01 -2.493622361469801057e-04
-2.847358121330726410e-01 -2.479176794354951210e-04
-2.866927592954990889e-01 -2.465027941882426280e-04
-2.886497064579257588e-01 -2.451175804052224639e-04
-2.906066536203524286e-01 -2.437620380864346289e-04
-2.925636007827790430e-01 -2.424361672318793397e-04
-2.945205479452055464e-01 -2.411259166187467720e-04
-2.964774951076322163e-01 -2.398406679024731633e-04
-2.984344422700589416e-01 -2.385815008898197723e-04
-3.003913894324856115e-01 -2.373484155807865177e-04
-3.023483365949122259e-01 -2.361414119753733995e-04
-3.043052837573387293e-01 -2.349604900735806346e-04
-3.062622309197653436e-01 -2.338056498754079518e-04
-3.082191780821920135e-01 -2.326651344072751682e-04
-3.101761252446186834e-01 -2.315207964298942353e-04
-3.121330724070451312e-01 -2.303935318215079623e-04
-3.140900195694718011e-01 -2.292833405821160240e-04
-3.160469667318984155e-01 -2.281902227117185288e-04
-3.180039138943250854e-01 -2.271141782103154496e-04
-3.199608610567515332e-01 -2.260552070779070304e-04
-3.219178082191782031e-01 -2.250133093144929730e-04
-3.238747553816049285e-01 -2.240216390498950619e-04
-3.258317025440315429e-01 -2.230680997881546404e-04
-3.277886497064582683e-01 -2.221424021127599345e-04
-3.297455968688846606e-01 -2.212445460237111609e-04
-3.317025440313113860e-01 -2.203745315210080215e-04
-3.336594911937379448e-01 -2.195323586046508415e-04
-3.356164383561646702e-01 -2.187180272746393228e-04
-3.375733855185910626e-01 -2.179007847986154823e-04
-3.395303326810177880e-01 -2.169050241720434471e-04
-3.414872798434443468e-01 -2.158837507944174879e-04
-3.434442270058711277e-01 -2.148369646657375775e-04
-3.454011741682974646e-01 -2.137646657860038516e-04
-3.473581213307242455e-01 -2.127271756149992795e-04
-3.493150684931508043e-01 -2.118540227258281178e-04
-3.512720156555775297e-01 -2.110329170439757449e-04
-3.532289628180040886e-01 -2.102638585694421879e-04
-3.551859099804306474e-01 -2.095468473022275553e-04
-3.571428571428574283e-01 -2.088277507216245387e-04
-3.590998043052839872e-01 -2.080632878723332336e-04
-3.610567514677107126e-01 -2.073060184725491030e-04
-3.630136986301371049e-01 -2.065559425222722825e-04
-3.649706457925638303e-01 -2.058122153887859498e-04
-3.669275929549903892e-01 -2.050652247758274430e-04
-3.688845401174171146e-01 -2.043213537395711476e-04
-3.708414872798435069e-01 -2.035806022800170094e-04
-3.727984344422702323e-01 -2.028429703971650826e-04
-3.747553816046967912e-01 -2.021190703859555621e-04
-3.767123287671235721e-01 -2.014071315880921120e-04
-3.786692759295501309e-01 -2.007040140093340115e-04
-3.806262230919766898e-01 -2.000097176496812876e-04
-3.825831702544032487e-01 -1.993242425091338590e-04
-3.845401174168299741e-01 -1.986475885876916715e-04
-3.864970645792565329e-01 -1.979797558853549691e-04
-3.884540117416830918e-01 -1.973207444021234536e-04
-3.904109589041098727e-01 -1.966704737109828741e-04
-3.923679060665364315e-01 -1.960154388615549114e-04
-3.943248532289631569e-01 -1.953664183810994721e-04
-3.962818003913895493e-01 -1.947234122696165563e-04
-3.982387475538162747e-01 -1.940864205271060014e-04
-4.001956947162428335e-01 -1.934554431535679699e-04
-4.021526418786695589e-01 -1.928304801490023264e-04
-4.041095890410961178e-01 -1.922115315134092063e-04
-4.060665362035226766e-01 -1.915985972467886098e-04
-4.080234833659492910e-01 -1.909948071035711184e-04
-4.099804305283760164e-01 -1.904065699233395935e-04
-4.119373776908025753e-01 -1.898268096659927885e-04
-4.138943248532291341e-01 -1.892555263315308118e-04
-4.158512720156556930e-01 -1.886927199199535550e-04
-4.178082191780824184e-01 -1.881383904312610995e-04
-4.197651663405089772e-01 -1.875925378654533639e-04
-4.217221135029355361e-01 -1.870551622225303753e-04
-4.236790606653620950e-01 -1.865262635024922692e-04
-4.256360078277888759e-01 -1.859798633444978237e-04
-4.275929549902154347e-01 -1.854135373878220891e-04
-4.295499021526421601e-01 -1.848456550467639790e-04
-4.315068493150687190e-01 -1.842762163213234662e-04
-4.334637964774952779e-01 -1.837052212115005507e-04
-4.354207436399220033e-01 -1.831326697172952597e-04
-4.373776908023486176e-01 -1.825815814503853091e-04
-4.393346379647751765e-01 -1.820706201981485580e-04
-4.412915851272017354e-01 -1.815742956588202006e-04
-4.432485322896284607e-01 -1.810926078324002911e-04
-4.452054794520550196e-01 -1.806255567188887212e-04
-4.471624266144815785e-01 -1.801731423182856805e-04
-4.491193737769081373e-01 -1.797096813080311338e-04
-4.510763209393348627e-01 -1.791865746268238139e-04
-4.530332681017614216e-01 -1.786522828974915211e-04
-4.549902152641882025e-01 -1.781068061200342283e-04
-4.569471624266145393e-01 -1.775501442944521524e-04
-4.589041095890413202e-01 -1.769822974207450222e-04
-4.608610567514678791e-01 -1.764278306469219289e-04
-4.628180039138946045e-01 -1.759954521082577575e-04
-4.647749510763211633e-01 -1.755940120936745044e-04
-4.667318982387477222e-01 -1.752235106031722509e-04
-4.686888454011745031e-01 -1.748839476367508616e-04
-4.706457925636010620e-01 -1.745753231944105260e-04
-4.726027397260276208e-01 -1.741932791808544639e-04
-4.745596868884541797e-01 -1.737495112516518597e-04
-4.765166340508809051e-01 -1.732865354783224437e-04
-4.784735812133074639e-01 -1.728043518608661077e-04
-4.804305283757341893e-01 -1.723029603992830142e-04
-4.823874755381605817e-01 -1.718414225677456571e-04
-4.843444227005873071e-01 -1.714095674357746083e-04
-4.863013698630138659e-01 -1.709877391681241911e-04
-4.882583170254406468e-01 -1.705759377647944326e-04
-4.902152641878670392e-01 -1.701741632257854412e-04
-4.921722113502937646e-01 -1.697476015824725436e-04
-4.941291585127203234e-01 -1.693053519112134328e-04
-4.960861056751470488e-01 -1.688569097088315368e-04
-4.980430528375734411e-01 -1.684022749753266387e-04
-5.000000000000002220e-01 -1.679414477106989554e-04
-5.000000000000000000e-01 -1.679414477106989554e-04
-4.980430528375733301e-01 -1.677505100717064279e-04
-4.960861056751467713e-01 -1.673305719474870237e-04
-4.941291585127201569e-01 -1.669342203176288168e-04
-4.921722113502935980e-01 -1.665389843331772338e-04
-4.902152641878669281e-01 -1.661580008801892224e-04
-4.882583170254402583e-01 -1.657785309703653834e-04
-4.863013698630136994e-01 -1.653990610605416257e-04
-4.843444227005870295e-01 -1.650195911507178952e-04
-4.823874755381604706e-01 -1.646493695688425716e-04
-4.804305283757338563e-01 -1.642813456094500025e-04
-4.784735812133071864e-01 -1.639133216500574604e-04
-4.765166340508806275e-01 -1.635452976906648912e-04
-4.745596868884539576e-01 -1.631845691370249719e-04
-4.726027397260273988e-01 -1.628267915340266393e-04
-4.706457925636007844e-01 -1.624690139310283339e-04
-4.686888454011742255e-01 -1.621112363280300284e-04
-4.667318982387475557e-01 -1.617560809152735195e-04
-4.647749510763208858e-01 -1.614040200026851653e-04
-4.628180039138943269e-01 -1.610537658822617764e-04
-4.608610567514677125e-01 -1.607053185540032445e-04
-4.589041095890410982e-01 -1.603586780179098135e-04
-4.569471624266144838e-01 -1.600138442739813479e-04
-4.549902152641878139e-01 -1.596708173222177935e-04
-4.530332681017612551e-01 -1.593295971626192316e-04
-4.510763209393345852e-01 -1.589905856218287207e-04
-4.491193737769080263e-01 -1.586540833817089971e-04
-4.471624266144814119e-01 -1.583196079208356059e-04
-4.452054794520547421e-01 -1.579871592392087369e-04
-4.432485322896281832e-01 -1.576567373368282002e-04
-4.412915851272015133e-01 -1.573283422136941587e-04
-4.393346379647749544e-01 -1.570019738698065037e-04
-4.373776908023483401e-01 -1.566776323051651812e-04
-4.354207436399216702e-01 -1.563552060854152834e-04
-4.334637964774951113e-01 -1.560343675124682022e-04
-4.315068493150684414e-01 -1.557154416825624139e-04
-4.295499021526418826e-01 -1.553984285956978102e-04
-4.275929549902152127e-01 -1.550833282518744723e-04
-4.256360078277886538e-01 -1.547701406510923461e-04
-4.236790606653620395e-01 -1.544588657933514586e-04
-4.217221135029353696e-01 -1.541495036786518099e-04
-4.197651663405088107e-01 -1.538420543069933999e-04
-4.178082191780821408e-01 -1.535365176783762286e-04
-4.158512720156555820e-01 -1.532328937928002961e-04
-4.138943248532289676e-01 -1.529311826502655482e-04
-4.119373776908022977e-01 -1.526313842507720931e-04
-4.099804305283757389e-01 -1.523334985943198226e-04
-4.080234833659490690e-01 -1.520375256809087909e-04
-4.060665362035224546e-01 -1.517434655105390521e-04
-4.041095890410958957e-01 -1.514513180832104979e-04
-4.021526418786692814e-01 -1.511595642890630072e-04
-4.001956947162426670e-01 -1.508692588304159574e-04
-3.982387475538159971e-01 -1.505806581989400515e-04
-3.962818003913894382e-01 -1.502937623946352355e-04
-3.943248532289627684e-01 -1.500085714175015364e-04
-3.923679060665361540e-01 -1.497250852675390085e-04
-3.904109589041095951e-01 -1.494433039447474890e-04
-3.884540117416829252e-01 -1.491632274491271136e-04
-3.864970645792563664e-01 -1.488848557806778279e-04
-3.845401174168296965e-01 -1.486081889393997134e-04
-3.825831702544030821e-01 -1.483332269252926616e-04
-3.806262230919765233e-01 -1.480599697383567809e-04
-3.786692759295498534e-01 -1.477884173785919629e-04
-3.767123287671232945e-01 -1.475185698459982348e-04
-3.747553816046966246e-01 -1.472504271405756507e-04
-3.727984344422700103e-01 -1.469839892623242105e-04
-3.708414872798433959e-01 -1.467183429293929719e-04
-3.688845401174168370e-01 -1.464531753927681551e-04
-3.669275929549902227e-01 -1.461894790318601239e-04
-3.649706457925635528e-01 -1.459272538466689596e-04
-3.630136986301369384e-01 -1.456664998371945809e-04
-3.610567514677103240e-01 -1.454072170034370148e-04
-3.590998043052837096e-01 -1.451494053453962073e-04
-3.571428571428571508e-01 -1.448930648630722938e-04
-3.551859099804304809e-01 -1.446381955564651658e-04
-3.532289628180038665e-01 -1.443847974255748235e-04
-3.512720156555772522e-01 -1.441328704704013480e-04
-3.493150684931506378e-01 -1.438824146909446853e-04
-3.473581213307240789e-01 -1.436334300872047539e-04
-3.454011741682974090e-01 -1.433859166591817166e-04
-3.434442270058708502e-01 -1.431398744068754648e-04
-3.414872798434441803e-01 -1.428953033302859986e-04
-3.395303326810175659e-01 -1.426520662601747039e-04
-3.375733855185909515e-01 -1.424086104447585264e-04
-3.356164383561643372e-01 -1.421664175184358611e-04
-3.336594911937377783e-01 -1.419254874812065725e-04
-3.317025440313111084e-01 -1.416858203330707692e-04
-3.297455968688844941e-01 -1.414474160740283155e-04
-3.277886497064578797e-01 -1.412102747040793469e-04
-3.258317025440312653e-01 -1.409743962232238093e-04
-3.238747553816047065e-01 -1.407397806314617298e-04
-3.219178082191780366e-01 -1.405064279287930541e-04
-3.199608610567514777e-01 -1.402743381152177552e-04
-3.180039138943248078e-01 -1.400435111907359685e-04
-3.160469667318981379e-01 -1.398139471553475587e-04
-3.140900195694715791e-01 -1.395856460090526068e-04
-3.121330724070449647e-01 -1.393586077518510589e-04
-3.101761252446184058e-01 -1.391328323837429689e-04
-3.082191780821917360e-01 -1.389083199047282558e-04
-3.062622309197651216e-01 -1.386843682499836773e-04
-3.043052837573385072e-01 -1.384612185565398243e-04
-3.023483365949118928e-01 -1.382391403037050849e-04
-3.003913894324852785e-01 -1.380181229025146143e-04
-2.984344422700586641e-01 -1.377981557640035675e-04
-2.964774951076320497e-01 -1.375792282992071539e-04
-2.945205479452054353e-01 -1.373613299191603929e-04
-2.925636007827788210e-01 -1.371444500348985751e-04
-2.906066536203522066e-01 -1.369285780574568015e-04
-2.886497064579256477e-01 -1.367137033978701999e-04
-2.866927592954989779e-01 -1.364998154671740068e-04
-2.847358121330723080e-01 -1.362869036764033500e-04
-2.827788649706456936e-01 -1.360749574365934119e-04
-2.808219178082191347e-01 -1.358639661587792932e-04
-2.788649706457925204e-01 -1.356539192539961490e-04
-2.769080234833659060e-01 -1.354448061332792156e-04
-2.749510763209392916e-01 -1.352366162076635669e-04
-2.729941291585126772e-01 -1.350293388881844392e-04
-2.710371819960860629e-01 -1.348229635858769334e-04
-2.690802348336594485e-01 -1.346174797117762588e-04
-2.671232876712328341e-01 -1.344128766769175161e-04
-2.651663405088062198e-01 -1.342091438923359418e-04
-2.632093933463796054e-01 -1.340062707690665826e-04
-2.612524461839529355e-01 -1.338042467181447290e-04
-2.592954990215263211e-01 -1.336030611506054005e-04
-2.573385518590997623e-01 -1.334027034774838607e-04
-2.553816046966731479e-01 -1.332031631098152104e-04
-2.534246575342465335e-01 -1.330044294586346860e-04
-2.514677103718199191e-01 -1.328064919349773883e-04
-2.495107632093933048e-01 -1.326093399498784182e-04
-2.475538160469666626e-01 -1.324129629143730392e-04
-2.455968688845400483e-01 -1.322173502394963522e-04
-2.436399217221134617e-01 -1.320224913362835664e-04
-2.416829745596868473e-01 -1.318282386225918591e-04
-2.397260273972602329e-01 -1.316346935754269024e-04
-2.377690802348336185e-01 -1.314418551883563999e-04
-2.358121330724069764e-01 -1.312497123475360504e-04
-2.338551859099803620e-01 -1.310582539391216611e-04
-2.318982387475537754e-01 -1.308674688492689306e-04
-2.299412915851271055e-01 -1.306773459641336120e-04
-2.279843444227005189e-01 -1.304878741698715125e-04
-2.260273972602739045e-01 -1.302990423526382766e-04
-2.240704500978472902e-01 -1.301108393985896301e-04
-2.221135029354206758e-01 -1.299232541938813532e-04
-2.201565557729940892e-01 -1.297362756246692530e-04
-2.181996086105674748e-01 -1.295498925771089741e-04
-2.162426614481408604e-01 -1.293640939373562695e-04
-2.142857142857142461e-01 -1.291788685915668650e-04
-2.123287671232876039e-01 -1.289942054258965678e-04
-2.103718199608609618e-01 -1.288100933265010767e-04
-2.084148727984343474e-01 -1.286265211795361717e-04
-2.064579256360077331e-01 -1.284434778711574432e-04
-2.045009784735811464e-01 -1.282609522875207797e-04
-2.025440313111545321e-01 -1.280789333147818799e-04
-2.005870841487279177e-01 -1.278974098390964968e-04
-1.986301369863013033e-01 -1.277163707466203292e-04
-1.966731898238747167e-01 -1.275358049235091843e-04
-1.947162426614481023e-01 -1.273557012559186795e-04
-1.927592954990214602e-01 -1.271760486300047032e-04
-1.908023483365948458e-01 -1.269968359319228730e-04
-1.888454011741682315e-01 -1.268180520478289690e-04
-1.868884540117416448e-01 -1.266396858638787711e-04
-1.849315068493149750e-01 -1.264617262662279511e-04
-1.829745596868883606e-01 -1.262841621410323162e-04
-1.810176125244617740e-01 -1.261069823744475108e-04
-1.790606653620351596e-01 -1.215780037423022517e-04
-1.771037181996085452e-01 -1.177056052979353490e-04
-1.751467710371819031e-01 -1.190964473156759138e-04
-1.731898238747552887e-01 -1.193470559787631637e-04
-1.712328767123286744e-01 -1.193178304275787353e-04
-1.692759295499020877e-01 -1.191139154944748216e-04
-1.673189823874754734e-01 -1.187639508832188993e-04
-1.653620352250488590e-01 -1.184047329789132691e-04
-1.634050880626222724e-01 -1.179815436903217075e-04
-1.614481409001956025e-01 -1.174991559762159868e-04
-1.594911937377690159e-01 -1.170067260776283980e-04
-1.575342465753424015e-01 -1.164222143636069071e-04
-1.555772994129157316e-01 -1.158377026495853077e-04
-1.536203522504891450e-01 -1.151959134772326281e-04
-1.516634050880625306e-01 -1.144810519327934916e-04
-1.497064579256359163e-01 -1.137116007370471394e-04
-1.477495107632093296e-01 -1.128875598899935852e-04
-1.457925636007827153e-01 -1.120089293916329103e-04
-1.438356164383561009e-01 -1.111237269591111939e-04
-1.418786692759294865e-01 -1.102119937180183999e-04
-1.399217221135028999e-01 -1.092659241597408992e-04
-1.379647749510762300e-01 -1.082855182842783394e-04
-1.360078277886495879e-01 -1.072707760916309780e-04
-1.340508806262229735e-01 -1.061630937826394977e-04
-1.320939334637963869e-01 -1.050005134423323696e-04
-1.301369863013697725e-01 -1.037833713905134142e-04
-1.281800391389431582e-01 -1.025116676271822655e-04
-1.262230919765165438e-01 -1.011876907387579584e-04
-1.242661448140899433e-01 -9.982550902273748094e-05
-1.223091976516633428e-01 -9.841483492699242182e-05
-1.203522504892367284e-01 -9.695566845152355352e-05
-1.183953033268100863e-01 -9.544800959633049659e-05
-1.164383561643834719e-01 -9.387260867320363451e-05
-1.144814090019568714e-01 -9.218008030530561994e-05
-1.125244618395302570e-01 -9.039438756330512713e-05
-1.105675146771036566e-01 -8.850826793324293471e-05
-1.086105675146770005e-01 -8.651445890116310098e-05
-1.066536203522504417e-01 -8.446943375030552346e-05
-1.046966731898237857e-01 -8.243613936128678756e-05
-1.027397260273972268e-01 -8.036925914011193222e-05
-1.007827788649705292e-01 -7.827672978500298457e-05
-9.882583170254388705e-02 -7.616648799418119923e-05
-9.686888454011731431e-02 -7.398103645659891115e-05
-9.491193737769067218e-02 -7.170379682215418543e-05
-9.295499021526411332e-02 -6.936054974875579550e-05
-9.099804305283745731e-02 -6.694808200926770023e-05
-8.904109589041089845e-02 -6.446318037655654183e-05
-8.708414872798424244e-02 -6.197505299137981384e-05
-8.512720156555768358e-02 -5.947605792686315337e-05
-8.317025440313102758e-02 -5.695745939506128869e-05
-8.121330724070446871e-02 -5.442547392692621502e-05
-7.925636007827781271e-02 -5.188631805341149291e-05
-7.729941291585125385e-02 -4.917196683912654841e-05
-7.534246575342459784e-02 -4.635002680873178386e-05
-7.338551859099795571e-02 -4.341686642734973950e-05
-7.142857142857129971e-02 -4.036061215052491786e-05
-6.947162426614464370e-02 -3.718912739455263594e-05
-6.751467710371808484e-02 -3.412296489061340896e-05
-6.555772994129142883e-02 -3.104581309448397979e-05
-6.360078277886486997e-02 -2.797066545737867633e-05
-6.164383561643822090e-02 -2.491051543051026117e-05
-5.968688845401166204e-02 -2.181478858706180896e-05
-5.772994129158500604e-02 -1.849805383480828628e-05
-5.577299412915844717e-02 -1.510187425063848133e-05
-5.381604696673179117e-02 -1.162624983455084066e-05
-5.185909980430523231e-02 -8.071180586548472888e-06
-4.990215264187858324e-02 -4.508802141769830942e-06
-4.794520547945192723e-02 -1.015774532562180874e-06
-4.598825831702536837e-02 2.490459648808692287e-06
-4.403131115459871237e-02 6.009900402345899693e-06
-4.207436399217215350e-02 9.542547728047885344e-06
-4.011741682974550444e-02 1.319899035718068465e-05
-3.816046966731893864e-02 1.700741041093747178e-05
-3.620352250489228957e-02 2.090041889741699779e-05
-3.424657534246564050e-02 2.487801581662548667e-05
-3.228962818003898450e-02 2.894020116856138328e-05
-3.033268101761242563e-02 3.276970556540960948e-05
-2.837573385518577310e-02 3.643165365407654161e-05
-2.641878669275921077e-02 4.002223903250179036e-05
-2.446183953033255823e-02 4.354146170067914188e-05
-2.250489236790590569e-02 4.698932165861169293e-05
-2.054794520547934683e-02 5.111057508013109539e-05
-1.859099804305269429e-02 5.553061381561259427e-05
-1.663405088062613196e-02 6.017198094899771414e-05
-1.467710371819948116e-02 6.503467648027402056e-05
-1.272015655577291883e-02 7.006641776160611398e-05
-1.076320939334626803e-02 7.399265109137531887e-05
-8.806262230919707432e-03 7.767540365394326907e-05
-6.849315068493054028e-03 8.111467544930996457e-05
-4.892367906066493431e-03 8.431046647748787371e-05
-2.935420743639841328e-03 8.798260987066125471e-05
-9.784735812132805150e-04 9.208744023148669603e-05
9.784735812133715880e-04 9.636339207256642842e-05
2.935420743640114981e-03 1.008104653939066725e-04
4.892367906066675577e-03 1.050375197348018310e-04
6.849315068493328114e-03 1.091881018400848530e-04
8.806262230919889578e-03 1.133145564543376111e-04
1.076320939334654038e-02 1.174794672952492126e-04
1.272015655577310271e-02 1.217687866303342252e-04
1.467710371819975351e-02 1.261142664033567643e-04
1.663405088062631584e-02 1.305159066143292304e-04
1.859099804305296838e-02 1.347208249668522748e-04
2.054794520547952724e-02 1.388522036003915288e-04
2.250489236790617978e-02 1.429194094270776953e-04
2.446183953033274211e-02 1.470552519608665256e-04
2.641878669275939465e-02 1.513577859658815649e-04
2.837573385518604718e-02 1.557294008608932389e-04
3.033268101761260604e-02 1.601559347219830699e-04
3.228962818003926205e-02 1.643240806197886303e-04
3.424657534246582091e-02 1.684114041994651961e-04
3.620352250489246998e-02 1.724179054610190014e-04
3.816046966731912599e-02 1.764881718254353987e-04
4.011741682974577505e-02 1.806373210029393569e-04
4.207436399217233391e-02 1.847864701804495763e-04
4.403131115459898992e-02 1.889071673392783517e-04
4.598825831702554878e-02 1.929992516200881413e-04
4.794520547945220479e-02 1.970913359008917239e-04
4.990215264187876365e-02 2.011611666835608821e-04
5.185909980430541272e-02 2.051966886928343063e-04
5.381604696673206872e-02 2.092322107021139376e-04
5.577299412915862759e-02 2.132571494035918013e-04
5.772994129158528359e-02 2.172420216813795155e-04
5.968688845401184245e-02 2.212052566818462497e-04
6.164383561643849152e-02 2.251468544049609684e-04
6.360078277886505038e-02 2.290668148507484729e-04
6.555772994129170639e-02 2.329651380191714936e-04
6.751467710371826525e-02 2.368381339566542659e-04
6.947162426614492126e-02 2.406377393977531822e-04
7.142857142857148012e-02 2.444006542432828450e-04
7.338551859099813612e-02 2.481268784932619026e-04
7.534246575342477825e-02 2.518164121476654726e-04
7.729941291585143426e-02 2.554692552065184375e-04
7.925636007827809026e-02 2.590854076698146172e-04
8.121330724070464913e-02 2.626007259536090616e-04
8.317025440313130513e-02 2.660500619204062911e-04
8.512720156555786399e-02 2.694418176509504569e-04
8.708414872798452000e-02 2.727759931452540271e-04
8.904109589041107886e-02 2.760525884033045337e-04
9.099804305283773487e-02 2.792716034251143905e-04
9.295499021526429373e-02 2.823905750609793973e-04
9.491193737769093586e-02 2.854142413123309050e-04
9.686888454011750860e-02 2.883615147875756308e-04
9.882583170254415073e-02 2.912323954866949264e-04
1.007827788649707096e-01 2.940268834097075484e-04
1.027397260273973656e-01 2.967449785565822720e-04
1.046966731898240216e-01 2.993520413516445101e-04
1.066536203522505805e-01 3.018129951445505752e-04
1.086105675146772365e-01 3.041559963138998888e-04
1.105675146771037953e-01 3.063756174038033821e-04
1.125244618395304513e-01 3.084664309583784372e-04
1.144814090019570935e-01 3.104230095216986888e-04
1.164383561643837495e-01 3.122293373207741998e-04
1.183953033268103083e-01 3.138428025699775930e-04
1.203522504892369643e-01 3.152812571100837040e-04
1.223091976516635232e-01 3.165359844720156313e-04
1.242661448140901792e-01 3.175982681866904565e-04
1.262230919765167381e-01 3.184593917850189727e-04
1.281800391389433802e-01 3.191095840648293619e-04
1.301369863013700501e-01 3.194918752029130525e-04
1.320939334637966089e-01 3.196245044858657489e-04
1.340508806262232511e-01 3.194956667011283218e-04
1.360078277886498099e-01 3.190935566361914610e-04
1.379647749510764798e-01 3.184063690785146855e-04
1.399217221135030387e-01 3.174222988155762709e-04
1.418786692759296808e-01 3.161228269738185323e-04
1.438356164383562397e-01 3.144979332646605469e-04
1.457925636007828818e-01 3.125364814406488803e-04
1.477495107632094684e-01 3.102261355686376765e-04
1.497064579256361938e-01 3.075545597155557266e-04
1.516634050880628637e-01 3.045094179482446517e-04
1.536203522504894226e-01 3.011920095729806314e-04
1.555772994129160647e-01 2.976210277672642116e-04
1.575342465753426235e-01 2.937385531649924211e-04
1.594911937377692657e-01 2.895449263827340643e-04
1.614481409001958245e-01 2.850404880371077646e-04
1.634050880626224944e-01 2.802255787447447224e-04
1.653620352250490533e-01 2.753662323831444444e-04
1.673189823874756954e-01 2.708294379535757402e-04
1.692759295499022543e-01 2.663453567479704917e-04
1.712328767123289242e-01 2.619619461980116602e-04
1.731898238747554830e-01 2.577587314794102134e-04
1.751467710371821251e-01 2.537952471099031424e-04
1.771037181996087673e-01 2.501143861434018787e-04
1.790606653620353539e-01 2.467702266164043499e-04
1.810176125244619960e-01 2.418373856162655720e-04
1.829745596868885549e-01 2.357322260043300769e-04
1.849315068493151970e-01 2.304281427647158174e-04
1.868884540117418669e-01 2.272779941029943801e-04
1.888454011741685090e-01 2.238070618210370255e-04
1.908023483365950679e-01 2.203303589358325532e-04
1.927592954990217378e-01 2.167876482337478719e-04
1.947162426614482966e-01 2.134739607246202134e-04
1.966731898238749388e-01 2.103701086114889501e-04
1.986301369863014976e-01 2.071990346342057201e-04
2.005870841487281397e-01 2.041961624503493638e-04
2.025440313111548096e-01 2.014456784155241906e-04
2.045009784735813685e-01 1.985063833675823218e-04
2.064579256360080106e-01 1.957522479290915555e-04
2.084148727984345695e-01 1.935990753563085422e-04
2.103718199608612394e-01 1.909545308780165025e-04
2.123287671232877982e-01 1.883798283447397177e-04
2.142857142857144404e-01 1.861164379888734189e-04
2.162426614481409992e-01 1.839780767721282658e-04
2.181996086105676413e-01 1.818545645882654188e-04
2.201565557729942280e-01 1.797358880150829211e-04
2.221135029354208701e-01 1.777315486207441673e-04
2.240704500978475122e-01 1.757272092264054134e-04
2.260273972602741821e-01 1.737876178128538898e-04
2.279843444227008242e-01 1.719137561807240679e-04
2.299412915851273831e-01 1.700398945485942460e-04
2.318982387475540252e-01 1.682821458609061840e-04
2.338551859099806118e-01 1.665302645645920965e-04
2.358121330724072540e-01 1.647916399285837170e-04
2.377690802348338128e-01 1.630877953812092382e-04
2.397260273972604550e-01 1.614059887745180634e-04
2.416829745596870138e-01 1.597641981788196653e-04
2.436399217221136837e-01 1.581586820291846064e-04
2.455968688845402426e-01 1.565882676164870074e-04
2.475538160469668847e-01 1.550551224332783579e-04
2.495107632093934436e-01 1.535580789680885338e-04
2.514677103718200857e-01 1.520971372209299220e-04
2.534246575342467556e-01 1.506722971917776673e-04
2.553816046966733144e-01 1.492807711765421199e-04
2.573385518590999843e-01 1.479132240730201533e-04
2.592954990215265432e-01 1.465772252254778920e-04
2.612524461839531575e-01 1.452727746339153630e-04
2.632093933463798274e-01 1.439998722983449806e-04
2.651663405088064973e-01 1.427556483609555523e-04
2.671232876712330562e-01 1.415211390110016054e-04
2.690802348336597261e-01 1.403104238164059778e-04
2.710371819960862849e-01 1.391235027771811649e-04
2.729941291585128993e-01 1.379603758933022300e-04
2.749510763209394582e-01 1.368211706801300738e-04
2.769080234833661280e-01 1.357085389752739530e-04
2.788649706457926869e-01 1.346206399764169758e-04
2.808219178082193568e-01 1.335574736835840786e-04
2.827788649706459712e-01 1.325190400967627389e-04
2.847358121330726410e-01 1.315053392159654794e-04
2.866927592954990889e-01 1.304896390974888962e-04
2.886497064579257588e-01 1.294829861047782282e-04
2.906066536203524286e-01 1.284836683027512291e-04
2.925636007827790430e-01 1.274892189558462369e-04
2.945205479452055464e-01 1.264971713284269690e-04
2.964774951076322163e-01 1.255512167684876045e-04
2.984344422700589416e-01 1.246363198582708010e-04
3.003913894324856115e-01 1.237498432449698463e-04
3.023483365949122259e-01 1.228941188659381624e-04
3.043052837573387293e-01 1.220714786585166218e-04
3.062622309197653436e-01 1.212140296946742591e-04
3.082191780821920135e-01 1.203311382689938399e-04
3.101761252446186834e-01 1.194311721025207676e-04
3.121330724070451312e-01 1.185081503160660969e-04
3.140900195694718011e-01 1.175560920304657785e-04
3.160469667318984155e-01 1.167165459312539375e-04
3.180039138943250854e-01 1.159732897198115865e-04
3.199608610567515332e-01 1.152749981857604286e-04
3.219178082191782031e-01 1.146216713291502555e-04
3.238747553816049285e-01 1.140133091499437437e-04
3.258317025440315429e-01 1.133441808439866950e-04
3.277886497064582683e-01 1.126032650131951918e-04
3.297455968688846606e-01 1.118464230138703914e-04
3.317025440313113860e-01 1.110736548460122803e-04
3.336594911937379448e-01 1.102993269997944387e-04
3.356164383561646702e-01 1.095894875944472508e-04
3.375733855185910626e-01 1.088964040725499380e-04
3.395303326810177880e-01 1.082200764341149549e-04
3.414872798434443468e-01 1.075605046791423152e-04
3.434442270058711277e-01 1.068859760472234223e-04
3.454011741682974646e-01 1.062048140059785906e-04
3.473581213307242455e-01 1.055245801355672179e-04
3.493150684931508043e-01 1.048452744359644218e-04
3.512720156555775297e-01 1.042026869276070844e-04
3.532289628180040886e-01 1.036552787179145481e-04
3.551859099804306474e-01 1.031512592271196984e-04
3.571428571428574283e-01 1.026906284551478744e-04
3.590998043052839872e-01 1.022733864020613094e-04
3.610567514677107126e-01 1.015433615676313581e-04
3.630136986301371049e-01 1.007898081726410597e-04
3.649706457925638303e-01 1.000362547776258789e-04
3.669275929549903892e-01 9.939615393840140899e-05
3.688845401174171146e-01 9.888757812838486325e-05
3.708414872798435069e-01 9.837900231836831750e-05
3.727984344422702323e-01 9.785882463651441221e-05
3.747553816046967912e-01 9.733776310119687661e-05
3.767123287671235721e-01 9.682000885012423115e-05
3.786692759295501309e-01 9.630731366806364810e-05
3.806262230919766898e-01 9.579461848601551982e-05
3.825831702544032487e-01 9.528192330396739154e-05
3.845401174168299741e-01 9.476922812189436727e-05
3.864970645792565329e-01 9.426326280401226443e-05
3.884540117416830918e-01 9.377111673395802430e-05
3.904109589041098727e-01 9.327897066391621183e-05
3.923679060665364315e-01 9.278682459386197170e-05
3.943248532289631569e-01 9.229467852380771802e-05
3.962818003913895493e-01 9.180952385578966741e-05
3.982387475538162747e-01 9.134429935654619600e-05
4.001956947162428335e-01 9.087907485729028337e-05
4.021526418786695589e-01 9.041385035802191597e-05
4.041095890410961178e-01 8.994862585877844456e-05
4.060665362035226766e-01 8.948503032118570837e-05
4.080234833659492910e-01 8.903021860492586152e-05
4.099804305283760164e-01 8.857863486583267981e-05
4.119373776908025753e-01 8.813027910386886669e-05
4.138943248532291341e-01 8.768515131905929105e-05
4.158512720156556930e-01 8.724325151142883533e-05
4.178082191780824184e-01 8.680457968092774820e-05
4.197651663405089772e-01 8.636913582760578098e-05
4.217221135029355361e-01 8.593691995143805124e-05
4.236790606653620950e-01 8.550793205241213131e-05
4.256360078277888759e-01 8.508121279577214027e-05
4.275929549902154347e-01 8.463986726926465097e-05
4.295499021526421601e-01 8.419840453759730469e-05
4.315068493150687190e-01 8.375682460075768731e-05
4.334637964774952779e-01 8.331512745873331696e-05
4.354207436399220033e-01 8.287331311153667550e-05
4.373776908023486176e-01 8.243138155914283985e-05
4.393346379647751765e-01 8.198933280158917432e-05
4.412915851272017354e-01 8.154716683883832815e-05
4.432485322896284607e-01 8.110488367092762499e-05
4.452054794520550196e-01 8.066248329783219596e-05
4.471624266144815785e-01 8.032947282241565648e-05
4.491193737769081373e-01 8.002644422360812991e-05
4.510763209393348627e-01 7.974481446021427860e-05
4.530332681017614216e-01 7.948458353218433765e-05
4.549902152641882025e-01 7.924575143959298150e-05
4.569471624266145393e-01 7.902831818236553572e-05
4.589041095890413202e-01 7.883228376056421996e-05
4.608610567514678791e-01 7.865764817415171056e-05
4.628180039138946045e-01 7.850441142314044875e-05
4.647749510763211633e-01 7.837257350753042097e-05
4.667318982387477222e-01 7.808967164049065068e-05
4.686888454011745031e-01 7.774503925407389056e-05
4.706457925636010620e-01 7.738157307662034802e-05
4.726027397260276208e-01 7.699927310810514064e-05
4.745596868884541797e-01 7.659813934851582718e-05
4.765166340508809051e-01 7.617817179787727655e-05
4.784735812133074639e-01 7.573937045617706106e-05
4.804305283757341893e-01 7.528173532341518072e-05
4.823874755381605817e-01 7.480526639959163553e-05
4.843444227005873071e-01 7.430996368471886671e-05
4.863013698630138659e-01 7.391397448483688138e-05
4.882583170254406468e-01 7.359074911831613099e-05
4.902152641878670392e-01 7.328242595372547814e-05
4.921722113502937646e-01 7.298900499104005396e-05
4.941291585127203234e-01 7.271048623028474088e-05
4.960861056751470488e-01 7.244686967148440779e-05
4.980430528375734411e-01 7.219815531458930336e-05
5.000000000000002220e-01 7.196434315962431003e-05
