5.000000000000000000e-01 1.000000000000000000e+00 0.000000000000000000e+00
4.980430528375733301e-01 9.999999992391332970e-01 7.608666877556927549e-10
4.960861056751467713e-01 9.999999989584156257e-01 1.041584486429950907e-09
4.941291585127201569e-01 9.999999987474262886e-01 1.252573733405805348e-09
4.921722113502935980e-01 9.999999985398018154e-01 1.460198065694449502e-09
4.902152641878669281e-01 9.999999983527447789e-01 1.647255166393653982e-09
4.882583170254402583e-01 9.999999981678719951e-01 1.832128136304599096e-09
4.863013698630136994e-01 9.999999979829989893e-01 2.017001106215543796e-09
4.843444227005870295e-01 9.999999977981260946e-01 2.201874076126489324e-09
4.823874755381604706e-01 9.999999975840740962e-01 2.415926131744455129e-09
4.804305283757338563e-01 9.999999973630880890e-01 2.636911831490821653e-09
4.784735812133072974e-01 9.999999971421025258e-01 2.857897531237189003e-09
4.765166340508806275e-01 9.999999969211168516e-01 3.078883230983555527e-09
4.745596868884539576e-01 9.999999967001310663e-01 3.299868930729922050e-09
4.726027397260273988e-01 9.999999964791452811e-01 3.520854630476289401e-09
4.706457925636007844e-01 9.999999962581596069e-01 3.741840330222655925e-09
4.686888454011742255e-01 9.999999960371740437e-01 3.962826029969022862e-09
4.667318982387475557e-01 9.999999957034284570e-01 4.296571860046685448e-09
4.647749510763208858e-01 9.999999952993909869e-01 4.700609719421780442e-09
4.628180039138943269e-01 9.999999948953538498e-01 5.104647578796874609e-09
4.608610567514677125e-01 9.999999944913164907e-01 5.508685438171968776e-09
4.589041095890410982e-01 9.999999940872790205e-01 5.912723297547061289e-09
4.569471624266144838e-01 9.999999936832417724e-01 6.316761156922155456e-09
4.549902152641878139e-01 9.999999932792044133e-01 6.720799016297249622e-09
4.530332681017612551e-01 9.999999928751671652e-01 7.124836875672342962e-09
4.510763209393345852e-01 9.999999924711298060e-01 7.528874735047436302e-09
4.491193737769080263e-01 9.999999920670923359e-01 7.932912594422530469e-09
4.471624266144814119e-01 9.999999916630550878e-01 8.336950453797624636e-09
4.452054794520548531e-01 9.999999912590177287e-01 8.740988313172715494e-09
4.432485322896281832e-01 9.999999908549802585e-01 9.145026172547811315e-09
4.412915851272015133e-01 9.999999904509431214e-01 9.549064031922903828e-09
4.393346379647749544e-01 9.999999900469056513e-01 9.953101891298001303e-09
4.373776908023483401e-01 9.999999896428684032e-01 1.035713975067309382e-08
4.354207436399217812e-01 9.999999890106945344e-01 1.098931344260392486e-08
4.334637964774951113e-01 9.999999876233098828e-01 1.237669540782275072e-08
4.315068493150685525e-01 9.999999862359250091e-01 1.376407737304156996e-08
4.295499021526418826e-01 9.999999848485404685e-01 1.515145933826038258e-08
4.275929549902152127e-01 9.999999834611559280e-01 1.653884130347920514e-08
4.256360078277886538e-01 9.999999820737712763e-01 1.792622326869802107e-08
4.236790606653620395e-01 9.999999806863867358e-01 1.931360523391683370e-08
4.217221135029353696e-01 9.999999792990021952e-01 2.070098719913565956e-08
4.197651663405088107e-01 9.999999779116175436e-01 2.208836916435446887e-08
4.178082191780821408e-01 9.999999765242327809e-01 2.347575112957329143e-08
4.158512720156555820e-01 9.999999751368482404e-01 2.486313309479210074e-08
4.138943248532289676e-01 9.999999737494635887e-01 2.625051506001092329e-08
4.119373776908024087e-01 9.999999723620790482e-01 2.763789702522975246e-08
4.099804305283757389e-01 9.999999709746945076e-01 2.902527899044855516e-08
4.080234833659490690e-01 9.999999695873098560e-01 3.041266095566737772e-08
4.060665362035225101e-01 9.999999681999253154e-01 3.180004292088619365e-08
4.041095890410958957e-01 9.999999668125405528e-01 3.318742488610500958e-08
4.021526418786692814e-01 9.999999654251561232e-01 3.457480685132383214e-08
4.001956947162426670e-01 9.999999640377713606e-01 3.596218881654264807e-08
3.982387475538160526e-01 9.999999626503868200e-01 3.734957078176147724e-08
3.962818003913894382e-01 9.999999612630019463e-01 3.873695274698028656e-08
3.943248532289627684e-01 9.999999598756176278e-01 4.012433471219910249e-08
3.923679060665362095e-01 9.999999584882328652e-01 4.151171667741791843e-08
3.904109589041095951e-01 9.999999571008482135e-01 4.289909864263673436e-08
3.884540117416829808e-01 9.999999557134636730e-01 4.428648060785555029e-08
3.864970645792563664e-01 9.999999543260791324e-01 4.567386257307436623e-08
3.845401174168296965e-01 9.999999529386944808e-01 4.706124453829318216e-08
3.825831702544031376e-01 9.999999515513097181e-01 4.844862650351199148e-08
3.806262230919765233e-01 9.999999501639253996e-01 4.983600846873082727e-08
3.786692759295499089e-01 9.999999487765405259e-01 5.122339043394964320e-08
3.767123287671232945e-01 9.999999473891559854e-01 5.261077239916845252e-08
3.747553816046966246e-01 9.999999460017714448e-01 5.399815436438726845e-08
3.727984344422700658e-01 9.999999446143867932e-01 5.538553632960609100e-08
3.708414872798433959e-01 9.999999371892689393e-01 6.281065322941852071e-08
3.688845401174168370e-01 9.999999227895278731e-01 7.721039496746873818e-08
3.669275929549902227e-01 9.999999083897869179e-01 9.161013670551895565e-08
3.649706457925635528e-01 9.999998939900458517e-01 1.060098784435690143e-07
3.630136986301369939e-01 9.999998795903048965e-01 1.204096201816190068e-07
3.610567514677103240e-01 9.999998651905637193e-01 1.348093619196690787e-07
3.590998043052837096e-01 9.999998507908227641e-01 1.492091036577193094e-07
3.571428571428571508e-01 9.999998363910818089e-01 1.636088453957693019e-07
3.551859099804305364e-01 9.999998219913407427e-01 1.780085871338195590e-07
3.532289628180039220e-01 9.999998075915997875e-01 1.924083288718695780e-07
3.512720156555772522e-01 9.999997931918584992e-01 2.068080706099198087e-07
3.493150684931506933e-01 9.999997787921175441e-01 2.212078123479697218e-07
3.473581213307240789e-01 9.999997643923765889e-01 2.356075540860198466e-07
3.454011741682974646e-01 9.999997499926356337e-01 2.500072958240700243e-07
3.434442270058708502e-01 9.999997355928945675e-01 2.644070375621201492e-07
3.414872798434442358e-01 9.999997211931533903e-01 2.788067793001702740e-07
3.395303326810176214e-01 9.999997067934123240e-01 2.932065210382203459e-07
3.375733855185909515e-01 9.999996923936713689e-01 3.076062627762705766e-07
3.356164383561643927e-01 9.999996779939304137e-01 3.220060045143204367e-07
3.336594911937377783e-01 9.999996635941894585e-01 3.364057462523706674e-07
3.317025440313111639e-01 9.999996491944482813e-01 3.508054879904206864e-07
3.297455968688845496e-01 9.999996347947072151e-01 3.652052297284709171e-07
3.277886497064578797e-01 9.999996203949662599e-01 3.796049714665208302e-07
3.258317025440313208e-01 9.999996059952251937e-01 3.940047132045711667e-07
3.238747553816047065e-01 9.999995915954842385e-01 4.084044549426212916e-07
3.219178082191780921e-01 9.999995771957432833e-01 4.228041966806712046e-07
3.199608610567514777e-01 9.999995627960021061e-01 4.372039384187213295e-07
3.180039138943248078e-01 9.999995483962610399e-01 4.516036801567714543e-07
3.160469667318981934e-01 9.999995339965200847e-01 4.660034218948216850e-07
3.140900195694715791e-01 9.999995195967790185e-01 4.804031636328714922e-07
3.121330724070450202e-01 9.999995051970380633e-01 4.948029053709219346e-07
3.101761252446184058e-01 9.999994907972971081e-01 5.092026471089720595e-07
3.082191780821917915e-01 9.999994763975561529e-01 5.236023888470218667e-07
3.062622309197651771e-01 9.999994619978151977e-01 5.380021305850720974e-07
3.043052837573385072e-01 9.999994475980739095e-01 5.524018723231222222e-07
3.023483365949118928e-01 9.999994331983329543e-01 5.668016140611723470e-07
3.003913894324853340e-01 9.999994187985918881e-01 5.812013557992224719e-07
2.984344422700587196e-01 9.999994043988509329e-01 5.956010975372724908e-07
2.964774951076321052e-01 9.999993899991099777e-01 6.100008392753227215e-07
2.945205479452054909e-01 9.999993755993688005e-01 6.244005810133727405e-07
2.925636007827788210e-01 9.999993611996277343e-01 6.388003227514227594e-07
2.906066536203522066e-01 9.999993467998867791e-01 6.532000644894728842e-07
2.886497064579256477e-01 9.999993324001457129e-01 6.675998062275233267e-07
2.866927592954990334e-01 9.999993180004047577e-01 6.819995479655731339e-07
2.847358121330724190e-01 9.999993036006635805e-01 6.963992897036233646e-07
2.827788649706457491e-01 9.999992892009226253e-01 7.107990314416734894e-07
2.808219178082191902e-01 9.999992748011816701e-01 7.251987731797234025e-07
2.788649706457925759e-01 9.999992604014407149e-01 7.395985149177737391e-07
2.769080234833659615e-01 9.999992460016996487e-01 7.539982566558237580e-07
2.749510763209393471e-01 9.999992316019583605e-01 7.683979983938737770e-07
2.729941291585127328e-01 9.999992172022174053e-01 7.827977401319237959e-07
2.710371819960860629e-01 9.999992028024764501e-01 7.971974818699740266e-07
2.690802348336594485e-01 9.999991884027354949e-01 8.115972236080241514e-07
2.671232876712328896e-01 9.999991740029944287e-01 8.259969653460742763e-07
2.651663405088062753e-01 9.999991596032534735e-01 8.403967070841241893e-07
2.632093933463796609e-01 9.999991452035121853e-01 8.547964488221744200e-07
2.612524461839529910e-01 9.999991308037712301e-01 8.691961905602246508e-07
2.592954990215264321e-01 9.999991164040302749e-01 8.835959322982746697e-07
2.573385518590997623e-01 9.999991020042893197e-01 8.979956740363249004e-07
2.553816046966732034e-01 9.999990876045483645e-01 9.123954157743747076e-07
2.534246575342465890e-01 9.999990732048074094e-01 9.267951575124249383e-07
2.514677103718199747e-01 9.999990588050663431e-01 9.411948992504750631e-07
2.495107632093933048e-01 9.999990444053252769e-01 9.555946409885249762e-07
2.475538160469667182e-01 9.999990300055843218e-01 9.699943827265753128e-07
2.455968688845401038e-01 9.999990156058431445e-01 9.843941244646254376e-07
2.436399217221134617e-01 9.999990012061021893e-01 9.987938662026759860e-07
2.416829745596868750e-01 9.999989154453320372e-01 1.084554636590212918e-06
2.397260273972602884e-01 9.999988241479302875e-01 1.175852038510902234e-06
2.377690802348336740e-01 9.999987328505284268e-01 1.267149440431592821e-06
2.358121330724070319e-01 9.999986415531267880e-01 1.358446842352282562e-06
2.338551859099804175e-01 9.999985502557249273e-01 1.449744244272972725e-06
2.318982387475538032e-01 9.999984589583232886e-01 1.541041646193662889e-06
2.299412915851271610e-01 9.999983676609214278e-01 1.632339048114353476e-06
2.279843444227006022e-01 9.999982763635197891e-01 1.723636450035040252e-06
2.260273972602739878e-01 9.999981850661179283e-01 1.814933851955731263e-06
2.240704500978473457e-01 9.999980937687161786e-01 1.906231253876421426e-06
2.221135029354207313e-01 9.999980024713144289e-01 1.997528655797111590e-06
2.201565557729941169e-01 9.999979111739126791e-01 2.088826057717801330e-06
2.181996086105674748e-01 9.999978198765109294e-01 2.180123459638491070e-06
2.162426614481408604e-01 9.999977285791091797e-01 2.271420861559181234e-06
2.142857142857143016e-01 9.999976372817074299e-01 2.362718263479869280e-06
2.123287671232876872e-01 9.999975459843056802e-01 2.454015665400559444e-06
2.103718199608610451e-01 9.999974546869039305e-01 2.545313067321249184e-06
2.084148727984344307e-01 9.999973633895021807e-01 2.636610469241938924e-06
2.064579256360078441e-01 9.999972720921004310e-01 2.727907871162629512e-06
2.045009784735811742e-01 9.999971807946986813e-01 2.819205273083320099e-06
2.025440313111545876e-01 9.999970894972969315e-01 2.910502675004008992e-06
2.005870841487280010e-01 9.999969981998950708e-01 3.001800076924697462e-06
1.986301369863013588e-01 9.999969069024934321e-01 3.093097478845387625e-06
1.966731898238747445e-01 9.999968156050915713e-01 3.184394880766077365e-06
1.947162426614481578e-01 9.999967243076899326e-01 3.275692282686767953e-06
1.927592954990214880e-01 9.999966330102880718e-01 3.366989684607457269e-06
1.908023483365949013e-01 9.999965417128864331e-01 3.458287086528147857e-06
1.888454011741682870e-01 9.999964504154845724e-01 3.549584488448837597e-06
1.868884540117416448e-01 9.999963591180829336e-01 3.640881890369528608e-06
1.849315068493150582e-01 9.999962678206810729e-01 3.732179292290214960e-06
1.829745596868884716e-01 9.999961765232792121e-01 3.823476694210906394e-06
1.810176125244618017e-01 9.999960852258775734e-01 3.914774096131596134e-06
1.790606653620352151e-01 9.999959939284757127e-01 4.006071498052287568e-06
1.771037181996086007e-01 9.999959026310740740e-01 4.097368899972975614e-06
1.751467710371819586e-01 9.999958113336722132e-01 4.188666301893665355e-06
1.731898238747553442e-01 9.999957200362705745e-01 4.279963703814355942e-06
1.712328767123287854e-01 9.999956287388689358e-01 4.371261105735043141e-06
1.692759295499021710e-01 9.999955374414669640e-01 4.462558507655733728e-06
1.673189823874755289e-01 9.999954461440652143e-01 4.553855909576423468e-06
1.653620352250489145e-01 9.999953548466634645e-01 4.645153311497114056e-06
1.634050880626223001e-01 9.999952635492617148e-01 4.736450713417803796e-06
1.614481409001956580e-01 9.999951722518599651e-01 4.827748115338494383e-06
1.594911937377690436e-01 9.999950809544582153e-01 4.919045517259184123e-06
1.575342465753424848e-01 9.999949896570564656e-01 5.010342919179873016e-06
1.555772994129158426e-01 9.999948983596547158e-01 5.101640321100561062e-06
1.536203522504892283e-01 9.999945973528483467e-01 5.402647127864087229e-06
1.516634050880626139e-01 9.999942449220691199e-01 5.755077907120529161e-06
1.497064579256359718e-01 9.999938924912898930e-01 6.107508686376971092e-06
1.477495107632093574e-01 9.999935400605106661e-01 6.459939465633408789e-06
1.457925636007827708e-01 9.999931876297315503e-01 6.812370244889849026e-06
1.438356164383561564e-01 9.999928351989525455e-01 7.164801024146279099e-06
1.418786692759295420e-01 9.999924827681730966e-01 7.517231803402721878e-06
1.399217221135029277e-01 9.999921303373940917e-01 7.869662582659161268e-06
1.379647749510762855e-01 9.999917779066149759e-01 8.222093361915604046e-06
1.360078277886496712e-01 9.999914254758357490e-01 8.574524141172043437e-06
1.340508806262230845e-01 9.999910730450565222e-01 8.926954920428482827e-06
1.320939334637964147e-01 9.999907206142775173e-01 9.279385699684922217e-06
1.301369863013698558e-01 9.999903681834982905e-01 9.631816478941354831e-06
1.281800391389432414e-01 9.999900157527192857e-01 9.984247258197794222e-06
1.262230919765166548e-01 9.999896633219398367e-01 1.033667803745423869e-05
1.242661448140899988e-01 9.999893108911608319e-01 1.068910881671067639e-05
1.223091976516633844e-01 9.999889584603818271e-01 1.104153959596711578e-05
1.203522504892367839e-01 9.999886060296026002e-01 1.139397037522355856e-05
1.183953033268101279e-01 9.999882535988233734e-01 1.174640115447999456e-05
1.164383561643835691e-01 9.999879011680443686e-01 1.209883193373642718e-05
1.144814090019569547e-01 9.999875487372651417e-01 1.245126271299286657e-05
1.125244618395303126e-01 9.999871963064861369e-01 1.280369349224930934e-05
1.105675146771036982e-01 9.999868438757069100e-01 1.315612427150574535e-05
1.086105675146770977e-01 9.999864914449276831e-01 1.350855505076218982e-05
1.066536203522504417e-01 9.999861390141486783e-01 1.386098583001863090e-05
1.046966731898238412e-01 9.999857865833694515e-01 1.421341660927506860e-05
1.027397260273972823e-01 9.999854341525901136e-01 1.456584738853150121e-05
1.007827788649706263e-01 9.999850817218111088e-01 1.491827816778794230e-05
9.882583170254401195e-02 9.999847292910318819e-01 1.527070894704438169e-05
9.686888454011741145e-02 9.999843768602528771e-01 1.562313972630081769e-05
9.491193737769075545e-02 9.999840244294736502e-01 1.597557050555726386e-05
9.295499021526415495e-02 9.999836719986944233e-01 1.632800128481370325e-05
9.099804305283754058e-02 9.999833195679153075e-01 1.668043206407013925e-05
8.904109589041098172e-02 9.999826368690440948e-01 1.736313093534070452e-05
8.708414872798433959e-02 9.999817069236820455e-01 1.829307629751532565e-05
8.512720156555768358e-02 9.999807769783199962e-01 1.922302165968994340e-05
8.317025440313112472e-02 9.999798470329579470e-01 2.015296702186456114e-05
8.121330724070446871e-02 9.999789170875956756e-01 2.108291238403918228e-05
7.925636007827781271e-02 9.999779871422336264e-01 2.201285774621380002e-05
7.729941291585125385e-02 9.999770571968716881e-01 2.294280310838841438e-05
7.534246575342469499e-02 9.999761272515094168e-01 2.387274847056300502e-05
7.338551859099803898e-02 9.999751973061474786e-01 2.480269383273762615e-05
7.142857142857138297e-02 9.999742673607854293e-01 2.573263919491224728e-05
6.947162426614482411e-02 9.999733374154231580e-01 2.666258455708686164e-05
6.751467710371818198e-02 9.999724074700611087e-01 2.759252991926148955e-05
6.555772994129152598e-02 9.999714775246990595e-01 2.852247528143610051e-05
6.360078277886496712e-02 9.999705475793368992e-01 2.945242064361071148e-05
6.164383561643840131e-02 9.999696176339751830e-01 3.038236600578530551e-05
5.968688845401175225e-02 9.999686876886129117e-01 3.131231136795993342e-05
5.772994129158509624e-02 9.999677577432506403e-01 3.224225673013455455e-05
5.577299412915853738e-02 9.999668277978888131e-01 3.317220209230915535e-05
5.381604696673188831e-02 9.999658978525266528e-01 3.410214745448378326e-05
5.185909980430523231e-02 9.999649679071643815e-01 3.503209281665839762e-05
4.990215264187867344e-02 9.999640379618026653e-01 3.596203817883301197e-05
4.794520547945201744e-02 9.999631080164403940e-01 3.689198354100763311e-05
4.598825831702545858e-02 9.999621780710783447e-01 3.782192890318222713e-05
4.403131115459880951e-02 9.999612481257162955e-01 3.875187426535684149e-05
4.207436399217215350e-02 9.999592884177264107e-01 4.071158225544381444e-05
4.011741682974559464e-02 9.999573174508342710e-01 4.268254914758408397e-05
3.816046966731893864e-02 9.999553464839422423e-01 4.465351603972434673e-05
3.620352250489228957e-02 9.999533755170502136e-01 4.662448293186460271e-05
3.424657534246573071e-02 9.999514045501582959e-01 4.859544982400485868e-05
3.228962818003916491e-02 9.999494335832661562e-01 5.056641671614506045e-05
3.033268101761251584e-02 9.999474626163742386e-01 5.253738360828532998e-05
2.837573385518586330e-02 9.999454916494820989e-01 5.450835050042557919e-05
2.641878669275930097e-02 9.999435206825899591e-01 5.647931739256584194e-05
2.446183953033264843e-02 9.999415497156980415e-01 5.845028428470609792e-05
2.250489236790599937e-02 9.999395787488059018e-01 6.042125117684636745e-05
2.054794520547943704e-02 9.999376077819138731e-01 6.239221806898662343e-05
1.859099804305287471e-02 9.999356368150218444e-01 6.436318496112682520e-05
1.663405088062622564e-02 9.999336658481299267e-01 6.633415185326708118e-05
1.467710371819957137e-02 9.999316948812377870e-01 6.830511874540736426e-05
1.272015655577301077e-02 9.999297239143457583e-01 7.027608563754762024e-05
1.076320939334645017e-02 9.999277529474537296e-01 7.224705252968779490e-05
8.806262230919707432e-03 9.999257819805618119e-01 7.421801942182813219e-05
6.849315068493145968e-03 9.999230432800280122e-01 7.695672281493370686e-05
4.892367906066493431e-03 9.999190112389781948e-01 8.098877154060941399e-05
2.935420743639932401e-03 9.999149791979287105e-01 8.502082026628485006e-05
9.784735812132805150e-04 9.999109471568790042e-01 8.905286899196054363e-05
-9.784735812133715880e-04 9.999069151158292978e-01 9.308491771763602036e-05
-2.935420743639932401e-03 9.999028830747798136e-01 9.711696644331145644e-05
-4.892367906066584504e-03 9.998988510337301072e-01 1.011490151689871365e-04
-6.849315068493145968e-03 9.998948189926804009e-01 1.051810638946626267e-04
-8.806262230919797637e-03 9.998907869516306945e-01 1.092131126203382797e-04
-1.076320939334635823e-02 9.998867549105813213e-01 1.132451613460137428e-04
-1.272015655577310271e-02 9.998827228695317260e-01 1.172772100716894364e-04
-1.467710371819966331e-02 9.998786908284820196e-01 1.213092587973648996e-04
-1.663405088062622564e-02 9.998746587874323133e-01 1.253413075230403221e-04
-1.859099804305287471e-02 9.998706267463826070e-01 1.293733562487160021e-04
-2.054794520547943704e-02 9.998665947053331227e-01 1.334054049743914924e-04
-2.250489236790608957e-02 9.998625626642834163e-01 1.374374537000671995e-04
-2.446183953033264843e-02 9.998585306232339320e-01 1.414695024257426085e-04
-2.641878669275939465e-02 9.998544985821842257e-01 1.455015511514182885e-04
-2.837573385518595351e-02 9.998504665411346304e-01 1.495335998770937788e-04
-3.033268101761251584e-02 9.998432847628007103e-01 1.567153889156999984e-04
-3.228962818003916491e-02 9.998350852959672075e-01 1.649148674322111841e-04
-3.424657534246573071e-02 9.998268858291339267e-01 1.731143459487219361e-04
-3.620352250489237977e-02 9.998186863623006460e-01 1.813138244652331488e-04
-3.816046966731893864e-02 9.998104868954673652e-01 1.895133029817438466e-04
-4.011741682974568485e-02 9.998022874286338624e-01 1.977127814982550323e-04
-4.207436399217224371e-02 9.997940879618005816e-01 2.059122600147657843e-04
-4.403131115459880951e-02 9.997858884949673008e-01 2.141117385312765091e-04
-4.598825831702545858e-02 9.997776890281337980e-01 2.223112170477877219e-04
-4.794520547945201744e-02 9.997694895613007393e-01 2.305106955642984468e-04
-4.990215264187876365e-02 9.997612900944672365e-01 2.387101740808097138e-04
-5.185909980430532251e-02 9.997530906276339557e-01 2.469096525973204386e-04
-5.381604696673197852e-02 9.997448911608006750e-01 2.551091311138315972e-04
-5.577299412915853738e-02 9.997366916939671722e-01 2.633086096303423763e-04
-5.772994129158509624e-02 9.997284922271338914e-01 2.715080881468531554e-04
-5.968688845401175225e-02 9.997202927603006106e-01 2.797075666633643139e-04
-6.164383561643831111e-02 9.997120932934671078e-01 2.879070451798750388e-04
-6.360078277886505038e-02 9.997038938266338270e-01 2.961065236963862516e-04
-6.555772994129160924e-02 9.996947577712345101e-01 3.052425876927838174e-04
-6.751467710371826525e-02 9.996798254157202024e-01 3.201749327048998605e-04
-6.947162426614482411e-02 9.996648930602056726e-01 3.351072777170150904e-04
-7.142857142857138297e-02 9.996499607046911429e-01 3.500396227291303745e-04
-7.338551859099803898e-02 9.996350283491766131e-01 3.649719677412464718e-04
-7.534246575342459784e-02 9.996200959936623054e-01 3.799043127533616475e-04
-7.729941291585135099e-02 9.996051636381477756e-01 3.948366577654777447e-04
-7.925636007827790985e-02 9.995902312826332459e-01 4.097690027775930288e-04
-8.121330724070456586e-02 9.995752989271190492e-01 4.247013477897090177e-04
-8.317025440313112472e-02 9.995603665716047415e-01 4.396336928018243018e-04
-8.512720156555768358e-02 9.995454342160901007e-01 4.545660378139395859e-04
-8.708414872798433959e-02 9.995305018605755709e-01 4.694983828260555748e-04
-8.904109589041098172e-02 9.995155695050613742e-01 4.844307278381709131e-04
-9.099804305283763772e-02 9.995006371495468445e-01 4.993630728502868477e-04
-9.295499021526419658e-02 9.994857047940323147e-01 5.142954178624021318e-04
-9.491193737769085259e-02 9.994707724385177849e-01 5.292277628745182833e-04
-9.686888454011741145e-02 9.994485370501586807e-01 5.514631444854031089e-04
-9.882583170254397031e-02 9.994248411296930978e-01 5.751590589535134036e-04
-1.007827788649707096e-01 9.994011452092274039e-01 5.988549734216247825e-04
-1.027397260273972823e-01 9.993774492887619321e-01 6.225508878897349687e-04
-1.046966731898239245e-01 9.993537533682961271e-01 6.462468023578463476e-04
-1.066536203522504833e-01 9.993300574478305442e-01 6.699427168259566422e-04
-1.086105675146771393e-01 9.993063615273649614e-01 6.936386312940681295e-04
-1.105675146771036982e-01 9.992826656068993785e-01 7.173345457621783158e-04
-1.125244618395302570e-01 9.992589696864337956e-01 7.410304602302885020e-04
-1.144814090019570102e-01 9.992352737659679907e-01 7.647263746983997725e-04
-1.164383561643835691e-01 9.992115778455024078e-01 7.884222891665101755e-04
-1.183953033268102251e-01 9.991865039132659110e-01 8.134962157584519358e-04
-1.203522504892367839e-01 9.991517586495353154e-01 8.482414763209074251e-04
-1.223091976516634399e-01 9.991170133858043867e-01 8.829867368833643239e-04
-1.242661448140899988e-01 9.990822681220739021e-01 9.177319974458197048e-04
-1.262230919765167381e-01 9.990475228583430845e-01 9.524772580082768204e-04
-1.281800391389432969e-01 9.990127775946123778e-01 9.872225185707322014e-04
-1.301369863013698558e-01 9.989780323308816712e-01 1.021967779133187582e-03
-1.320939334637964979e-01 9.989432870671510756e-01 1.056713039695644264e-03
-1.340508806262230845e-01 9.989085418034202579e-01 1.091458300258099645e-03
-1.360078277886497267e-01 9.988737965396896623e-01 1.126203560820556761e-03
-1.379647749510763688e-01 9.988299486297668173e-01 1.170051468631349515e-03
-1.399217221135030387e-01 9.987835403289021530e-01 1.216459767681315682e-03
-1.418786692759295975e-01 9.987371320280375997e-01 1.262868066731279246e-03
-1.438356164383561564e-01 9.986907237271727134e-01 1.309276365781242594e-03
-1.457925636007827985e-01 9.986443154263080491e-01 1.355684664831208544e-03
-1.477495107632093574e-01 9.985979071254433848e-01 1.402092963881172109e-03
-1.497064579256361105e-01 9.985514988245787205e-01 1.448501262931138275e-03
-1.516634050880626694e-01 9.985006345556550755e-01 1.499365529983274180e-03
-1.536203522504893115e-01 9.984410346972441008e-01 1.558965386411799740e-03
-1.555772994129158704e-01 9.983814348388331261e-01 1.618565242840322264e-03
-1.575342465753424293e-01 9.983218349804222624e-01 1.678165099268844572e-03
-1.594911937377690991e-01 9.982622351220112877e-01 1.737764955697369915e-03
-1.614481409001956580e-01 9.982026352636000910e-01 1.797364812125892223e-03
-1.634050880626224111e-01 9.981430354051892273e-01 1.856964668554418000e-03
-1.653620352250489700e-01 9.980718919942687117e-01 1.928108077096196173e-03
-1.673189823874756121e-01 9.979980171379583265e-01 2.001982930934333334e-03
-1.692759295499021710e-01 9.979241422816478302e-01 2.075857784772465724e-03
-1.712328767123287299e-01 9.978502674253373339e-01 2.149732638610598115e-03
-1.731898238747553720e-01 9.977763925690268376e-01 2.223607492448735276e-03
-1.751467710371820419e-01 9.977002289606033969e-01 2.299771098634093014e-03
-1.771037181996086840e-01 9.976100766369062622e-01 2.389923421526114755e-03
-1.790606653620352429e-01 9.975199243132091276e-01 2.480075744418131292e-03
-1.810176125244619127e-01 9.974297719895119929e-01 2.570228067310152600e-03
-1.829745596868884716e-01 9.973396196658150803e-01 2.660380390202169137e-03
-1.849315068493150305e-01 9.972488138486681475e-01 2.751186206545467444e-03
-1.868884540117417559e-01 9.971420613276440470e-01 2.857938726804363193e-03
-1.888454011741683425e-01 9.970353088066201686e-01 2.964691247063253737e-03
-1.908023483365949846e-01 9.969285562855958460e-01 3.071443767322148619e-03
-1.927592954990215435e-01 9.968218037645717455e-01 3.178196287581038296e-03
-1.947162426614481856e-01 9.967068619785607320e-01 3.293138072578496306e-03
-1.966731898238747445e-01 9.965826855630639525e-01 3.417314486781914112e-03
-1.986301369863013033e-01 9.964585091475669509e-01 3.541490900985333652e-03
-2.005870841487280565e-01 9.963343327320701714e-01 3.665667315188758397e-03
-2.025440313111546153e-01 9.962037603159354937e-01 3.796239729815679975e-03
-2.045009784735812852e-01 9.960616966833220065e-01 3.938303360536388707e-03
-2.064579256360078441e-01 9.959196330507085193e-01 4.080366991257089633e-03
-2.084148727984344862e-01 9.957775694180952542e-01 4.222430621977798365e-03
-2.103718199608610451e-01 9.956211005676787185e-01 4.378899486933691618e-03
-2.123287671232876872e-01 9.954570907580221339e-01 4.542909319731693735e-03
-2.142857142857143571e-01 9.952930809483655494e-01 4.706919152529704525e-03
-2.162426614481409159e-01 9.951290711387088539e-01 4.870928985327707510e-03
-2.181996086105675581e-01 9.949472877567812068e-01 5.052712356060865689e-03
-2.201565557729941169e-01 9.947646708345698752e-01 5.235329265467309964e-03
-2.221135029354207868e-01 9.945820539123588766e-01 5.417946174873767250e-03
-2.240704500978474289e-01 9.943835120370738689e-01 5.616488059431593537e-03
-2.260273972602739878e-01 9.941758035700314355e-01 5.824196548455719442e-03
-2.279843444227006299e-01 9.939680951029887801e-01 6.031905037479854889e-03
-2.299412915851272166e-01 9.937540355367044942e-01 6.245964614647206078e-03
-2.318982387475538587e-01 9.935261099760968051e-01 6.473890161906878903e-03
-2.338551859099804175e-01 9.932981844154891160e-01 6.701815709166541318e-03
-2.358121330724071707e-01 9.930622294506499248e-01 6.937770667497194024e-03
-2.377690802348337296e-01 9.928103376194730156e-01 7.189662505740468043e-03
-2.397260273972602884e-01 9.925584457882963285e-01 7.441554343983743797e-03
-2.416829745596869305e-01 9.922971321294504765e-01 7.702868008929162832e-03
-2.436399217221134894e-01 9.920187680726413326e-01 7.981232070088373903e-03
-2.455968688845401593e-01 9.917404040158319667e-01 8.259596131247600587e-03
-2.475538160469667182e-01 9.914567094663186975e-01 8.543290683852174799e-03
-2.495107632093934436e-01 9.911583947161679564e-01 8.841605433641982342e-03
-2.514677103718200302e-01 9.908516489883976153e-01 9.148351159060767041e-03
-2.534246575342465890e-01 9.905364722830076740e-01 9.463527860108535833e-03
-2.553816046966732034e-01 9.902128645999979106e-01 9.787135536785313006e-03
-2.573385518590997623e-01 9.898808259393684361e-01 1.011917418909106560e-02
-2.592954990215264321e-01 9.895372524240564349e-01 1.046274769876754523e-02
-2.612524461839531020e-01 9.891792866872231027e-01 1.082071343696040799e-02
-2.632093933463797164e-01 9.888105642006579377e-01 1.118943592639996126e-02
-2.651663405088063308e-01 9.884310849643616059e-01 1.156891516708618423e-02
-2.671232876712328896e-01 9.880408489783334414e-01 1.195915115901906994e-02
-2.690802348336595040e-01 9.876398562425738881e-01 1.236014390219866352e-02
-2.710371819960860629e-01 9.872251060581405113e-01 1.277489409222034959e-02
-2.729941291585128438e-01 9.867945982437449359e-01 1.320540190814168194e-02
-2.749510763209394026e-01 9.863513025389663014e-01 1.364869761369573789e-02
-2.769080234833660170e-01 9.858952189438047187e-01 1.410478120888256082e-02
-2.788649706457925759e-01 9.854263474582602989e-01 1.457365269370210215e-02
-2.808219178082191347e-01 9.849446880823327088e-01 1.505531206815438963e-02
-2.827788649706458046e-01 9.844467085612862434e-01 1.555329158930656049e-02
-2.847358121330723635e-01 9.839308028005115947e-01 1.606919735282769796e-02
-2.866927592954990889e-01 9.833999312730559161e-01 1.660006888371681755e-02
-2.886497064579256477e-01 9.828540939789195408e-01 1.714590618197383426e-02
-2.906066536203523176e-01 9.822932909181023575e-01 1.770670924759882442e-02
-2.925636007827788765e-01 9.817175220906041444e-01 1.828247808059171864e-02
-2.945205479452054353e-01 9.811246233605852574e-01 1.887537681546123947e-02
-2.964774951076321052e-01 9.805134302167872740e-01 1.948656996274974323e-02
-2.984344422700587751e-01 9.798850605650849532e-01 2.011493961726961571e-02
-3.003913894324853895e-01 9.792392197226533757e-01 2.076078046166516741e-02
-3.023483365949119483e-01 9.785756130066665115e-01 2.142438717858054925e-02
-3.043052837573386182e-01 9.778939457342992192e-01 2.210605445066006133e-02
-3.062622309197651771e-01 9.771939232227258021e-01 2.280607696054786498e-02
-3.082191780821917360e-01 9.764752507891205635e-01 2.352474939088822214e-02
-3.101761252446184614e-01 9.757376337506586950e-01 2.426236642432541557e-02
-3.121330724070450202e-01 9.749807774245142777e-01 2.501922274350358577e-02
-3.140900195694716901e-01 9.742043871278618372e-01 2.579561303106705020e-02
-3.160469667318982490e-01 9.734081681778761208e-01 2.659183196965993895e-02
-3.180039138943249188e-01 9.725908458177250360e-01 2.740915432109424649e-02
-3.199608610567514777e-01 9.717521724033082453e-01 2.824782772904105288e-02
-3.219178082191780366e-01 9.708923195407967999e-01 2.910768058469276331e-02
-3.238747553816047620e-01 9.700109521636881560e-01 2.998904795458324363e-02
-3.258317025440313208e-01 9.691077352054804361e-01 3.089226490524621047e-02
-3.277886497064578797e-01 9.681823335996704305e-01 3.181766650321556089e-02
-3.297455968688846606e-01 9.672344122797567056e-01 3.276558781502500461e-02
-3.317025440313112195e-01 9.662636361792356077e-01 3.373636390720846645e-02
-3.336594911937377783e-01 9.652696702316059252e-01 3.473032984629965958e-02
-3.356164383561643372e-01 9.642521793703646704e-01 3.574782069883242208e-02
-3.375733855185910626e-01 9.632108285290095218e-01 3.678917153134063367e-02
-3.395303326810176214e-01 9.621452826410381576e-01 3.785471741035797977e-02
-3.414872798434443468e-01 9.610584992668742554e-01 3.894150078202138904e-02
-3.434442270058709057e-01 9.599491653440669348e-01 4.005083470687386543e-02
-3.454011741682974646e-01 9.588158530091857035e-01 4.118414704620992212e-02
-3.473581213307240789e-01 9.576583168557625259e-01 4.234168320670726043e-02
-3.493150684931506378e-01 9.564763114773287001e-01 4.352368859504370663e-02
-3.512720156555773632e-01 9.552695914674155242e-01 4.473040861789714939e-02
-3.532289628180039220e-01 9.540379114195542964e-01 4.596208868194526231e-02
-3.551859099804306474e-01 9.527810259272766480e-01 4.721897419386598960e-02
-3.571428571428572063e-01 9.514986895841139880e-01 4.850131056033697707e-02
-3.590998043052837652e-01 9.501906569835976146e-01 4.980934318803617589e-02
-3.610567514677103240e-01 9.488566827192588260e-01 5.114331748364124575e-02
-3.630136986301368829e-01 9.474965213846290313e-01 5.250347885383006147e-02
-3.649706457925636638e-01 9.461085435935249199e-01 5.389145666192225737e-02
-3.669275929549902227e-01 9.446931470720044688e-01 5.530685319279168149e-02
-3.688845401174169480e-01 9.432503694709152287e-01 5.674963080051781406e-02
-3.708414872798435069e-01 9.417799319951508652e-01 5.822006827986044714e-02
-3.727984344422700658e-01 9.402815558496033788e-01 5.971844442557962263e-02
-3.747553816046966246e-01 9.387549622391655468e-01 6.124503803243513261e-02
-3.767123287671231835e-01 9.371998723687302579e-01 6.280012789518697736e-02
-3.786692759295499644e-01 9.356160074431900675e-01 6.438399280859516405e-02
-3.806262230919765233e-01 9.340030886674373090e-01 6.599691156741940845e-02
-3.825831702544032487e-01 9.323608372463652039e-01 6.763916296641986348e-02
-3.845401174168298075e-01 9.306889743848658636e-01 6.931102580035625182e-02
-3.864970645792563664e-01 9.289872212878325097e-01 7.101277886398868477e-02
-3.884540117416829252e-01 9.272715372402349221e-01 7.272846291945170294e-02
-3.904109589041096506e-01 9.255318912101486717e-01 7.446810896982375416e-02
-3.923679060665362095e-01 9.237663599901003719e-01 7.623364021742493057e-02
-3.943248532289627684e-01 9.219750157535742119e-01 7.802498448944997222e-02
-3.962818003913895493e-01 9.201579306740530484e-01 7.984206961309368855e-02
-3.982387475538161081e-01 9.183151769250208485e-01 8.168482341555044490e-02
-4.001956947162426670e-01 9.164468266799610241e-01 8.355317372401512011e-02
-4.021526418786692259e-01 9.145529521123572092e-01 8.544704836568220441e-02
-4.041095890410959512e-01 9.126336253956925937e-01 8.736637516774647949e-02
-4.060665362035225101e-01 9.106889187034513666e-01 8.931108195740247724e-02
-4.080234833659490690e-01 9.087189042091164959e-01 9.128109656184485443e-02
-4.099804305283758499e-01 9.067236540861720595e-01 9.327634680826843439e-02
-4.119373776908024087e-01 9.046569629729963591e-01 9.534303791081211177e-02
-4.138943248532289676e-01 9.025518966510901464e-01 9.744810419428426296e-02
-4.158512720156556930e-01 9.004092605016338347e-01 9.959074028053035987e-02
-4.178082191780822519e-01 8.982282223387398901e-01 1.017717783532208486e-01
-4.197651663405088107e-01 8.960079499765213340e-01 1.039920505960257036e-01
-4.217221135029353696e-01 8.937476112290901886e-01 1.062523891926153707e-01
-4.236790606653620950e-01 8.914463739105592532e-01 1.085536263266601992e-01
-4.256360078277886538e-01 8.891034058350411051e-01 1.108965941818301770e-01
-4.275929549902154347e-01 8.867178748166482105e-01 1.132821249417957782e-01
-4.295499021526419936e-01 8.842889486694935908e-01 1.157110507902270324e-01
-4.315068493150685525e-01 8.818157952076894901e-01 1.181842039107944969e-01
-4.334637964774951113e-01 8.793027079624704534e-01 1.206972907832002673e-01
-4.354207436399216702e-01 8.768675846890685577e-01 1.231324139546968732e-01
-4.373776908023483956e-01 8.744166854017092483e-01 1.255833131704089944e-01
-4.393346379647749544e-01 8.719515655792242637e-01 1.280484329554151812e-01
-4.412915851272017354e-01 8.694737807004441210e-01 1.305262178347948443e-01
-4.432485322896282942e-01 8.669848862442012249e-01 1.330151123336265340e-01
-4.452054794520548531e-01 8.644864376893264257e-01 1.355135609769894389e-01
-4.471624266144814119e-01 8.619799905146516839e-01 1.380200082899621372e-01
-4.491193737769079708e-01 8.594297190469402103e-01 1.405702798635471151e-01
-4.510763209393346962e-01 8.568050945362302162e-01 1.431949043776792885e-01
-4.530332681017612551e-01 8.541439337851453040e-01 1.458560651172086109e-01
-4.549902152641879804e-01 8.514446247090678987e-01 1.485553741633638403e-01
-4.569471624266145393e-01 8.487055552233806477e-01 1.512944435973728463e-01
-4.589041095890410982e-01 8.459251132434664200e-01 1.540748855004641649e-01
-4.608610567514677125e-01 8.431016866847074187e-01 1.568983119538658877e-01
-4.628180039138942714e-01 8.402336634624858469e-01 1.597663350388062731e-01
-4.647749510763209968e-01 8.374061421622600587e-01 1.625938563265239833e-01
-4.667318982387475557e-01 8.345835380103571177e-01 1.654164605245815878e-01
-4.686888454011742811e-01 8.317548441612803156e-01 1.682451544577421298e-01
-4.706457925636008399e-01 8.289230395292201958e-01 1.710769592169016640e-01
-4.726027397260273988e-01 8.260911030283673018e-01 1.739088958929569384e-01
-4.745596868884539576e-01 8.232620135729112887e-01 1.767379855768039798e-01
-4.765166340508805165e-01 8.204387500770433661e-01 1.795612493593393699e-01
-4.784735812133070754e-01 8.175774830637090318e-01 1.824225166491662553e-01
-4.804305283757340228e-01 8.145237451276928775e-01 1.854762546092366127e-01
-4.823874755381605817e-01 8.113965733780217349e-01 1.886034263179390824e-01
-4.843444227005871405e-01 8.081889660544401277e-01 1.918110335249361420e-01
-4.863013698630136994e-01 8.048939213966929129e-01 1.951060779798899913e-01
-4.882583170254402583e-01 8.015044376445252805e-01 1.984955614324626638e-01
-4.902152641878670392e-01 7.980135130376808661e-01 2.019864856323168034e-01
-4.921722113502935980e-01 7.944141458159049707e-01 2.055858523291136386e-01
-4.941291585127201569e-01 7.909355071797370407e-01 2.090644906332330688e-01
-4.960861056751467157e-01 7.875917878366367475e-01 2.124082098554713194e-01
-4.980430528375734411e-01 7.842783165377318344e-01 2.157216811011467561e-01
-5.000000000000000000e-01 7.810053885884691294e-01 2.189946090777665777e-01
-5.000000000000000000e-01 7.810053885884691294e-01 2.189946090777665777e-01
-4.980430528375733301e-01 7.789143490782750590e-01 2.210856492379768556e-01
-4.960861056751467713e-01 7.768568650204598081e-01 2.231431334596938876e-01
-4.941291585127201569e-01 7.749835347803624153e-01 2.250164640151421369e-01
-4.921722113502935980e-01 7.734062793825688953e-01 2.265937194397379673e-01
-4.902152641878669281e-01 7.718512935833289346e-01 2.281487052427882967e-01
-4.882583170254402583e-01 7.705223250512527322e-01 2.294776742127825897e-01
-4.863013698630136994e-01 7.692241770556080827e-01 2.307758227055420053e-01
-4.843444227005870295e-01 7.681082664906159208e-01 2.318917335153052317e-01
-4.823874755381604706e-01 7.670291538683515764e-01 2.329708463313865940e-01
-4.804305283757338563e-01 7.660270937137767522e-01 2.339729065818525466e-01
-4.784735812133072974e-01 7.651081739092253642e-01 2.348918263766320291e-01
-4.765166340508806275e-01 7.642586617379980574e-01 2.357413384498767694e-01
-4.745596868884539576e-01 7.634785572000957199e-01 2.365214428015869341e-01
-4.726027397260273988e-01 7.627741099727120000e-01 2.372258899300394019e-01
-4.706457925636007844e-01 7.621451096997926555e-01 2.378548901853835273e-01
-4.686888454011742255e-01 7.615893146492992427e-01 2.384106852367156582e-01
-4.667318982387475557e-01 7.611067248212325387e-01 2.388932750840358499e-01
-4.647749510763208858e-01 7.606860445147176630e-01 2.393139553611882131e-01
-4.628180039138943269e-01 7.603243049744998761e-01 2.396756948058106351e-01
-4.608610567514677125e-01 7.600276304793189830e-01 2.399723691755059063e-01
-4.589041095890410982e-01 7.597960210291749839e-01 2.402039784702739156e-01
-4.569471624266144838e-01 7.596174886580997487e-01 2.403825107144998974e-01
-4.549902152641878139e-01 7.594839660457333164e-01 2.405160332678556445e-01
-4.530332681017612551e-01 7.594049817857970730e-01 2.405950174901875793e-01
-4.510763209393345852e-01 7.593805358782903525e-01 2.406194633814958683e-01
-4.491193737769080263e-01 7.594052577427836681e-01 2.405947415157536629e-01
-4.471624266144814119e-01 7.594696069220283619e-01 2.405303923387406284e-01
-4.452054794520548531e-01 7.595770330281677030e-01 2.404229662424605674e-01
-4.432485322896281832e-01 7.597254506489867776e-01 2.402745486366215100e-01
-4.412915851272015133e-01 7.599136801483286074e-01 2.400863191552136122e-01
-4.393346379647749544e-01 7.601422483553119669e-01 2.398577509675948738e-01
-4.373776908023483401e-01 7.604081342496700202e-01 2.395918650911732506e-01
-4.354207436399217812e-01 7.607097306431387373e-01 2.392902687118849958e-01
-4.334637964774951113e-01 7.610454303474551985e-01 2.389545690156665292e-01
-4.315068493150685525e-01 7.614136261743562617e-01 2.385863731884538819e-01
-4.295499021526418826e-01 7.618127109355783411e-01 2.381872884161834181e-01
-4.275929549902152127e-01 7.622410774428582947e-01 2.377589218847914743e-01
-4.256360078277886538e-01 7.626976959290339142e-01 2.373023033660990322e-01
-4.236790606653620395e-01 7.631861683076659464e-01 2.368138310072413211e-01
-4.217221135029353696e-01 7.637014857359681885e-01 2.362985136075219095e-01
-4.197651663405088107e-01 7.642423414373847868e-01 2.357576579448047438e-01
-4.178082191780821408e-01 7.648074286353584439e-01 2.351925707969541035e-01
-4.158512720156555820e-01 7.653954405533334171e-01 2.346045589418339627e-01
-4.138943248532289676e-01 7.660050704147522982e-01 2.339949291573085177e-01
-4.119373776908024087e-01 7.666350114430589002e-01 2.333649882212417426e-01
-4.099804305283757389e-01 7.672839568616971473e-01 2.327160429114977502e-01
-4.080234833659490690e-01 7.679587064006940800e-01 2.320412934493170654e-01
-4.060665362035225101e-01 7.686534933406352632e-01 2.313465065829515832e-01
-4.041095890410958957e-01 7.693667549213187851e-01 2.306332450754912389e-01
-4.021526418786692814e-01 7.700975196688069069e-01 2.299024804001117417e-01
-4.001956947162426670e-01 7.708448161091614459e-01 2.291551840299888010e-01
-3.982387475538160526e-01 7.716076727684446634e-01 2.283923274382977375e-01
-3.962818003913894382e-01 7.723851181727188209e-01 2.276148820982144549e-01
-3.943248532289627684e-01 7.731761808480465126e-01 2.268238194829144683e-01
-3.923679060665362095e-01 7.739841402104206125e-01 2.260158601764482300e-01
-3.904109589041095951e-01 7.748071490591718069e-01 2.251928513785581010e-01
-3.884540117416829808e-01 7.756431376667050070e-01 2.243568628158676415e-01
-3.864970645792563664e-01 7.764913640862542987e-01 2.235086364344244791e-01
-3.845401174168296965e-01 7.773510863710529906e-01 2.226489141802760474e-01
-3.825831702544031376e-01 7.782215625743353904e-01 2.217784379994700017e-01
-3.806262230919765233e-01 7.791020507493355840e-01 2.208979498380538586e-01
-3.786692759295499089e-01 7.799918089492867690e-01 2.200081916420751349e-01
-3.767123287671232945e-01 7.808917958105643375e-01 2.191082047857086934e-01
-3.747553816046966246e-01 7.818019203242621007e-01 2.181980802814560694e-01
-3.727984344422700658e-01 7.827203430089240133e-01 2.172796576027814230e-01
-3.708414872798433959e-01 7.836464508226266279e-01 2.163535497917436490e-01
-3.688845401174168370e-01 7.845796307234469413e-01 2.154203698904015862e-01
-3.669275929549902227e-01 7.855192696694612842e-01 2.144807309408139628e-01
-3.649706457925635528e-01 7.864647546187473193e-01 2.135352459850397566e-01
-3.630136986301369939e-01 7.874154725293802670e-01 2.125845280651378344e-01
-3.610567514677103240e-01 7.883713025797896012e-01 2.116286980023634468e-01
-3.590998043052837096e-01 7.893325232480972176e-01 2.106674773179115778e-01
-3.571428571428571508e-01 7.902979003437461403e-01 2.097021002030450276e-01
-3.551859099804305364e-01 7.912669572107304816e-01 2.087330433137797592e-01
-3.532289628180039220e-01 7.922392268439022445e-01 2.077607736552655182e-01
-3.512720156555772522e-01 7.932142518889707672e-01 2.067857485817858887e-01
-3.493150684931506933e-01 7.941915846425022796e-01 2.058084157967578209e-01
-3.473581213307240789e-01 7.951707870519211241e-01 2.048292133527320757e-01
-3.454011741682974646e-01 7.961514493664689773e-01 2.038485510012008339e-01
-3.434442270058708502e-01 7.971332715392951407e-01 2.028667287938577257e-01
-3.414872798434442358e-01 7.981157730748906776e-01 2.018842272232211354e-01
-3.395303326810176214e-01 7.990985665561110007e-01 2.009014337068706912e-01
-3.375733855185909515e-01 8.000812750797964279e-01 1.999187251484275119e-01
-3.356164383561643927e-01 8.010635322567725147e-01 1.989364679375537626e-01
-3.336594911937377783e-01 8.020449822118504990e-01 1.979550179499534879e-01
-3.317025440313111639e-01 8.030252795838255242e-01 1.969747205473719176e-01
-3.297455968688845496e-01 8.040040895254798592e-01 1.959959105775957999e-01
-3.277886497064578797e-01 8.049810877035802337e-01 1.950189123744532071e-01
-3.258317025440313208e-01 8.059559602988772831e-01 1.940440397578137022e-01
-3.238747553816047065e-01 8.069284040061091012e-01 1.930715960335884773e-01
-3.219178082191780921e-01 8.078981260339974657e-01 1.921018739937297715e-01
-3.199608610567514777e-01 8.088648441052497251e-01 1.911351559162315916e-01
-3.180039138943248078e-01 8.098282864565595762e-01 1.901717135651292412e-01
-3.160469667318981934e-01 8.107881918386037334e-01 1.892118081904993754e-01
-3.140900195694715791e-01 8.117443095160458144e-01 1.882556905284603066e-01
-3.121330724070450202e-01 8.126962085322957385e-01 1.873037915107186868e-01
-3.101761252446184058e-01 8.136437339590807394e-01 1.863562660764546131e-01
-3.082191780821917915e-01 8.145867091120901904e-01 1.854132909165653875e-01
-3.062622309197651771e-01 8.155249168484266509e-01 1.844750831736972629e-01
-3.043052837573385072e-01 8.164581501303118660e-01 1.835418498853475244e-01
-3.023483365949118928e-01 8.173862120250883212e-01 1.826137879838648503e-01
-3.003913894324853340e-01 8.183089157052196860e-01 1.816910842964490347e-01
-2.984344422700587196e-01 8.192260844482888160e-01 1.807739155451509871e-01
-2.964774951076321052e-01 8.201375516369997509e-01 1.798624483468730384e-01
-2.945205479452054909e-01 8.210431607591767156e-01 1.789568392133684405e-01
-2.925636007827788210e-01 8.219427654077642309e-01 1.780572345512419496e-01
-2.906066536203522066e-01 8.228362292808271139e-01 1.771637706619492714e-01
-2.886497064579256477e-01 8.237234261815509218e-01 1.762765737417973655e-01
-2.866927592954990334e-01 8.246042400182413967e-01 1.753957598819447239e-01
-2.847358121330724190e-01 8.254785648043242441e-01 1.745214350684004823e-01
-2.827788649706457491e-01 8.263463046583465754e-01 1.736536951820254193e-01
-2.808219178082191902e-01 8.272073252837179869e-01 1.727926745302414968e-01
-2.788649706457925759e-01 8.280615010590697267e-01 1.719384987455586655e-01
-2.769080234833659615e-01 8.289088325971656346e-01 1.710911671989134852e-01
-2.749510763209393471e-01 8.297492612159430569e-01 1.702507385724227329e-01
-2.729941291585127328e-01 8.305827382065120723e-01 1.694172615750323962e-01
-2.710371819960860629e-01 8.314092248331563795e-01 1.685907749425179514e-01
-2.690802348336594485e-01 8.322286923333344077e-01 1.677713074374843072e-01
-2.671232876712328896e-01 8.330411219176758753e-01 1.669588778493654169e-01
-2.651663405088062753e-01 8.338465047699851196e-01 1.661534949944249995e-01
-2.632093933463796609e-01 8.346448420472392105e-01 1.653551577157559849e-01
-2.612524461839529910e-01 8.354361448795889489e-01 1.645638548832807635e-01
-2.592954990215264321e-01 8.362204343703585341e-01 1.637795653937509921e-01
-2.573385518590997623e-01 8.369977415960452305e-01 1.630022581707478158e-01
-2.553816046966732034e-01 8.377681076063199228e-01 1.622318921646815904e-01
-2.534246575342465890e-01 8.385315834240265609e-01 1.614684163527923544e-01
-2.514677103718199747e-01 8.392882300451830480e-01 1.607117697391491906e-01
-2.495107632093933048e-01 8.400381184389800193e-01 1.599618813546508367e-01
-2.475538160469667182e-01 8.407781567650827181e-01 1.592218430191240652e-01
-2.455968688845401038e-01 8.415109072046498273e-01 1.584890925675503381e-01
-2.436399217221134617e-01 8.422364032014739710e-01 1.577635965557969699e-01
-2.416829745596868750e-01 8.429546855860461374e-01 1.570453141530187280e-01
-2.397260273972602884e-01 8.436658025755565671e-01 1.563341971416575549e-01
-2.377690802348336740e-01 8.443698097738920882e-01 1.556301899174430403e-01
-2.358121330724070319e-01 8.450667701716402247e-01 1.549332294893923101e-01
-2.338551859099804175e-01 8.457567541460858651e-01 1.542432454798098873e-01
-2.318982387475538032e-01 8.464398394612123733e-01 1.535601601242874703e-01
-2.299412915851271610e-01 8.471161112677019212e-01 1.528838882717045156e-01
-2.279843444227006022e-01 8.477856621029347117e-01 1.522143373842278768e-01
-2.260273972602739878e-01 8.484485918909907554e-01 1.515514075373116665e-01
-2.240704500978473457e-01 8.491050079426468722e-01 1.508949914196976438e-01
-2.221135029354207313e-01 8.497550249553792456e-01 1.502449743334149102e-01
-2.201565557729941169e-01 8.503987650133624232e-01 1.496012341937799639e-01
-2.181996086105674748e-01 8.510363575874699826e-01 1.489636415293970062e-01
-2.162426614481408604e-01 8.516653482315700296e-01 1.483346508089787019e-01
-2.142857142857143016e-01 8.522860926872570797e-01 1.477139062884928189e-01
-2.123287671232876872e-01 8.529000959130497161e-01 1.470999029967821059e-01
-2.103718199608610451e-01 8.535074215169267120e-01 1.464925773261403219e-01
-2.084148727984344307e-01 8.541081369190961503e-01 1.458918618566484304e-01
-2.064579256360078441e-01 8.547023133519983107e-01 1.452976853561742110e-01
-2.045009784735811742e-01 8.552900258603042261e-01 1.447099727803722868e-01
-2.025440313111545876e-01 8.558713533009159047e-01 1.441286452726844303e-01
-2.005870841487280010e-01 8.564463783429656640e-01 1.435536201643391185e-01
-1.986301369863013588e-01 8.570151874678172410e-01 1.429848109743518114e-01
-1.966731898238747445e-01 8.575778709690649038e-01 1.424221274095249790e-01
-1.947162426614481578e-01 8.581345229525345619e-01 1.418654753644479349e-01
-1.927592954990214880e-01 8.586852413362826564e-01 1.413147569214969201e-01
-1.908023483365949013e-01 8.592301278505956041e-01 1.407698703508352411e-01
-1.888454011741682870e-01 8.597692880379925739e-01 1.402307101104127984e-01
-1.868884540117416448e-01 8.603028312532222666e-01 1.396971668459668636e-01
-1.849315068493150582e-01 8.608303863354619390e-01 1.391696117164687996e-01
-1.829745596868884716e-01 8.613506569958133685e-01 1.386493410044679075e-01
-1.810176125244618017e-01 8.618651487522045462e-01 1.381348491993080463e-01
-1.790606653620352151e-01 8.623739375313088651e-01 1.376260603746370381e-01
-1.771037181996086007e-01 8.628771012217559822e-01 1.371228966421544349e-01
-1.751467710371819586e-01 8.633747196741337060e-01 1.366252781516111847e-01
-1.731898238747553442e-01 8.638668747009861093e-01 1.361331230908100487e-01
-1.712328767123287854e-01 8.643536500768156383e-01 1.356463476856052952e-01
-1.692759295499021710e-01 8.648351315380813364e-01 1.351648661999027834e-01
-1.673189823874755289e-01 8.653114067831992884e-01 1.346885909356600464e-01
-1.653620352250489145e-01 8.657825654725436193e-01 1.342174322328860692e-01
-1.634050880626223001e-01 8.662486992284443854e-01 1.337512984696415108e-01
-1.614481409001956580e-01 8.667099016351902385e-01 1.332900960620388986e-01
-1.594911937377690436e-01 8.671662682390266497e-01 1.328337294642419342e-01
-1.575342465753424848e-01 8.676178965481554650e-01 1.323821011684660764e-01
-1.555772994129158426e-01 8.680648860327371263e-01 1.319351117049785693e-01
-1.536203522504892283e-01 8.685073381248884505e-01 1.314926596420980531e-01
-1.516634050880626139e-01 8.689449973969357588e-01 1.310550003903692695e-01
-1.497064579256359718e-01 8.693781635903332639e-01 1.306218342183123049e-01
-1.477495107632093574e-01 8.698069871623974603e-01 1.301930106711846058e-01
-1.457925636007827708e-01 8.702315628792396396e-01 1.297684349826359052e-01
-1.438356164383561564e-01 8.706519865283508519e-01 1.293480113648979302e-01
-1.418786692759295420e-01 8.710683548921946961e-01 1.289316430351919451e-01
-1.399217221135029277e-01 8.714807657217963355e-01 1.285192322421365163e-01
-1.379647749510762855e-01 8.718893177103372860e-01 1.281106802921547216e-01
-1.360078277886496712e-01 8.722941104667434331e-01 1.277058875758819712e-01
-1.340508806262230845e-01 8.726952444892763783e-01 1.273047535945733832e-01
-1.320939334637964147e-01 8.730928211391271176e-01 1.269071769865113553e-01
-1.301369863013698558e-01 8.734869426140041693e-01 1.265130555534129120e-01
-1.281800391389432414e-01 8.738777119217275846e-01 1.261222862868377204e-01
-1.262230919765166548e-01 8.742652328538169648e-01 1.257347653945948829e-01
-1.242661448140899988e-01 8.746496099590860274e-01 1.253503883271511743e-01
-1.223091976516633844e-01 8.750309485172310664e-01 1.249690498040382236e-01
-1.203522504892367839e-01 8.754085746061970319e-01 1.245914237513553874e-01
-1.183953033268101279e-01 8.757821537450064531e-01 1.242178446519562884e-01
-1.164383561643835691e-01 8.761525312109809116e-01 1.238474672229774309e-01
-1.144814090019569547e-01 8.765197559585737874e-01 1.234802425093440431e-01
-1.125244618395303126e-01 8.768838736651782817e-01 1.231161248330067265e-01
-1.105675146771036982e-01 8.772449265947080965e-01 1.227550719293608317e-01
-1.086105675146770977e-01 8.776029534611800020e-01 1.223970450836651125e-01
-1.066536203522504417e-01 8.779579892922918516e-01 1.220420092674608936e-01
-1.046966731898238412e-01 8.783100652930039276e-01 1.216899332749907525e-01
-1.027397260273972823e-01 8.786592087091192882e-01 1.213407898596178536e-01
-1.007827788649706263e-01 8.790054426908645580e-01 1.209945558702445190e-01
-9.882583170254401195e-02 8.793487861564706076e-01 1.206512123877316323e-01
-9.686888454011741145e-02 8.796892536557507913e-01 1.203107448613171260e-01
-9.491193737769075545e-02 8.800268552336847350e-01 1.199731432450355240e-01
-9.295499021526415495e-02 8.803615962939959072e-01 1.196384021341362486e-01
-9.099804305283754058e-02 8.806934774627341866e-01 1.193065209015030936e-01
-8.904109589041098172e-02 8.810224709804037602e-01 1.189775273099449859e-01
-8.708414872798433959e-02 8.813482791595603771e-01 1.186517191000742155e-01
-8.512720156555768358e-02 8.816711147647864344e-01 1.183288834633011988e-01
-8.317025440313112472e-02 8.819909474093012847e-01 1.180090507871565109e-01
-8.121330724070446871e-02 8.823077405442777410e-01 1.176922576213075278e-01
-7.925636007827781271e-02 8.826214513022674346e-01 1.173785468341337762e-01
-7.729941291585125385e-02 8.829320303406300585e-01 1.170679677693022142e-01
-7.534246575342469499e-02 8.832394216849609458e-01 1.167605764023425391e-01
-7.338551859099803898e-02 8.835435625725192033e-01 1.164564354972224131e-01
-7.142857142857138297e-02 8.838443832956556223e-01 1.161556147629229097e-01
-6.947162426614482411e-02 8.841418070452400357e-01 1.158581910100137113e-01
-6.751467710371818198e-02 8.844357497540891178e-01 1.155642483072282511e-01
-6.555772994129152598e-02 8.847261199403960719e-01 1.152738781380394650e-01
-6.360078277886496712e-02 8.850128185511554335e-01 1.149871795572345312e-01
-6.164383561643840131e-02 8.852957388055942012e-01 1.147042593474905947e-01
-5.968688845401175225e-02 8.855747660385975273e-01 1.144252321759499091e-01
-5.772994129158509624e-02 8.858497775441376287e-01 1.141502207507950617e-01
-5.577299412915853738e-02 8.861245674516755599e-01 1.138754309027216471e-01
-5.381604696673188831e-02 8.863980181437994821e-01 1.136019802620609892e-01
-5.185909980430523231e-02 8.866686534741957670e-01 1.133313449919399196e-01
-4.990215264187867344e-02 8.869365121885974812e-01 1.130634863472249063e-01
-4.794520547945201744e-02 8.872016369270501190e-01 1.127983616884778439e-01
-4.598825831702545858e-02 8.874640744259557623e-01 1.125359242799085502e-01
-4.403131115459880951e-02 8.877238757201233454e-01 1.122761230873264016e-01
-4.207436399217215350e-02 8.879810963448147021e-01 1.120189025760919554e-01
-4.011741682974559464e-02 8.882357965377927211e-01 1.117642025090694602e-01
-3.816046966731893864e-02 8.884880414413671712e-01 1.115119577445780330e-01
-3.620352250489228957e-02 8.887379013044451881e-01 1.112620980343440036e-01
-3.424657534246573071e-02 8.889854516845749899e-01 1.110145478214526055e-01
-3.228962818003916491e-02 8.892307736499966975e-01 1.107692260382998339e-01
-3.033268101761251584e-02 8.894739539816878260e-01 1.105260459045444010e-01
-2.837573385518586330e-02 8.897150853754114408e-01 1.102849147250595241e-01
-2.641878669275930097e-02 8.899542666437637584e-01 1.100457336878849224e-01
-2.446183953033264843e-02 8.901923128448243627e-01 1.098076877005734198e-01
-2.250489236790599937e-02 8.904304643122542551e-01 1.095695363713525827e-01
-2.054794520547943704e-02 8.906674307027605542e-01 1.093325701107867448e-01
-1.859099804305287471e-02 8.909033530126997391e-01 1.090966479206674083e-01
-1.663405088062622564e-02 8.911383769375097463e-01 1.088616241036138022e-01
-1.467710371819957137e-02 8.913726528717148545e-01 1.086273482630732701e-01
-1.272015655577301077e-02 8.916063359089219098e-01 1.083936653033209241e-01
-1.076320939334645017e-02 8.918395858418221023e-01 1.081604154294598386e-01
-8.806262230919707432e-03 8.920725671621907438e-01 1.079274341474209808e-01
-6.849315068493145968e-03 8.923054490608879341e-01 1.076945522639632669e-01
-4.892367906066493431e-03 8.925384054278560075e-01 1.074615958866734639e-01
-2.935420743639932401e-03 8.927716148521226414e-01 1.072283864239663154e-01
-9.784735812132805150e-04 8.930052606217994127e-01 1.069947405850844024e-01
9.784735812133715880e-04 8.932395307240816873e-01 1.067604703800983101e-01
2.935420743639932401e-03 8.934746178452488419e-01 1.065253831199064194e-01
4.892367906066584504e-03 8.937107193706641528e-01 1.062892814162351152e-01
6.849315068493145968e-03 8.939480373847754624e-01 1.060519631816386199e-01
8.806262230919797637e-03 8.941779801347897738e-01 1.058220203219312483e-01
1.076320939334635823e-02 8.944068477179003551e-01 1.055931526287182537e-01
1.272015655577310271e-02 8.946352654315814501e-01 1.053647347940042112e-01
1.467710371819966331e-02 8.948632438214529916e-01 1.051367562725502164e-01
1.663405088062622564e-02 8.950907903431821744e-01 1.049092096091207293e-01
1.859099804305287471e-02 8.953179093624825668e-01 1.046820904384835743e-01
2.054794520547943704e-02 8.955446021551144442e-01 1.044553974854101619e-01
2.250489236790608957e-02 8.957708669068853435e-01 1.042291325646751143e-01
2.446183953033264843e-02 8.959966987136488425e-01 1.040033005810566125e-01
2.641878669275939465e-02 8.962220895813051147e-01 1.037779095293361181e-01
2.837573385518595351e-02 8.964470284258019284e-01 1.035529704942986379e-01
3.033268101761251584e-02 8.966715010731326485e-01 1.033284976507324593e-01
3.228962818003916491e-02 8.968954902593391232e-01 1.031045082634294008e-01
3.424657534246573071e-02 8.971189756305071317e-01 1.028810226871845618e-01
3.620352250489237977e-02 8.973419337427719356e-01 1.026580643667965032e-01
3.816046966731893864e-02 8.975643380623141709e-01 1.024356598370672611e-01
4.011741682974568485e-02 8.977802556716649729e-01 1.022197420614500002e-01
4.207436399217224371e-02 8.979892086257968975e-01 1.020107889883932195e-01
4.403131115459880951e-02 8.981956329105760251e-01 1.018043645985017148e-01
4.598825831702545858e-02 8.983994180349988978e-01 1.016005793841293636e-01
4.794520547945201744e-02 8.986004535080632794e-01 1.013995438376300989e-01
4.990215264187876365e-02 8.987986288387659339e-01 1.012013684513577982e-01
5.185909980430532251e-02 8.989938335361036259e-01 1.010061637176664084e-01
5.381604696673197852e-02 8.991859571090738967e-01 1.008140401289097932e-01
5.577299412915853738e-02 8.993748890666732887e-01 1.006251081774418715e-01
5.772994129158509624e-02 8.995605189178994543e-01 1.004394783556165904e-01
5.968688845401175225e-02 8.997427361717488248e-01 1.002572611557877719e-01
6.164383561643831111e-02 8.999214303372184975e-01 1.000785670703094044e-01
6.360078277886505038e-02 9.000964909233059030e-01 9.990350659153539314e-02
6.555772994129160924e-02 9.002678074390073615e-01 9.973219021181958799e-02
6.751467710371826525e-02 9.004352693933206364e-01 9.956472842351594965e-02
6.947162426614482411e-02 9.006069037994908211e-01 9.939309411857460974e-02
7.142857142857138297e-02 9.007783076718225423e-01 9.922169033476380129e-02
7.338551859099803898e-02 9.009476313862607721e-01 9.905236671803904769e-02
7.534246575342459784e-02 9.011148876735743940e-01 9.888511053752684077e-02
7.729941291585135099e-02 9.012800892645314033e-01 9.871990906235361685e-02
7.925636007827790985e-02 9.014432488899009055e-01 9.855674956164571510e-02
8.121330724070456586e-02 9.016043792804513402e-01 9.839561930452955796e-02
8.317025440313112472e-02 9.017634931669504805e-01 9.823650556013158175e-02
8.512720156555768358e-02 9.019206032801676542e-01 9.807939559757816728e-02
8.708414872798433959e-02 9.020757223508707456e-01 9.792427668599573698e-02
8.904109589041098172e-02 9.022288631098289713e-01 9.777113609451071330e-02
9.099804305283763772e-02 9.023800382878102155e-01 9.761996109224946316e-02
9.295499021526419658e-02 9.025292606155831399e-01 9.747073894833840901e-02
9.491193737769085259e-02 9.026765428239164057e-01 9.732345693190397329e-02
9.686888454011741145e-02 9.028224574664085456e-01 9.717754248715158860e-02
9.882583170254397031e-02 9.029776579985584473e-01 9.702234211873649039e-02
1.007827788649707096e-01 9.031332553813085084e-01 9.686674489885671591e-02
1.027397260273972823e-01 9.032894078524249526e-01 9.671059258909867062e-02
1.046966731898239245e-01 9.034462736496717827e-01 9.655372695104866287e-02
1.066536203522504833e-01 9.036040110108152223e-01 9.639598974629312589e-02
1.086105675146771393e-01 9.037627781736194965e-01 9.623722273641835412e-02
1.105675146771036982e-01 9.039227333758499405e-01 9.607726768301083631e-02
1.125244618395302570e-01 9.040840348552721117e-01 9.591596634765686691e-02
1.144814090019570102e-01 9.042468408496502352e-01 9.575316049194276813e-02
1.164383561643835691e-01 9.044113095967503124e-01 9.558869187745502871e-02
1.183953033268102251e-01 9.045775993343367904e-01 9.542240226577992923e-02
1.203522504892367839e-01 9.047458683001752267e-01 9.525413341850390292e-02
1.223091976516634399e-01 9.049162747320302902e-01 9.508372709721327198e-02
1.242661448140899988e-01 9.050889768676675384e-01 9.491102506349445578e-02
1.262230919765167381e-01 9.052607966982839649e-01 9.473920530861319744e-02
1.281800391389432969e-01 9.054262536033230724e-01 9.457374842393323489e-02
1.301369863013698558e-01 9.055921489244148637e-01 9.440785310080414272e-02
1.320939334637964979e-01 9.057584956286537370e-01 9.424150637074768522e-02
1.340508806262230845e-01 9.059253066831334245e-01 9.407469526528575154e-02
1.360078277886497267e-01 9.060925950549485464e-01 9.390740681594017536e-02
1.379647749510763688e-01 9.062603737111931679e-01 9.373962805423274869e-02
1.399217221135030387e-01 9.064286556189619093e-01 9.357134601168529131e-02
1.418786692759295975e-01 9.065974537453487248e-01 9.340254771981973403e-02
1.438356164383561564e-01 9.067667810574480125e-01 9.323322021015781336e-02
1.457925636007827985e-01 9.069366505223541708e-01 9.306335051422133520e-02
1.477495107632093574e-01 9.071070751071612648e-01 9.289292566353224423e-02
1.497064579256361105e-01 9.072780677789635817e-01 9.272193268961226309e-02
1.516634050880626694e-01 9.074496415048554088e-01 9.255035862398332258e-02
1.536203522504893115e-01 9.076218092519309222e-01 9.237819049816713146e-02
1.555772994129158704e-01 9.077883852985797475e-01 9.221161415565833075e-02
1.575342465753424293e-01 9.079490054164385260e-01 9.205099383093694188e-02
1.594911937377690991e-01 9.081079108644556364e-01 9.189208817958693931e-02
1.614481409001956580e-01 9.082649706492464947e-01 9.173502819647111339e-02
1.634050880626224111e-01 9.084200537774277384e-01 9.157994487645224058e-02
1.653620352250489700e-01 9.085730292556157828e-01 9.142696921439305568e-02
1.673189823874756121e-01 9.087237660904259329e-01 9.127623220515626579e-02
1.692759295499021710e-01 9.088721332884750481e-01 9.112786484360471673e-02
1.712328767123287299e-01 9.090179998563790997e-01 9.098199812460111557e-02
1.731898238747553720e-01 9.091612348007542810e-01 9.083876304300816940e-02
1.751467710371820419e-01 9.093017071282168962e-01 9.069829059368872404e-02
1.771037181996086840e-01 9.094392858453828055e-01 9.056071177150543106e-02
1.790606653620352429e-01 9.095738399588679801e-01 9.042615757132119181e-02
1.810176125244619127e-01 9.097052384752891685e-01 9.029475898799857458e-02
1.829745596868884716e-01 9.098333504012623418e-01 9.016664701640052237e-02
1.849315068493150305e-01 9.099726174351276953e-01 9.002737995384232916e-02
1.868884540117417559e-01 9.101143625789112068e-01 8.988563479604094741e-02
1.888454011741683425e-01 9.102555694900944516e-01 8.974442788608316679e-02
1.908023483365949846e-01 9.103962381686772076e-01 8.960375922396904280e-02
1.927592954990215435e-01 9.105363686146599189e-01 8.946362880969854769e-02
1.947162426614481856e-01 9.106759608280422524e-01 8.932403664327165371e-02
1.966731898238747445e-01 9.108150148088243192e-01 8.918498272468841637e-02
1.986301369863013033e-01 9.109535305570062302e-01 8.904646705394879402e-02
2.005870841487280565e-01 9.110915080725877635e-01 8.890848963105277281e-02
2.025440313111546153e-01 9.112289473555688080e-01 8.877105045600039435e-02
2.045009784735812852e-01 9.113658484059499187e-01 8.863414952879161701e-02
2.064579256360078441e-01 9.115022112237305407e-01 8.849778684942651019e-02
2.084148727984344862e-01 9.116380358089108960e-01 8.836196241790497674e-02
2.103718199608610451e-01 9.117733221614909844e-01 8.822667623422708605e-02
2.123287671232876872e-01 9.119084271448556489e-01 8.809157142497534010e-02
2.142857142857143571e-01 9.120480723364322584e-01 8.795192627998157930e-02
2.162426614481409159e-01 9.121878635667595159e-01 8.781213509224286562e-02
2.181996086105675581e-01 9.123278008358380875e-01 8.767219786175919904e-02
2.201565557729941169e-01 9.124678841436671961e-01 8.753211458853057958e-02
2.221135029354207868e-01 9.126081134902472858e-01 8.739188527255703498e-02
2.240704500978474289e-01 9.127484888755785786e-01 8.725150991383853749e-02
2.260273972602739878e-01 9.128890102996607414e-01 8.711098851237508711e-02
2.279843444227006299e-01 9.130296777624937743e-01 8.697032106816668384e-02
2.299412915851272166e-01 9.131704912640776772e-01 8.682950758121335544e-02
2.318982387475538587e-01 9.133114508044126723e-01 8.668854805151508802e-02
2.338551859099804175e-01 9.134525563834985373e-01 8.654744247907188159e-02
2.358121330724071707e-01 9.135938080013351614e-01 8.640619086388366676e-02
2.377690802348337296e-01 9.137352056579229886e-01 8.626479320595056843e-02
2.397260273972602884e-01 9.138767493532615749e-01 8.612324950527253109e-02
2.416829745596869305e-01 9.140191724058868150e-01 8.598082645618754238e-02
2.436399217221134894e-01 9.141634644061820136e-01 8.583653448568565048e-02
2.455968688845401593e-01 9.143082020728573456e-01 8.569179685006961256e-02
2.475538160469667182e-01 9.144533854059129219e-01 8.554661354933944251e-02
2.495107632093934436e-01 9.145990144053490756e-01 8.540098458349504318e-02
2.514677103718200302e-01 9.147450890711656957e-01 8.525490995253652560e-02
2.534246575342465890e-01 9.148916094033621160e-01 8.510838965646382037e-02
2.553816046966732034e-01 9.150385754019393358e-01 8.496142369527694138e-02
2.573385518590997623e-01 9.151859870668964669e-01 8.481401206897594414e-02
2.592954990215264321e-01 9.153338443982341754e-01 8.466615477756075925e-02
2.612524461839531020e-01 9.154821473959520173e-01 8.451785182103140059e-02
2.632093933463797164e-01 9.156308960600502145e-01 8.436910319938786817e-02
2.651663405088063308e-01 9.157800903905289891e-01 8.421990891263020362e-02
2.671232876712328896e-01 9.159297303873876750e-01 8.407026896075832367e-02
2.690802348336595040e-01 9.160798160506269383e-01 8.392018334377231159e-02
2.710371819960860629e-01 9.162330146535748732e-01 8.376698478022320815e-02
2.729941291585128438e-01 9.163890712978011166e-01 8.361092816931789407e-02
2.749510763209394026e-01 9.165461746079608396e-01 8.345382489191519038e-02
2.769080234833660170e-01 9.167043245840542642e-01 8.329567494801512484e-02
2.788649706457925759e-01 9.168635212260816125e-01 8.313647833761765582e-02
2.808219178082191347e-01 9.170237645340429955e-01 8.297623506072278332e-02
2.827788649706458046e-01 9.171850545079377470e-01 8.281494511733056285e-02
2.847358121330723635e-01 9.173473911477667553e-01 8.265260850744093890e-02
2.866927592954990889e-01 9.175107744535292431e-01 8.248922523105392535e-02
2.886497064579256477e-01 9.176752044252258766e-01 8.232479528816953607e-02
2.906066536203523176e-01 9.178406810628562118e-01 8.215931867878775718e-02
2.925636007827788765e-01 9.180072043664201376e-01 8.199279540290857482e-02
2.945205479452054353e-01 9.181747743359178759e-01 8.182522546053203061e-02
2.964774951076321052e-01 9.183433909713498711e-01 8.165660885165809679e-02
2.984344422700587751e-01 9.185130542727153458e-01 8.148694557628680113e-02
3.003913894324853895e-01 9.186892212139075031e-01 8.131077865809692440e-02
3.023483365949119483e-01 9.188687158172019753e-01 8.113128407622610672e-02
3.043052837573386182e-01 9.190506354566869707e-01 8.094936445698755478e-02
3.062622309197651771e-01 9.192350632708892189e-01 8.076493666181794318e-02
3.082191780821917360e-01 9.194220823983350055e-01 8.057791755215377993e-02
3.101761252446184614e-01 9.196117759775512823e-01 8.038822398943173964e-02
3.121330724070450202e-01 9.198042271470632247e-01 8.019577283508835808e-02
3.140900195694716901e-01 9.199995190453980065e-01 8.000048095056028208e-02
3.160469667318982490e-01 9.201977348110821353e-01 7.980226519728410295e-02
3.180039138943249188e-01 9.203989575826417857e-01 7.960104243669641200e-02
3.199608610567514777e-01 9.206032704986033544e-01 7.939672953023380053e-02
3.219178082191780366e-01 9.208107566974934599e-01 7.918924333933291537e-02
3.238747553816047620e-01 9.210214993178382770e-01 7.897850072543030620e-02
3.258317025440313208e-01 9.212355814981643132e-01 7.876441854996257819e-02
3.277886497064578797e-01 9.214530863769978541e-01 7.854691367436632266e-02
3.297455968688846606e-01 9.216740970928652965e-01 7.832590296007820030e-02
3.317025440313112195e-01 9.218986967842933700e-01 7.810130326853473304e-02
3.336594911937377783e-01 9.221269685898081381e-01 7.787303146117258157e-02
3.356164383561643372e-01 9.223589956479358865e-01 7.764100439942830945e-02
3.375733855185910626e-01 9.225948610972032338e-01 7.740513894473852186e-02
3.395303326810176214e-01 9.228346480761366877e-01 7.716535195853982398e-02
3.414872798434443468e-01 9.230784397232628669e-01 7.692156030226882102e-02
3.434442270058709057e-01 9.233263191771075018e-01 7.667368083736211815e-02
3.454011741682974646e-01 9.235783695761974332e-01 7.642163042525627892e-02
3.473581213307240789e-01 9.238346740590588357e-01 7.616532592738797791e-02
3.493150684931506378e-01 9.240953157642184390e-01 7.590468420519372317e-02
3.512720156555773632e-01 9.243603778302025287e-01 7.563962212011018926e-02
3.532289628180039220e-01 9.246299433955371683e-01 7.537005653357389812e-02
3.551859099804306474e-01 9.249040955987490875e-01 7.509590430702151043e-02
3.571428571428572063e-01 9.251845045966640146e-01 7.481549528956217554e-02
3.590998043052837652e-01 9.254730672816102732e-01 7.452693259565537631e-02
3.610567514677103240e-01 9.257670079830698784e-01 7.423299188502460733e-02
3.630136986301368829e-01 9.260664307499286707e-01 7.393356910882581401e-02
3.649706457925636638e-01 9.263714396310728239e-01 7.362856021821492791e-02
3.669275929549902227e-01 9.266821386753874012e-01 7.331786116434796385e-02
3.688845401174169480e-01 9.269986319317582435e-01 7.300136789838085338e-02
3.708414872798435069e-01 9.273210234490709691e-01 7.267897637146961132e-02
3.727984344422700658e-01 9.276494172762116408e-01 7.235058253477012757e-02
3.747553816046966246e-01 9.279839174620660991e-01 7.201608233943840309e-02
3.767123287671231835e-01 9.283246280555195185e-01 7.167537173663038330e-02
3.786692759295499644e-01 9.286716531054580726e-01 7.132834667750204138e-02
3.806262230919765233e-01 9.290250966607672689e-01 7.097490311320933665e-02
3.825831702544032487e-01 9.293850627703330591e-01 7.061493699490825615e-02
3.845401174168298075e-01 9.297516554830409508e-01 7.024834427375471757e-02
3.864970645792563664e-01 9.301249788477765623e-01 6.987502090090470797e-02
3.884540117416829252e-01 9.305051369134258454e-01 6.949486282751418664e-02
3.904109589041096506e-01 9.308922337288745297e-01 6.910776600473915454e-02
3.923679060665362095e-01 9.312863733430081226e-01 6.871362638373548770e-02
3.943248532289627684e-01 9.316876598047125757e-01 6.831233991565924257e-02
3.962818003913895493e-01 9.320961971628736187e-01 6.790380255166628132e-02
3.982387475538161081e-01 9.325120894663767590e-01 6.748791024291264651e-02
4.001956947162426670e-01 9.329354407641079483e-01 6.706455894055426969e-02
4.021526418786692259e-01 9.333663551049529161e-01 6.663364459574713794e-02
4.041095890410959512e-01 9.338049365377971700e-01 6.619506315964718279e-02
4.060665362035225101e-01 9.342512891115265505e-01 6.574871058341039132e-02
4.080234833659490690e-01 9.347041080111773148e-01 6.529589167523593141e-02
4.099804305283758499e-01 9.351647389938104737e-01 6.483526068410321030e-02
4.119373776908024087e-01 9.356332873128807570e-01 6.436671235660484935e-02
4.138943248532289676e-01 9.361098512397556526e-01 6.389014842138771022e-02
4.158512720156556930e-01 9.365945290458008721e-01 6.340547060709862681e-02
4.178082191780822519e-01 9.370874190023849026e-01 6.291258064238450243e-02
4.197651663405088107e-01 9.375886193808737890e-01 6.241138025589223343e-02
4.217221135029353696e-01 9.380982284526337978e-01 6.190177117626866066e-02
4.236790606653620950e-01 9.386163444890329721e-01 6.138365513216063885e-02
4.256360078277886538e-01 9.391430657614379118e-01 6.085693385221509905e-02
4.275929549902154347e-01 9.396784905412152167e-01 6.032150906507884047e-02
4.295499021526419936e-01 9.402227170997319305e-01 5.977728249939877336e-02
4.315068493150685525e-01 9.407758437083548753e-01 5.922415588382175244e-02
4.334637964774951113e-01 9.413379686384510947e-01 5.866203094699469489e-02
4.354207436399216702e-01 9.419091901613874107e-01 5.809080941756446237e-02
4.373776908023483956e-01 9.424896065485310892e-01 5.751039302417786103e-02
4.393346379647749544e-01 9.430793160712485079e-01 5.692068349548183581e-02
4.412915851272017354e-01 9.436784170009064887e-01 5.632158256012317898e-02
4.432485322896282942e-01 9.442870076088725195e-01 5.571299194674888405e-02
4.452054794520548531e-01 9.449051861665132002e-01 5.509481338400570166e-02
4.471624266144814119e-01 9.455330509451951304e-01 5.446694860054059062e-02
4.491193737769079708e-01 9.461707002162857982e-01 5.382929932500037790e-02
4.510763209393346962e-01 9.468182322511519144e-01 5.318176728603194597e-02
4.530332681017612551e-01 9.474757453211601899e-01 5.252425421228217040e-02
4.549902152641879804e-01 9.481433376976776684e-01 5.185666183239787119e-02
4.569471624266145393e-01 9.488071476911213997e-01 5.119285183892673119e-02
4.589041095890410982e-01 9.494715370086987960e-01 5.052846252377377056e-02
4.608610567514677125e-01 9.501436826344422659e-01 4.985631690142414141e-02
4.628180039138942714e-01 9.508235858649611849e-01 4.917641367530278806e-02
4.647749510763209968e-01 9.515112479968650394e-01 4.848875154883456468e-02
4.667318982387475557e-01 9.522066703267627608e-01 4.779332922544449191e-02
4.686888454011742811e-01 9.529098541512638354e-01 4.709014540855741004e-02
4.706457925636008399e-01 9.536208007669778608e-01 4.637919880159833280e-02
4.726027397260273988e-01 9.543395114705142124e-01 4.566048810799212820e-02
4.745596868884539576e-01 9.550659875584814884e-01 4.493401203116382386e-02
4.765166340508805165e-01 9.558002303274900635e-01 4.419976927453826698e-02
4.784735812133070754e-01 9.565422410741486470e-01 4.345775854154041579e-02
4.804305283757340228e-01 9.572920210950666142e-01 4.270797853559511748e-02
4.823874755381605817e-01 9.580495716868534517e-01 4.195042796012746905e-02
4.843444227005871405e-01 9.588148941461187569e-01 4.118510551856233159e-02
4.863013698630136994e-01 9.595879897694712390e-01 4.041200991432463557e-02
4.882583170254402583e-01 9.603688598535204957e-01 3.963113985083929064e-02
4.902152641878670392e-01 9.611575056948764573e-01 3.884249403153115787e-02
4.921722113502935980e-01 9.619485405791410315e-01 3.805145916771650316e-02
4.941291585127201569e-01 9.627149222306101706e-01 3.728507751949450971e-02
4.960861056751467157e-01 9.634835159606863764e-01 3.651648379103214492e-02
4.980430528375734411e-01 9.642540692145890047e-01 3.574593053699755274e-02
5.000000000000000000e-01 9.650263294375374112e-01 3.497367031205916854e-02
