5.000000000000000000e-01 1.000000000000000000e+00 0.000000000000000000e+00
4.980430528375733301e-01 9.999999962244909835e-01 3.775508424987730676e-09
4.960861056751467713e-01 9.999999959248466741e-01 4.075154759668918109e-09
4.941291585127201569e-01 9.999999955892645565e-01 4.410736847122541645e-09
4.921722113502935980e-01 9.999999952518907609e-01 4.748110689526372540e-09
4.902152641878669281e-01 9.999999948329467703e-01 5.167036011089246925e-09
4.882583170254402583e-01 9.999999944053402645e-01 5.594621666722108697e-09
4.863013698630136994e-01 9.999999939777337588e-01 6.022207322354970469e-09
4.843444227005870295e-01 9.999999935501275861e-01 6.449792977987832242e-09
4.823874755381604706e-01 9.999999929095618745e-01 7.090368382107817926e-09
4.804305283757338563e-01 9.999999922183921974e-01 7.781555211610879776e-09
4.784735812133072974e-01 9.999999915272221873e-01 8.472742041113943280e-09
4.765166340508806275e-01 9.999999908360523992e-01 9.163928870617006784e-09
4.745596868884539576e-01 9.999999901448825002e-01 9.855115700120070287e-09
4.726027397260273988e-01 9.999999894537128231e-01 1.054630252962313379e-08
4.706457925636007844e-01 9.999999887625428130e-01 1.123748935912619730e-08
4.686888454011742255e-01 9.999999880713730249e-01 1.192867618862926080e-08
4.667318982387475557e-01 9.999999866667191872e-01 1.333335582509881073e-08
4.647749510763208858e-01 9.999999848172957950e-01 1.518281019837864005e-08
4.628180039138943269e-01 9.999999829678727359e-01 1.703226457165846773e-08
4.608610567514677125e-01 9.999999811184496767e-01 1.888171894493829540e-08
4.589041095890410982e-01 9.999999792690263956e-01 2.073117331821811976e-08
4.569471624266144838e-01 9.999999774196033364e-01 2.258062769149794412e-08
4.549902152641878139e-01 9.999999755701800552e-01 2.443008206477777180e-08
4.530332681017612551e-01 9.999999737207567740e-01 2.627953643805759947e-08
4.510763209393345852e-01 9.999999718713337149e-01 2.812899081133743045e-08
4.491193737769080263e-01 9.999999700219104337e-01 2.997844518461725481e-08
4.471624266144814119e-01 9.999999681724873746e-01 3.182789955789708249e-08
4.452054794520548531e-01 9.999999663230639824e-01 3.367735393117691016e-08
4.432485322896281832e-01 9.999999644736409232e-01 3.552680830445673121e-08
4.412915851272015133e-01 9.999999626242175310e-01 3.737626267773656550e-08
4.393346379647749544e-01 9.999999607747944719e-01 3.922571705101638656e-08
4.373776908023483401e-01 9.999999589253714127e-01 4.107517142429621423e-08
4.354207436399217812e-01 9.999999541529940306e-01 4.584748513575109777e-08
4.334637964774951113e-01 9.999999397046308580e-01 6.029547113909609729e-08
4.315068493150685525e-01 9.999999252562674634e-01 7.474345714244097770e-08
4.295499021526418826e-01 9.999999108079044019e-01 8.919144314578600369e-08
4.275929549902152127e-01 9.999998963595410073e-01 1.036394291491308576e-07
4.256360078277886538e-01 9.999998819111781678e-01 1.180874151524758439e-07
4.236790606653620395e-01 9.999998674628147732e-01 1.325354011558206979e-07
4.217221135029353696e-01 9.999998530144516007e-01 1.469833871591656577e-07
4.197651663405088107e-01 9.999998385660883171e-01 1.614313731625105645e-07
4.178082191780821408e-01 9.999998241177252556e-01 1.758793591658554714e-07
4.158512720156555820e-01 9.999998096693618610e-01 1.903273451692004048e-07
4.138943248532289676e-01 9.999997952209984664e-01 2.047753311725453381e-07
4.119373776908024087e-01 9.999997807726354049e-01 2.192233171758903509e-07
4.099804305283757389e-01 9.999997663242720103e-01 2.336713031792352048e-07
4.080234833659490690e-01 9.999997518759089488e-01 2.481192891825801646e-07
4.060665362035225101e-01 9.999997374275455542e-01 2.625672751859250186e-07
4.041095890410958957e-01 9.999997229791826037e-01 2.770152611892699784e-07
4.021526418786692814e-01 9.999997085308193201e-01 2.914632471926149382e-07
4.001956947162426670e-01 9.999996940824562586e-01 3.059112331959597921e-07
3.982387475538160526e-01 9.999996796340928640e-01 3.203592191993048049e-07
3.962818003913894382e-01 9.999996651857296914e-01 3.348072052026497118e-07
3.943248532289627684e-01 9.999996507373664079e-01 3.492551912059946716e-07
3.923679060665362095e-01 9.999996362890032353e-01 3.637031772093394726e-07
3.904109589041095951e-01 9.999996218406399517e-01 3.781511632126844854e-07
3.884540117416829808e-01 9.999996073922767792e-01 3.925991492160294452e-07
3.864970645792563664e-01 9.999995929439133846e-01 4.070471352193742462e-07
3.845401174168296965e-01 9.999995784955501010e-01 4.214951212227193119e-07
3.825831702544031376e-01 9.999995640471872616e-01 4.359431072260642187e-07
3.806262230919765233e-01 9.999995495988238670e-01 4.503910932294091786e-07
3.786692759295499089e-01 9.999995351504606944e-01 4.648390792327540325e-07
3.767123287671232945e-01 9.999995207020974108e-01 4.792870652360988864e-07
3.747553816046966246e-01 9.999995062537342383e-01 4.937350512394438463e-07
3.727984344422700658e-01 9.999994918053709547e-01 5.081830372427888061e-07
3.708414872798433959e-01 9.999993633781979474e-01 6.366100799646112877e-07
3.688845401174168370e-01 9.999991032858482898e-01 8.967025847577879469e-07
3.669275929549902227e-01 9.999988431934985211e-01 1.156795089550965665e-06
3.649706457925635528e-01 9.999985831011488635e-01 1.416887594344143383e-06
3.630136986301369939e-01 9.999983230087989838e-01 1.676980099137317925e-06
3.610567514677103240e-01 9.999980629164493262e-01 1.937072603930498184e-06
3.590998043052837096e-01 9.999978028240996686e-01 2.197165108723673573e-06
3.571428571428571508e-01 9.999975427317497889e-01 2.457257613516847267e-06
3.551859099804305364e-01 9.999972826394001313e-01 2.717350118310026468e-06
3.532289628180039220e-01 9.999970225470502516e-01 2.977442623103204398e-06
3.512720156555772522e-01 9.999967624547007050e-01 3.237535127896382751e-06
3.493150684931506933e-01 9.999965023623508253e-01 3.497627632689555599e-06
3.473581213307240789e-01 9.999962422700011677e-01 3.757720137482733952e-06
3.454011741682974646e-01 9.999959821776516211e-01 4.017812642275912305e-06
3.434442270058708502e-01 9.999957220853017414e-01 4.277905147069089388e-06
3.414872798434442358e-01 9.999954619929518618e-01 4.537997651862264777e-06
3.395303326810176214e-01 9.999952019006022041e-01 4.798090156655441013e-06
3.375733855185909515e-01 9.999949418082525465e-01 5.058182661448618942e-06
3.356164383561643927e-01 9.999946817159026669e-01 5.318275166241794331e-06
3.336594911937377783e-01 9.999944216235530092e-01 5.578367671034971414e-06
3.317025440313111639e-01 9.999941615312031296e-01 5.838460175828148497e-06
3.297455968688845496e-01 9.999939014388534719e-01 6.098552680621326426e-06
3.277886497064578797e-01 9.999936413465037033e-01 6.358645185414500968e-06
3.258317025440313208e-01 9.999933812541540457e-01 6.618737690207678051e-06
3.238747553816047065e-01 9.999931211618043880e-01 6.878830195000858522e-06
3.219178082191780921e-01 9.999928610694548414e-01 7.138922699794030523e-06
3.199608610567514777e-01 9.999926009771049618e-01 7.399015204587208452e-06
3.180039138943248078e-01 9.999923408847550821e-01 7.659107709380386382e-06
3.160469667318981934e-01 9.999920807924054245e-01 7.919200214173565159e-06
3.140900195694715791e-01 9.999918207000555448e-01 8.179292718966738854e-06
3.121330724070450202e-01 9.999915606077058872e-01 8.439385223759915936e-06
3.101761252446184058e-01 9.999913005153562295e-01 8.699477728553093019e-06
3.082191780821917915e-01 9.999910404230063499e-01 8.959570233346266714e-06
3.062622309197651771e-01 9.999907803306565812e-01 9.219662738139443797e-06
3.043052837573385072e-01 9.999905202383069236e-01 9.479755242932622574e-06
3.023483365949118928e-01 9.999902601459572660e-01 9.739847747725804739e-06
3.003913894324853340e-01 9.999900000536077194e-01 9.999940252518976739e-06
2.984344422700587196e-01 9.999897399612578397e-01 1.026003275731215552e-05
2.964774951076321052e-01 9.999894798689079600e-01 1.052012526210533429e-05
2.945205479452054909e-01 9.999892197765583024e-01 1.078021776689850799e-05
2.925636007827788210e-01 9.999884033491617252e-01 1.159664528381282225e-05
2.906066536203522066e-01 9.999864483155462835e-01 1.355167894862538864e-05
2.886497064579256477e-01 9.999844932819310639e-01 1.550671261343796180e-05
2.866927592954990334e-01 9.999825382483156222e-01 1.746174627825049431e-05
2.847358121330724190e-01 9.999805832147004026e-01 1.941677994306306748e-05
2.827788649706457491e-01 9.999786281810847388e-01 2.137181360787563386e-05
2.808219178082191902e-01 9.999766731474696302e-01 2.332684727268817654e-05
2.788649706457925759e-01 9.999747181138540775e-01 2.528188093750074293e-05
2.769080234833659615e-01 9.999727630802386358e-01 2.723691460231331948e-05
2.749510763209393471e-01 9.999708080466231941e-01 2.919194826712587909e-05
2.729941291585127328e-01 9.999688530130079744e-01 3.114698193193841838e-05
2.710371819960860629e-01 9.999668979793925327e-01 3.310201559675098477e-05
2.690802348336594485e-01 9.999649429457770911e-01 3.505704926156355116e-05
2.671232876712328896e-01 9.999629879121618714e-01 3.701208292637612432e-05
2.651663405088062753e-01 9.999610328785464297e-01 3.896711659118865683e-05
2.632093933463796609e-01 9.999590778449308770e-01 4.092215025600122322e-05
2.612524461839529910e-01 9.999571228113155463e-01 4.287718392081379639e-05
2.592954990215264321e-01 9.999551677777001046e-01 4.483221758562634245e-05
2.573385518590997623e-01 9.999532127440846629e-01 4.678725125043890884e-05
2.553816046966732034e-01 9.999512577104695543e-01 4.874228491525144135e-05
2.534246575342465890e-01 9.999484503508391242e-01 5.154964643667067615e-05
2.514677103718199747e-01 9.999432215341708119e-01 5.677847022951157629e-05
2.495107632093933048e-01 9.999379927175021665e-01 6.200729402235243578e-05
2.475538160469667182e-01 9.999327639008337432e-01 6.723611781519334271e-05
2.455968688845401038e-01 9.999275350841652088e-01 7.246494160803424963e-05
2.436399217221134617e-01 9.999223062674965634e-01 7.769376540087512945e-05
2.416829745596868750e-01 9.999170774508281401e-01 8.292258919371590085e-05
2.397260273972602884e-01 9.999118486341596057e-01 8.815141298655675356e-05
2.377690802348336740e-01 9.999066198174911824e-01 9.338023677939766049e-05
2.358121330724070319e-01 9.999013910008225370e-01 9.860906057223856741e-05
2.338551859099804175e-01 9.998961621841540026e-01 1.038378843650794201e-04
2.318982387475538032e-01 9.998909333674855793e-01 1.090667081579203406e-04
2.299412915851271610e-01 9.998857045508169339e-01 1.142955319507612069e-04
2.279843444227006022e-01 9.998804757341486216e-01 1.195243557436019783e-04
2.260273972602739878e-01 9.998752469174799762e-01 1.247531795364428581e-04
2.240704500978473457e-01 9.998700181008113308e-01 1.299820033292837379e-04
2.221135029354207313e-01 9.998647892841430185e-01 1.352108271221246177e-04
2.201565557729941169e-01 9.998595604674743731e-01 1.404396509149655517e-04
2.181996086105674748e-01 9.998543316508057277e-01 1.456684747078064045e-04
2.162426614481408604e-01 9.998491028341374154e-01 1.508972985006473114e-04
2.142857142857143016e-01 9.998383853801868781e-01 1.616147564769629136e-04
2.123287671232876872e-01 9.998046390186163812e-01 1.953611090722204009e-04
2.103718199608610451e-01 9.997708926570461063e-01 2.291074616674779424e-04
2.084148727984344307e-01 9.997371462954757204e-01 2.628538142627355381e-04
2.064579256360078441e-01 9.997033999339055566e-01 2.966001668579929711e-04
2.045009784735811742e-01 9.996696535723351706e-01 3.303465194532504041e-04
2.025440313111545876e-01 9.996387943087308159e-01 3.612057841269971335e-04
2.005870841487280010e-01 9.996079958044533642e-01 3.920042896854701608e-04
1.986301369863013588e-01 9.995771973001758015e-01 4.228027952439441638e-04
1.966731898238747445e-01 9.995463987958983498e-01 4.536013008024181127e-04
1.947162426614481578e-01 9.995156002916207871e-01 4.843998063608920615e-04
1.927592954990214880e-01 9.994779533844412311e-01 5.220466973544521470e-04
1.908023483365949013e-01 9.994382180466300225e-01 5.617820136530685127e-04
1.888454011741682870e-01 9.993984827088188139e-01 6.015173299516846615e-04
1.868884540117416448e-01 9.993587473710076052e-01 6.412526462503010272e-04
1.849315068493150582e-01 9.993190120331962856e-01 6.809879625489160919e-04
1.829745596868884716e-01 9.992703759260890273e-01 7.296240463759936547e-04
1.810176125244618017e-01 9.992145520125801372e-01 7.854479351779603425e-04
1.790606653620352151e-01 9.991587280990708031e-01 8.412718239799274640e-04
1.771037181996086007e-01 9.991029041855616910e-01 8.970957127818943687e-04
1.751467710371819586e-01 9.990470802720524679e-01 9.529196015838611649e-04
1.731898238747553442e-01 9.989844513525660830e-01 1.015548501274976404e-03
1.712328767123287854e-01 9.989037941698899470e-01 1.096205677169285759e-03
1.692759295499021710e-01 9.988159320403589003e-01 1.184067805118762043e-03
1.673189823874755289e-01 9.987208649639738312e-01 1.279134885123404172e-03
1.653620352250489145e-01 9.986185929407338513e-01 1.381406917183212145e-03
1.634050880626223001e-01 9.985091580515543797e-01 1.490841819005972110e-03
1.614481409001956580e-01 9.983928771542145419e-01 1.607122722438564157e-03
1.594911937377690436e-01 9.982695153256917475e-01 1.730484558194817640e-03
1.575342465753424848e-01 9.981390725659858854e-01 1.860927326274727789e-03
1.555772994129158426e-01 9.980015488750969554e-01 1.998451026678302409e-03
1.536203522504892283e-01 9.978569442530251798e-01 2.143055659405537598e-03
1.516634050880626139e-01 9.977038596010325833e-01 2.296140314717255194e-03
1.497064579256359718e-01 9.975430842057770864e-01 2.456915710738267339e-03
1.477495107632093574e-01 9.973747282178699880e-01 2.625271697524179677e-03
1.457925636007827708e-01 9.971987916373112881e-01 2.801208275074993075e-03
1.438356164383561564e-01 9.970152744641006537e-01 2.984725443390699728e-03
1.418786692759295420e-01 9.968200918671996646e-01 3.179908031079585039e-03
1.399217221135029277e-01 9.966139096507484751e-01 3.386090234396624959e-03
1.379647749510762855e-01 9.963981760149482891e-01 3.601823854003636995e-03
1.360078277886496712e-01 9.961728909597982184e-01 3.827108889900622014e-03
1.340508806262230845e-01 9.959380544852987072e-01 4.061945342087583052e-03
1.320939334637964147e-01 9.956820274945987759e-01 4.317972314584229976e-03
1.301369863013698558e-01 9.953941809038726607e-01 4.605818897763817518e-03
1.281800391389432414e-01 9.950813663340238868e-01 4.918633466502002338e-03
1.262230919765166548e-01 9.947412831249315968e-01 5.258716682337089693e-03
1.242661448140899988e-01 9.943716306164747110e-01 5.628369206807402186e-03
1.223091976516633844e-01 9.939788727824608872e-01 6.021127061427697380e-03
1.203522504892367839e-01 9.935869788649854817e-01 6.413020987256681966e-03
1.183953033268101279e-01 9.931797575126567468e-01 6.820242346759525405e-03
1.164383561643835691e-01 9.927581670552607651e-01 7.241832809302512289e-03
1.144814090019569547e-01 9.923231658225817320e-01 7.676834044251965375e-03
1.125244618395303126e-01 9.918654041178163183e-01 8.134595761879017881e-03
1.105675146771036982e-01 9.913802947277143840e-01 8.619705182286278161e-03
1.086105675146770977e-01 9.908722836873531392e-01 9.127716264704648086e-03
1.066536203522504417e-01 9.903404117056093803e-01 9.659588302070927501e-03
1.046966731898238412e-01 9.897837194913613468e-01 1.021628058732191105e-02
1.027397260273972823e-01 9.892057375273729525e-01 1.079426258508536796e-02
1.007827788649706263e-01 9.886043645235069732e-01 1.139563560115540788e-02
9.882583170254401195e-02 9.879787621078923721e-01 1.202123800775184784e-02
9.686888454011741145e-02 9.873284979058037925e-01 1.267150217502767059e-02
9.491193737769075545e-02 9.866524274864305610e-01 1.334757254136066315e-02
9.295499021526415495e-02 9.859465592531835298e-01 1.405344075944803955e-02
9.099804305283754058e-02 9.852120400987706139e-01 1.478795990508402838e-02
8.904109589041098172e-02 9.844479806968583491e-01 1.555201930782042566e-02
8.708414872798433959e-02 9.836534917211129381e-01 1.634650829720910373e-02
8.512720156555768358e-02 9.828278200793902908e-01 1.717217995222245983e-02
8.317025440313112472e-02 9.819701988915288116e-01 1.802980114150883051e-02
8.121330724070446871e-02 9.810796742283934835e-01 1.892032580519374674e-02
7.925636007827781271e-02 9.801553880691652454e-01 1.984461196354762522e-02
7.729941291585125385e-02 9.791964823930253692e-01 2.080351763684086530e-02
7.534246575342469499e-02 9.782089403382643322e-01 2.179105968995084103e-02
7.338551859099803898e-02 9.771911343044830112e-01 2.280886572230986925e-02
7.142857142857138297e-02 9.761419625277745205e-01 2.385803749714448391e-02
6.947162426614482411e-02 9.750614625167253191e-01 2.493853750580641085e-02
6.751467710371818198e-02 9.739496717799216441e-01 2.605032823964740368e-02
6.555772994129152598e-02 9.728066278259499544e-01 2.719337219001918826e-02
6.360078277886496712e-02 9.716320693438544875e-01 2.836793066782751851e-02
6.164383561643840131e-02 9.704198299091078006e-01 2.958017009778180981e-02
5.968688845401175225e-02 9.691735071099765175e-01 3.082649289141347476e-02
5.772994129158509624e-02 9.678927255253388928e-01 3.210727446979853850e-02
5.577299412915853738e-02 9.665771097340738471e-01 3.342289025401307123e-02
5.381604696673188831e-02 9.652262843150587468e-01 3.477371566513312584e-02
5.185909980430523231e-02 9.638398738471727345e-01 3.616012612423475520e-02
4.990215264187867344e-02 9.624177937536688709e-01 3.758220620955994573e-02
4.794520547945201744e-02 9.609603602004899159e-01 3.903963975878498027e-02
4.598825831702545858e-02 9.594667045453104670e-01 4.053329541157622840e-02
4.403131115459880951e-02 9.579365120980540826e-01 4.206348785828618875e-02
4.207436399217215350e-02 9.563694681686444321e-01 4.363053178926724202e-02
4.011741682974559464e-02 9.547652580670058509e-01 4.523474189487174113e-02
3.816046966731893864e-02 9.531235671030615642e-01 4.687643286545215005e-02
3.620352250489228957e-02 9.514479247259437500e-01 4.855207524904455590e-02
3.424657534246573071e-02 9.497399304873859194e-01 5.026006949264347212e-02
3.228962818003916491e-02 9.479970042484913151e-01 5.200299573725375435e-02
3.033268101761251584e-02 9.462192524190864429e-01 5.378074757298511449e-02
2.837573385518586330e-02 9.444067814089966983e-01 5.559321858994714649e-02
2.641878669275930097e-02 9.425596976280481432e-01 5.744030237824947205e-02
2.446183953033264843e-02 9.406781074860675051e-01 5.932189252800174756e-02
2.250489236790599937e-02 9.387575531664131834e-01 6.124244685202321486e-02
2.054794520547943704e-02 9.367991517867015894e-01 6.320084823346562575e-02
1.859099804305287471e-02 9.348037582905188714e-01 6.519624172929448791e-02
1.663405088062622564e-02 9.327711504122385699e-01 6.722884960480147998e-02
1.467710371819957137e-02 9.307011058862341146e-01 6.929889412527816261e-02
1.272015655577301077e-02 9.285934024468794901e-01 7.140659755601613812e-02
1.076320939334645017e-02 9.264478853988009632e-01 7.355211459217737835e-02
8.806262230919707432e-03 9.242705890493075893e-01 7.572941093755941599e-02
6.849315068493145968e-03 9.220575991280672845e-01 7.794240085540811436e-02
4.892367906066493431e-03 9.198090319676218707e-01 8.019096801346602132e-02
2.935420743639932401e-03 9.175250039005137248e-01 8.247499607947519906e-02
9.784735812132805150e-04 9.152056312592840026e-01 8.479436872117816770e-02
-9.784735812133715880e-04 9.128510303764756362e-01 8.714896960631707268e-02
-2.935420743639932401e-03 9.104620656888331443e-01 8.953793429739746734e-02
-4.892367906066584504e-03 9.080411572774402806e-01 9.195884271043622271e-02
-6.849315068493145968e-03 9.055868443675076929e-01 9.441315562268670636e-02
-8.806262230919797637e-03 9.030994273342872747e-01 9.690057265892704219e-02
-1.076320939334635823e-02 9.005792065530309198e-01 9.942079344393497942e-02
-1.272015655577310271e-02 8.980264823989909662e-01 1.019735176024885864e-01
-1.467710371819966331e-02 8.954415552474191964e-01 1.045584447593656402e-01
-1.663405088062622564e-02 8.928197678228986245e-01 1.071802321877288605e-01
-1.859099804305287471e-02 8.901579633285423565e-01 1.098420366829018224e-01
-2.054794520547943704e-02 8.874599467080004356e-01 1.125400533028794448e-01
-2.250489236790608957e-02 8.847254233335191120e-01 1.152745766751714224e-01
-2.446183953033264843e-02 8.819540985773449693e-01 1.180459014272867424e-01
-2.641878669275939465e-02 8.791456778117243687e-01 1.208543221867351136e-01
-2.837573385518595351e-02 8.762998664089036716e-01 1.237001335810255231e-01
-3.033268101761251584e-02 8.734307089196831075e-01 1.265692910669173887e-01
-3.228962818003916491e-02 8.705360697883691712e-01 1.294639301988574909e-01
-3.424657534246573071e-02 8.676125118974882255e-01 1.323874880923660013e-01
-3.620352250489237977e-02 8.646608423452675218e-01 1.353391576495706072e-01
-3.816046966731893864e-02 8.616818682299351995e-01 1.383181317725983295e-01
-4.011741682974568485e-02 8.586763966497193978e-01 1.413236033635766331e-01
-4.207436399217224371e-02 8.556452347028482563e-01 1.443547653246326223e-01
-4.403131115459880951e-02 8.525551472083856552e-01 1.474448528187509710e-01
-4.598825831702545858e-02 8.494256337520111888e-01 1.505743662706598152e-01
-4.794520547945201744e-02 8.462564545288641105e-01 1.537435454850120953e-01
-4.990215264187876365e-02 8.430465387241399267e-01 1.569534612759578285e-01
-5.185909980430532251e-02 8.397948155230343659e-01 1.602051844576465878e-01
-5.381604696673197852e-02 8.365002141107429345e-01 1.634997858442287511e-01
-5.577299412915853738e-02 8.331740991534316576e-01 1.668259007756123513e-01
-5.772994129158509624e-02 8.298616844830026817e-01 1.701383154444051915e-01
-5.968688845401175225e-02 8.265237876919427906e-01 1.734762122369786774e-01
-6.164383561643831111e-02 8.231604087802524283e-01 1.768395911533325315e-01
-6.360078277886505038e-02 8.197715477479307067e-01 1.802284521934670591e-01
-6.555772994129160924e-02 8.163572045949787359e-01 1.836427953573819272e-01
-6.751467710371826525e-02 8.129173793213957389e-01 1.870826206450775242e-01
-6.947162426614482411e-02 8.094435431838193917e-01 1.905564567939025677e-01
-7.142857142857138297e-02 8.059299710283274187e-01 1.940700289537437007e-01
-7.338551859099803898e-02 8.023856550554009370e-01 1.976143449304586519e-01
-7.534246575342459784e-02 7.988105952650415009e-01 2.011894047240470051e-01
-7.729941291585135099e-02 7.952047916572477781e-01 2.047952083345091490e-01
-7.925636007827790985e-02 7.915682442320206569e-01 2.084317557618446393e-01
-8.121330724070456586e-02 7.879009529893598041e-01 2.120990470060540312e-01
-8.317025440313112472e-02 7.842077879768349913e-01 2.157922120207227124e-01
-8.512720156555768358e-02 7.804876794289294928e-01 2.195123205711136949e-01
-8.708414872798433959e-02 7.767387245693784248e-01 2.232612754330409732e-01
-8.904109589041098172e-02 7.729609233981811212e-01 2.270390766065041310e-01
-9.099804305283763772e-02 7.691542759153379150e-01 2.308457240915035569e-01
-9.295499021526419658e-02 7.653187821208490282e-01 2.346812178880389177e-01
-9.491193737769085259e-02 7.614544420147139059e-01 2.385455579961105466e-01
-9.686888454011741145e-02 7.575641458536798156e-01 2.424358541583286064e-01
-9.882583170254397031e-02 7.536460067981567423e-01 2.463539932147025824e-01
-1.007827788649707096e-01 7.496998311360576484e-01 2.503001688773623390e-01
-1.027397260273972823e-01 7.457256188673837549e-01 2.542743811463074599e-01
-1.046966731898239245e-01 7.417233699921337298e-01 2.582766300215382782e-01
-1.066536203522504833e-01 7.376930845103086831e-01 2.623069155030545163e-01
-1.086105675146771393e-01 7.336358389613566455e-01 2.663641610516637170e-01
-1.105675146771036982e-01 7.295569730915001383e-01 2.704430269224130656e-01
-1.125244618395302570e-01 7.254519215263174337e-01 2.745480784886388248e-01
-1.144814090019570102e-01 7.213206842658086426e-01 2.786793157503412166e-01
-1.164383561643835691e-01 7.171632613099734321e-01 2.828367387075195749e-01
-1.183953033268102251e-01 7.129796526588123573e-01 2.870203473601745103e-01
-1.203522504892367839e-01 7.087698583123249740e-01 2.912301417083055788e-01
-1.223091976516634399e-01 7.045349407502827788e-01 2.954650592719396673e-01
-1.242661448140899988e-01 7.002761959349134147e-01 2.997238040886023303e-01
-1.262230919765167381e-01 6.959925458385776142e-01 3.040074541861375601e-01
-1.281800391389432969e-01 6.916841472231349819e-01 3.083158528026566092e-01
-1.301369863013698558e-01 6.873511568504435676e-01 3.126488431762712294e-01
-1.320939334637964979e-01 6.829937314823614214e-01 3.170062685450931728e-01
-1.340508806262230845e-01 6.786120278807483697e-01 3.213879721472335249e-01
-1.360078277886497267e-01 6.742062597664144619e-01 3.257937402617602229e-01
-1.379647749510763688e-01 6.697765892507774321e-01 3.302234107772172855e-01
-1.399217221135030387e-01 6.653231531193160020e-01 3.346768469081279340e-01
-1.418786692759295975e-01 6.608461131690410717e-01 3.391538868574440202e-01
-1.438356164383561564e-01 6.563456311969619872e-01 3.436543688281175624e-01
-1.457925636007827985e-01 6.518218690000882054e-01 3.481781310231013560e-01
-1.477495107632093574e-01 6.472749883754305156e-01 3.527250116453468642e-01
-1.497064579256361105e-01 6.427058601088497802e-01 3.572941399105623583e-01
-1.516634050880626694e-01 6.381143438608121166e-01 3.618856561575591879e-01
-1.536203522504893115e-01 6.335005713362698021e-01 3.664994286812781610e-01
-1.555772994129158704e-01 6.288647479047199118e-01 3.711352521122835424e-01
-1.575342465753424293e-01 6.242070789356575222e-01 3.757929210811409293e-01
-1.594911937377690991e-01 6.195277697985785981e-01 3.804722302184154192e-01
-1.614481409001956580e-01 6.148271455828299148e-01 3.851728544347035044e-01
-1.634050880626224111e-01 6.101063712556906715e-01 3.898936287618424701e-01
-1.653620352250489700e-01 6.053650528139080667e-01 3.946349472037360417e-01
-1.673189823874756121e-01 6.006034564860152081e-01 3.993965435318520552e-01
-1.692759295499021710e-01 5.958218485005462028e-01 4.041781515176572359e-01
-1.712328767123287299e-01 5.910204950860342699e-01 4.089795049326193643e-01
-1.731898238747553720e-01 5.861996624710127390e-01 4.138003375482058876e-01
-1.751467710371820419e-01 5.813584766958689309e-01 4.186415233236264744e-01
-1.771037181996086840e-01 5.764954122555143723e-01 4.235045877633348832e-01
-1.790606653620352429e-01 5.716121282354176270e-01 4.283878717823579874e-01
-1.810176125244619127e-01 5.667087014547045332e-01 4.332912985615028356e-01
-1.829745596868884716e-01 5.617852087325034827e-01 4.382147912815758106e-01
-1.849315068493150305e-01 5.568417268879413129e-01 4.431582731233834060e-01
-1.868884540117417559e-01 5.518783327401446392e-01 4.481216672677328372e-01
-1.888454011741683425e-01 5.469020587104872488e-01 4.530979412952403917e-01
-1.908023483365949846e-01 5.419129127252892975e-01 4.580870872796978244e-01
-1.927592954990215435e-01 5.369069288588488309e-01 4.630930711456726634e-01
-1.947162426614481856e-01 5.318841071111647389e-01 4.681158928931656860e-01
-1.966731898238747445e-01 5.268444474822376877e-01 4.731555525221759484e-01
-1.986301369863013033e-01 5.217879499720674552e-01 4.782120500327039503e-01
-2.005870841487280565e-01 5.167146145806540414e-01 4.832853854247499137e-01
-2.025440313111546153e-01 5.116260736809677967e-01 4.883739263264569308e-01
-2.045009784735812852e-01 5.065214659348507009e-01 4.934785340753955474e-01
-2.064579256360078441e-01 5.014005290552632221e-01 4.985994709584259388e-01
-2.084148727984344862e-01 4.962632630422052493e-01 5.037367369755486601e-01
-2.103718199608610451e-01 4.911096678956772266e-01 5.088903321267630453e-01
-2.123287671232876872e-01 4.859397436156787098e-01 5.140602564120697604e-01
-2.142857142857143571e-01 4.807540379747220483e-01 5.192459620591616254e-01
-2.162426614481409159e-01 4.755590719627068585e-01 5.244409280805875095e-01
-2.181996086105675581e-01 4.703496984426707161e-01 5.296503016113774942e-01
-2.201565557729941169e-01 4.651259174146141762e-01 5.348740826515310243e-01
-2.221135029354207868e-01 4.598877288785365725e-01 5.401122712010489879e-01
-2.240704500978474289e-01 4.546351328344383491e-01 5.453648672599301639e-01
-2.260273972602739878e-01 4.493681292823195061e-01 5.506318708281754404e-01
-2.279843444227006299e-01 4.440908307047737313e-01 5.559091694197793032e-01
-2.299412915851272166e-01 4.388101345683201870e-01 5.611898655625021659e-01
-2.318982387475538587e-01 4.335186289193386777e-01 5.664813712161117509e-01
-2.338551859099804175e-01 4.282163137578295364e-01 5.717836863806077252e-01
-2.358121330724071707e-01 4.229031890837925411e-01 5.770968110559904218e-01
-2.377690802348337296e-01 4.175792548972280249e-01 5.824207452422593967e-01
-2.397260273972602884e-01 4.122445111981357657e-01 5.877554889394149829e-01
-2.416829745596869305e-01 4.068989579865155415e-01 5.931010421474571803e-01
-2.436399217221134894e-01 4.015425952623677963e-01 5.984574048663855450e-01
-2.455968688845401593e-01 3.961754230256919751e-01 6.038245770962009651e-01
-2.475538160469667182e-01 3.907974412764887440e-01 6.092025588369023303e-01
-2.495107632093934436e-01 3.854086500147574368e-01 6.145913500884909730e-01
-2.514677103718200302e-01 3.800090492404988862e-01 6.199909508509653389e-01
-2.534246575342465890e-01 3.745986389537124261e-01 6.254013611243265380e-01
-2.553816046966732034e-01 3.691994901580137323e-01 6.308005099153874973e-01
-2.573385518590997623e-01 3.637984585955942318e-01 6.362015414757460352e-01
-2.592954990215264321e-01 3.583904623673903611e-01 6.416095377020647472e-01
-2.612524461839531020e-01 3.529755014734030083e-01 6.470244985943423011e-01
-2.632093933463797164e-01 3.475535759136313962e-01 6.524464241525798069e-01
-2.651663405088063308e-01 3.421246856880759690e-01 6.578753143767763767e-01
-2.671232876712328896e-01 3.366888307967366156e-01 6.633111692669325654e-01
-2.690802348336595040e-01 3.312460112396130585e-01 6.687539888230484841e-01
-2.710371819960860629e-01 3.257962270167059637e-01 6.742037730451236888e-01
-2.729941291585128438e-01 3.203394781280145542e-01 6.796605219331584014e-01
-2.749510763209394026e-01 3.148757645735393296e-01 6.851242354871525109e-01
-2.769080234833660170e-01 3.094050863532800122e-01 6.905949137071064614e-01
-2.788649706457925759e-01 3.039571306928119387e-01 6.960428693405475986e-01
-2.808219178082191347e-01 2.985254411379740791e-01 7.014745588474868843e-01
-2.827788649706458046e-01 2.930941192613507607e-01 7.069058806697439135e-01
-2.847358121330723635e-01 2.876631650629427606e-01 7.123368348073180201e-01
-2.866927592954990889e-01 2.822325785427494682e-01 7.177674212602096482e-01
-2.886497064579256477e-01 2.768023597007716052e-01 7.231976400284185758e-01
-2.906066536203523176e-01 2.713725085370083390e-01 7.286274911119450248e-01
-2.925636007827788765e-01 2.659430250514603356e-01 7.340569745107885513e-01
-2.945205479452054353e-01 2.605139092441273729e-01 7.394860902249493773e-01
-2.964774951076321052e-01 2.550851611150090070e-01 7.449148382544279468e-01
-2.984344422700587751e-01 2.496567806641060983e-01 7.503432185992235937e-01
-3.003913894324853895e-01 2.442287678914178695e-01 7.557712312593367621e-01
-3.023483365949119483e-01 2.388316884637271265e-01 7.611683105844697650e-01
-3.043052837573386182e-01 2.334779940572185852e-01 7.665220049051529871e-01
-3.062622309197651771e-01 2.281351075512070836e-01 7.718648913245019783e-01
-3.082191780821917360e-01 2.228030289456925661e-01 7.771969698425174045e-01
-3.101761252446184614e-01 2.174817582406744498e-01 7.825182404591990437e-01
-3.121330724070450202e-01 2.121712954361535397e-01 7.878287031745464519e-01
-3.140900195694716901e-01 2.068716405321291418e-01 7.931283579885606283e-01
-3.160469667318982490e-01 2.015827935286018668e-01 7.984172049012404626e-01
-3.180039138943249188e-01 1.963047544255711041e-01 8.036952439125868430e-01
-3.199608610567514777e-01 1.910375232230375198e-01 8.089624750225992145e-01
-3.219178082191780366e-01 1.857810999210007252e-01 8.142188982312774659e-01
-3.238747553816047620e-01 1.805354845194604430e-01 8.194645135386222634e-01
-3.258317025440313208e-01 1.753324942292008859e-01 8.246675037284365573e-01
-3.277886497064578797e-01 1.702277613414361346e-01 8.297722365000416156e-01
-3.297455968688846606e-01 1.651511741578899073e-01 8.348488235636413179e-01
-3.317025440313112195e-01 1.601027326785616212e-01 8.398972649192364415e-01
-3.336594911937377783e-01 1.550824369034519146e-01 8.449175605668264311e-01
-3.356164383561643372e-01 1.500902868325604544e-01 8.499097105064117308e-01
-3.375733855185910626e-01 1.451262824658869910e-01 8.548737147379921186e-01
-3.395303326810176214e-01 1.401904238034320516e-01 8.598095732615672615e-01
-3.414872798434443468e-01 1.352827108451951088e-01 8.647172860771379366e-01
-3.434442270058709057e-01 1.304031435911766068e-01 8.695968531847036997e-01
-3.454011741682974646e-01 1.255517220413762125e-01 8.744482745842645510e-01
-3.473581213307240789e-01 1.207284461957942590e-01 8.792715502758203794e-01
-3.493150684931506378e-01 1.159467720534465562e-01 8.840532242706216071e-01
-3.512720156555773632e-01 1.113022062776251875e-01 8.886977899782428914e-01
-3.532289628180039220e-01 1.067142338277345531e-01 8.932857623778509559e-01
-3.551859099804306474e-01 1.021849945106151070e-01 8.978150016642374442e-01
-3.571428571428572063e-01 9.771662813310827422e-02 9.022833680321945549e-01
-3.590998043052837652e-01 9.331127450205453644e-02 9.066887216765134871e-01
-3.610567514677103240e-01 8.897107342429541599e-02 9.110289227919854405e-01
-3.630136986301368829e-01 8.469816470667157482e-02 9.153018315734023913e-01
-3.649706457925636638e-01 8.049468815602375815e-02 9.195053082155559832e-01
-3.669275929549902227e-01 7.636278357919341897e-02 9.236372129132379705e-01
-3.688845401174169480e-01 7.230459078302101106e-02 9.276954058612399967e-01
-3.708414872798435069e-01 6.832224957434801516e-02 9.316777472543529282e-01
-3.727984344422700658e-01 6.441789976001491280e-02 9.355820972873692964e-01
-3.747553816046966246e-01 6.068279959014066111e-02 9.393171975600205226e-01
-3.767123287671231835e-01 5.705567671829869791e-02 9.429443205283667417e-01
-3.786692759295499644e-01 5.353675139965816121e-02 9.464632459421398192e-01
-3.806262230919765233e-01 5.012984740452974819e-02 9.498701500297941358e-01
-3.825831702544032487e-01 4.683878850322345522e-02 9.531612090197838505e-01
-3.845401174168298075e-01 4.366739846604994479e-02 9.563325991405631221e-01
-3.864970645792563664e-01 4.061950106331924104e-02 9.593804966205861096e-01
-3.884540117416829252e-01 3.769892006534197870e-02 9.623010776883069717e-01
-3.904109589041096506e-01 3.490947924242818190e-02 9.650905185721803115e-01
-3.923679060665362095e-01 3.224947822795287689e-02 9.677505196566015266e-01
-3.943248532289627684e-01 2.972504502830075959e-02 9.702749529260230599e-01
-3.962818003913895493e-01 2.734098149178669154e-02 9.726590165275292854e-01
-3.982387475538161081e-01 2.510092396969021075e-02 9.748990741092495860e-01
-4.001956947162426670e-01 2.300850881329032788e-02 9.769914893193147876e-01
-4.021526418786692259e-01 2.106737237386656011e-02 9.789326258058547170e-01
-4.041095890410959512e-01 1.928115100269794241e-02 9.807188472169993121e-01
-4.060665362035225101e-01 1.765348105106395032e-02 9.823465172008789548e-01
-4.080234833659490690e-01 1.618799887024375411e-02 9.838119994056238049e-01
-4.099804305283758499e-01 1.480869626298180093e-02 9.851913020363275431e-01
-4.119373776908024087e-01 1.352437722310407230e-02 9.864756210986387330e-01
-4.138943248532289676e-01 1.237181919805809861e-02 9.876281791413222821e-01
-4.158512720156556930e-01 1.135102218784399958e-02 9.886489761643786345e-01
-4.178082191780822519e-01 1.038481173632611193e-02 9.896151866324474078e-01
-4.197651663405088107e-01 9.503121104155050694e-03 9.904968772815793132e-01
-4.217221135029353696e-01 8.715020987837192659e-03 9.912849774142691306e-01
-4.236790606653620950e-01 8.020511387372510070e-03 9.919794870305160828e-01
-4.256360078277886538e-01 7.342596185008807598e-03 9.926574022768248629e-01
-4.275929549902154347e-01 6.723235072751502020e-03 9.932767634455209604e-01
-4.295499021526419936e-01 6.164678984689554546e-03 9.938353196016752600e-01
-4.315068493150685525e-01 5.666633528168618129e-03 9.943333651343588819e-01
-4.334637964774951113e-01 5.223393785400033858e-03 9.947766048919148840e-01
-4.354207436399216702e-01 4.838453507109589935e-03 9.951615451661472989e-01
-4.373776908023483956e-01 4.511812693297273351e-03 9.954881859570552383e-01
-4.393346379647749544e-01 4.205356564449879569e-03 9.957946420701685453e-01
-4.412915851272017354e-01 3.898690009819097586e-03 9.961013086301563346e-01
-4.432485322896282942e-01 3.615837687746536154e-03 9.963841609622785533e-01
-4.452054794520548531e-01 3.356638731697670665e-03 9.966433599331270266e-01
-4.471624266144814119e-01 3.114456849915949940e-03 9.968855418368385291e-01
-4.491193737769079708e-01 2.893047036884184228e-03 9.971069516775832309e-01
-4.510763209393346962e-01 2.692409292602365722e-03 9.973075894553612430e-01
-4.530332681017612551e-01 2.506636206523013555e-03 9.974933625804585091e-01
-4.549902152641879804e-01 2.331762825668613585e-03 9.976682360056776666e-01
-4.569471624266145393e-01 2.171969934798778472e-03 9.978280289464432906e-01
-4.589041095890410982e-01 2.027256238212460891e-03 9.979727426984519312e-01
-4.608610567514677125e-01 1.892868533416985737e-03 9.981071304452817650e-01
-4.628180039138942714e-01 1.770008178965732423e-03 9.982299908331599969e-01
-4.647749510763209968e-01 1.657888232095830992e-03 9.983421108017179746e-01
-4.667318982387475557e-01 1.555184379738119241e-03 9.984448146657616263e-01
-4.686888454011742811e-01 1.460393676646047287e-03 9.985396053738911926e-01
-4.706457925636008399e-01 1.372878374979780852e-03 9.986271206694640190e-01
-4.726027397260273988e-01 1.291630714059039536e-03 9.987083683120289157e-01
-4.745596868884539576e-01 1.216627806630402736e-03 9.987833712078149073e-01
-4.765166340508805165e-01 1.146657751900978690e-03 9.988533412523156185e-01
-4.784735812133070754e-01 1.080862348404435652e-03 9.989191366489200696e-01
-4.804305283757340228e-01 1.018403421055372616e-03 9.989815955750446230e-01
-4.823874755381605817e-01 9.584427947684076576e-04 9.990415562081049750e-01
-4.843444227005871405e-01 9.001422944581367359e-04 9.990998567255182650e-01
-4.863013698630136994e-01 8.426637450391649166e-04 9.991573353047004113e-01
-4.882583170254402583e-01 7.972359127547210683e-04 9.992027631886716277e-01
-4.902152641878670392e-01 7.572631092353141434e-04 9.992427360648248325e-01
-4.921722113502935980e-01 7.221487567210371078e-04 9.992778505133894651e-01
-4.941291585127201569e-01 6.918946208608065321e-04 9.993081047715302034e-01
-4.960861056751467157e-01 6.665024673035389868e-04 9.993334970764118363e-01
-4.980430528375734411e-01 6.459740616981527773e-04 9.993540256651987086e-01
-5.000000000000000000e-01 6.303111696935727142e-04 9.993696887750556090e-01
-5.000000000000000000e-01 6.303111696935727142e-04 9.993696887750556090e-01
-4.980430528375733301e-01 5.672916139347187504e-04 9.994327080030772636e-01
-4.960861056751467713e-01 5.769394214945404963e-04 9.994230601178426543e-01
-4.941291585127201569e-01 5.878795238649539394e-04 9.994121199750625184e-01
-4.921722113502935980e-01 5.988826429121569053e-04 9.994011168174087301e-01
-4.902152641878669281e-01 6.114344568592189680e-04 9.993885649840653640e-01
-4.882583170254402583e-01 6.241507339814870992e-04 9.993758486895869542e-01
-4.863013698630136994e-01 6.368670111037560977e-04 9.993631323951085443e-01
-4.843444227005870295e-01 6.495832882260242289e-04 9.993504161006299125e-01
-4.823874755381604706e-01 6.636962771217488032e-04 9.993363030915141110e-01
-4.804305283757338563e-01 6.781411579240372890e-04 9.993218581898115627e-01
-4.784735812133072974e-01 6.925860387263266423e-04 9.993074132881090144e-01
-4.765166340508806275e-01 7.070309195286155618e-04 9.992929683864062440e-01
-4.745596868884539576e-01 7.228892513096432312e-04 9.992771100407120688e-01
-4.726027397260273988e-01 7.393193160708353036e-04 9.992606799648635629e-01
-4.706457925636007844e-01 7.557493808320269423e-04 9.992442498890155012e-01
-4.686888454011742255e-01 7.721794455932190146e-04 9.992278198131672173e-01
-4.667318982387475557e-01 7.894962859528284645e-04 9.992105029642232017e-01
-4.647749510763208858e-01 8.078596282765503241e-04 9.991921396162679603e-01
-4.628180039138943269e-01 8.268339938501249355e-04 9.991731652467876756e-01
-4.608610567514677125e-01 8.464193826735505639e-04 9.991535798557813486e-01
-4.589041095890410982e-01 8.666157947468276432e-04 9.991333834432498673e-01
-4.569471624266144838e-01 8.874232300699570405e-04 9.991125760091927877e-01
-4.549902152641878139e-01 9.088416886429374550e-04 9.990911575536099987e-01
-4.530332681017612551e-01 9.308711704657693202e-04 9.990691280765018334e-01
-4.510763209393345852e-01 9.535791586332766252e-04 9.990464200915577520e-01
-4.491193737769080263e-01 9.770161499032085917e-04 9.990229830996140148e-01
-4.471624266144814119e-01 1.001101109233230434e-03 9.989988981395738765e-01
-4.452054794520548531e-01 1.025834036623342153e-03 9.989741652114374482e-01
-4.432485322896281832e-01 1.051214932073543749e-03 9.989487843152049518e-01
-4.412915851272015133e-01 1.077243795583835654e-03 9.989227554508761653e-01
-4.393346379647749544e-01 1.103920627154217435e-03 9.988960786184513108e-01
-4.373776908023483401e-01 1.131245426784689093e-03 9.988687538179303882e-01
-4.354207436399217812e-01 1.159355479025107275e-03 9.988406437648514880e-01
-4.334637964774951113e-01 1.188654500346044036e-03 9.988113447430032599e-01
-4.315068493150685525e-01 1.218741979696058401e-03 9.987812572631806773e-01
-4.295499021526418826e-01 1.249617917075154273e-03 9.987503813253826301e-01
-4.275929549902152127e-01 1.281282312483329050e-03 9.987187169296098954e-01
-4.256360078277886538e-01 1.313735165920584900e-03 9.986862640758622511e-01
-4.236790606653620395e-01 1.346976477386919221e-03 9.986530227641394752e-01
-4.217221135029353696e-01 1.381006246882335482e-03 9.986189929944420118e-01
-4.197651663405088107e-01 1.415922101058474970e-03 9.985840771401470750e-01
-4.178082191780821408e-01 1.454277797526903372e-03 9.985457214444075635e-01
-4.158512720156555820e-01 1.494014922454710379e-03 9.985059843204402430e-01
-4.138943248532289676e-01 1.535133475841892522e-03 9.984648657682453354e-01
-4.119373776908024087e-01 1.577633457688451969e-03 9.984223657878223968e-01
-4.099804305283757389e-01 1.621514867994387418e-03 9.983784843791719821e-01
-4.080234833659490690e-01 1.666777706759700606e-03 9.983332215422936473e-01
-4.060665362035225101e-01 1.713421973984388929e-03 9.982865772771873925e-01
-4.041095890410958957e-01 1.761447669668454123e-03 9.982385515838539947e-01
-4.021526418786692814e-01 1.810854793811896186e-03 9.981891444622923437e-01
-4.001956947162426670e-01 1.861643346414713386e-03 9.981383559125031057e-01
-3.982387475538160526e-01 1.913813327476908323e-03 9.980861859344860587e-01
-3.962818003913894382e-01 1.967364736998480131e-03 9.980326345282413136e-01
-3.943248532289627684e-01 2.022297574979427942e-03 9.979777016937687595e-01
-3.923679060665362095e-01 2.078611841419752190e-03 9.979213874310683963e-01
-3.904109589041095951e-01 2.136307536319452440e-03 9.978636917401404460e-01
-3.884540117416829808e-01 2.195384659678529995e-03 9.978046146209846867e-01
-3.864970645792563664e-01 2.258178042002941931e-03 9.977418212412408893e-01
-3.845401174168296965e-01 2.323923108514328907e-03 9.976760761762952789e-01
-3.825831702544031376e-01 2.391467349124111116e-03 9.976085319371509330e-01
-3.806262230919765233e-01 2.460810763832292029e-03 9.975391885238081846e-01
-3.786692759295499089e-01 2.531953352638868174e-03 9.974680459362665896e-01
-3.767123287671232945e-01 2.604895115543839554e-03 9.973951041745268142e-01
-3.747553816046966246e-01 2.679636052547207468e-03 9.973203632385885253e-01
-3.727984344422700658e-01 2.756176163648974085e-03 9.972438231284519450e-01
-3.708414872798433959e-01 2.834515448849135501e-03 9.971654838441164070e-01
-3.688845401174168370e-01 2.914653908147691284e-03 9.970853453855823556e-01
-3.669275929549902227e-01 2.996591541544646638e-03 9.970034077528502348e-01
-3.649706457925635528e-01 3.080328349039997225e-03 9.969196709459194894e-01
-3.630136986301369939e-01 3.165864330633741310e-03 9.968341349647900085e-01
-3.610567514677103240e-01 3.253199486325885400e-03 9.967467998094621251e-01
-3.590998043052837096e-01 3.342333816116424723e-03 9.966576654799360613e-01
-3.571428571428571508e-01 3.437496390764728689e-03 9.965625029036816462e-01
-3.551859099804305364e-01 3.535441191772564253e-03 9.964645581005566743e-01
-3.532289628180039220e-01 3.635778586477634352e-03 9.963642207033855946e-01
-3.512720156555772522e-01 3.738508574879934650e-03 9.962614907121691843e-01
-3.493150684931506933e-01 3.843631156979469051e-03 9.961563681269066661e-01
-3.473581213307240789e-01 3.951146332776238855e-03 9.960488529475987063e-01
-3.454011741682974646e-01 4.061054102270237991e-03 9.959389451742449717e-01
-3.434442270058708502e-01 4.173354465461473831e-03 9.958266448068457954e-01
-3.414872798434442358e-01 4.288047422349940303e-03 9.957119518454006224e-01
-3.395303326810176214e-01 4.405132972935640878e-03 9.955948662899096746e-01
-3.375733855185909515e-01 4.524611117218576423e-03 9.954753881403735072e-01
-3.356164383561643927e-01 4.646481855198740865e-03 9.953535173967911209e-01
-3.336594911937377783e-01 4.770745186876139410e-03 9.952292540591634040e-01
-3.317025440313111639e-01 4.897401112250773791e-03 9.951025981274899124e-01
-3.297455968688845496e-01 5.031752302634501239e-03 9.949682469328782197e-01
-3.277886497064578797e-01 5.197883438676741998e-03 9.948021158056694624e-01
-3.258317025440313208e-01 5.370723136276419826e-03 9.946292761185235864e-01
-3.238747553816047065e-01 5.550271395433531256e-03 9.944497278714419242e-01
-3.219178082191780921e-01 5.736528216148073685e-03 9.942634710644230323e-01
-3.199608610567514777e-01 5.929493598420050582e-03 9.940705056974679099e-01
-3.180039138943248078e-01 6.129167542249462815e-03 9.938708317705764461e-01
-3.160469667318981934e-01 6.335550047636306914e-03 9.936644492837483078e-01
-3.140900195694715791e-01 6.548641114580582880e-03 9.934513582369834950e-01
-3.121330724070450202e-01 6.768440743082288977e-03 9.932315586302826738e-01
-3.101761252446184058e-01 6.994018670036823183e-03 9.930059807189772769e-01
-3.082191780821917915e-01 7.220579438942911071e-03 9.927794199195043578e-01
-3.062622309197651771e-01 7.452672847828229093e-03 9.925473264718488453e-01
-3.043052837573385072e-01 7.690298896692769441e-03 9.923097003760101842e-01
-3.023483365949118928e-01 7.933457585536537321e-03 9.920665416319889296e-01
-3.003913894324853340e-01 8.182148914359525793e-03 9.918178502397848595e-01
-2.984344422700587196e-01 8.436372883161746133e-03 9.915636261993976408e-01
-2.964774951076321052e-01 8.696129491943187934e-03 9.913038695108277176e-01
-2.945205479452054909e-01 8.961418740703851193e-03 9.910385801740753120e-01
-2.925636007827788210e-01 9.232240629443746321e-03 9.907677581891394247e-01
-2.906066536203522066e-01 9.509745200775587132e-03 9.904902535304107580e-01
-2.886497064579256477e-01 9.800368312119892705e-03 9.901996304356176504e-01
-2.866927592954990334e-01 1.009806995246030278e-02 9.899019288264794270e-01
-2.847358121330724190e-01 1.040285012179682951e-02 9.895971487029959768e-01
-2.827788649706457491e-01 1.071470882012946768e-02 9.892852900651679660e-01
-2.808219178082191902e-01 1.103364604745820515e-02 9.889663529129948394e-01
-2.788649706457925759e-01 1.135966180378306101e-02 9.886403372464764860e-01
-2.769080234833659615e-01 1.169275608910402484e-02 9.883072430656132390e-01
-2.749510763209393471e-01 1.203292890342109664e-02 9.879670703704055423e-01
-2.729941291585127328e-01 1.238018024673427642e-02 9.876198191608520638e-01
-2.710371819960860629e-01 1.273683640265173625e-02 9.872631631501513905e-01
-2.690802348336594485e-01 1.311707883193000655e-02 9.868829208580716106e-01
-2.671232876712328896e-01 1.350773801246875350e-02 9.864922618247984332e-01
-2.651663405088062753e-01 1.390881394426798576e-02 9.860911860503314141e-01
-2.632093933463796609e-01 1.432030662732770854e-02 9.856796935346709976e-01
-2.612524461839529910e-01 1.474221606164791837e-02 9.852577842778169614e-01
-2.592954990215264321e-01 1.517454224722860137e-02 9.848254582797693057e-01
-2.573385518590997623e-01 1.561728518406978357e-02 9.843827155405280305e-01
-2.553816046966732034e-01 1.607044487217144241e-02 9.839295560600934687e-01
-2.534246575342465890e-01 1.653402131153358656e-02 9.834659798384650653e-01
-2.514677103718199747e-01 1.701154137909292874e-02 9.829884599848390803e-01
-2.495107632093933048e-01 1.752821297605703516e-02 9.824717884988920513e-01
-2.475538160469667182e-01 1.806430179405721370e-02 9.819356997665866782e-01
-2.455968688845401038e-01 1.862061596622634208e-02 9.813793856516126457e-01
-2.436399217221134617e-01 1.919796362569729103e-02 9.808020380176591946e-01
-2.416829745596868750e-01 1.979715290560292440e-02 9.802028487284165648e-01
-2.397260273972602884e-01 2.041899193907614068e-02 9.795810096475737749e-01
-2.377690802348336740e-01 2.106428885924982106e-02 9.789357126388207320e-01
-2.358121330724070319e-01 2.173385179925682240e-02 9.782661495658471207e-01
-2.338551859099804175e-01 2.242848889223002240e-02 9.775715122923420708e-01
-2.318982387475538032e-01 2.314495107340399163e-02 9.768550499053072489e-01
-2.299412915851271610e-01 2.385224044373635000e-02 9.761477604998356483e-01
-2.279843444227006022e-01 2.457587319611388016e-02 9.754241277250950137e-01
-2.260273972602739878e-01 2.531565504129110189e-02 9.746843458734331112e-01
-2.240704500978473457e-01 2.607139169002248291e-02 9.739286092371965964e-01
-2.221135029354207313e-01 2.684288885306251871e-02 9.731571121087323473e-01
-2.201565557729941169e-01 2.762995224116568393e-02 9.723700487803874637e-01
-2.181996086105674748e-01 2.843238756508647061e-02 9.715676135445090456e-01
-2.162426614481408604e-01 2.925000053557936380e-02 9.707500006934436376e-01
-2.142857142857143016e-01 3.008259686339883818e-02 9.699174045195388949e-01
-2.123287671232876872e-01 3.093216877930118208e-02 9.690678327757697996e-01
-2.103718199608610451e-01 3.181742795355838038e-02 9.681825736274815020e-01
-2.084148727984344307e-01 3.272360313907345108e-02 9.672763984540071469e-01
-2.064579256360078441e-01 3.365108602397523518e-02 9.663489155651276974e-01
-2.045009784735811742e-01 3.460026829639251122e-02 9.653997332706254486e-01
-2.025440313111545876e-01 3.557154164445418265e-02 9.644284598802813635e-01
-2.005870841487280010e-01 3.656529775628897250e-02 9.634347037038778483e-01
-1.986301369863013588e-01 3.758192832002577727e-02 9.624180730511959769e-01
-1.966731898238747445e-01 3.862182502379339633e-02 9.613781762320174895e-01
-1.947162426614481578e-01 3.968506587349959758e-02 9.603149352482672763e-01
-1.927592954990214880e-01 4.076901487448830741e-02 9.592309861882790667e-01
-1.908023483365949013e-01 4.187629529988697724e-02 9.581237057062498286e-01
-1.888454011741682870e-01 4.300719257327879907e-02 9.569928083798675544e-01
-1.868884540117416448e-01 4.416199211824696491e-02 9.558380087868210140e-01
-1.849315068493150582e-01 4.534097935837470839e-02 9.546590215047983108e-01
-1.829745596868884716e-01 4.654443971724531171e-02 9.534555611114883256e-01
-1.810176125244618017e-01 4.777265861844193218e-02 9.522273421845790509e-01
-1.790606653620352151e-01 4.902592148554781731e-02 9.509740793017593674e-01
-1.771037181996086007e-01 5.030473610864084899e-02 9.496952646712590873e-01
-1.751467710371819586e-01 5.161176783534324186e-02 9.483882329150161716e-01
-1.731898238747553442e-01 5.294557471535282778e-02 9.470544260076210197e-01
-1.712328767123287854e-01 5.430652878318475985e-02 9.456934719146761203e-01
-1.692759295499021710e-01 5.569500207335431607e-02 9.443049986017841846e-01
-1.673189823874755289e-01 5.711136662037660100e-02 9.428886340345474792e-01
-1.653620352250489145e-01 5.855599445876684406e-02 9.414440061785678271e-01
-1.634050880626223001e-01 6.002925762304019142e-02 9.399707429994483832e-01
-1.614481409001956580e-01 6.153152814771186557e-02 9.384684724627908592e-01
-1.594911937377690436e-01 6.306251704008608572e-02 9.369374835608016427e-01
-1.575342465753424848e-01 6.461472030130230304e-02 9.353852802852178350e-01
-1.555772994129158426e-01 6.619419339538581970e-02 9.338058071773568392e-01
-1.536203522504892283e-01 6.780102563595394316e-02 9.321989749234584899e-01
-1.516634050880626139e-01 6.943530633662396701e-02 9.305646942097638430e-01
-1.497064579256359718e-01 7.109712481101321258e-02 9.289028757225128441e-01
-1.477495107632093574e-01 7.278657037273897346e-02 9.272134301479455498e-01
-1.457925636007827708e-01 7.450373233541852935e-02 9.254962681723029050e-01
-1.438356164383561564e-01 7.624870001266922936e-02 9.237513004818251883e-01
-1.418786692759295420e-01 7.802156271810839483e-02 9.219784377627522343e-01
-1.399217221135029277e-01 7.982240976535329158e-02 9.201775907013245437e-01
-1.379647749510762855e-01 8.165133046802124095e-02 9.183486699837830614e-01
-1.360078277886496712e-01 8.350841413972950877e-02 9.164915862963673998e-01
-1.340508806262230845e-01 8.539375009409547190e-02 9.146062503253183928e-01
-1.320939334637964147e-01 8.730742764473641004e-02 9.126925727568762081e-01
-1.301369863013698558e-01 8.924953610526954739e-02 9.107504642772810133e-01
-1.281800391389432414e-01 9.122016478931233019e-02 9.087798355727736421e-01
-1.262230919765166548e-01 9.321940301048203814e-02 9.067805973295942623e-01
-1.242661448140899988e-01 9.524737571311715778e-02 9.047526246041640574e-01
-1.223091976516633844e-01 9.730467132800055263e-02 9.026953289782011502e-01
-1.203522504892367839e-01 9.939094646796944876e-02 9.006090538277654600e-01
-1.183953033268101279e-01 1.015062967918754777e-01 8.984937034940234657e-01
-1.164383561643835691e-01 1.036508179585701184e-01 8.963491823181420903e-01
-1.144814090019569547e-01 1.058246056269051549e-01 8.941753946412882570e-01
-1.125244618395303126e-01 1.080277554557320663e-01 8.919722448046285557e-01
-1.105675146771036982e-01 1.102603631039024423e-01 8.897396371493300204e-01
-1.086105675146770977e-01 1.125225242302678175e-01 8.874774760165595744e-01
-1.066536203522504417e-01 1.148143344936797816e-01 8.851856657474836965e-01
-1.046966731898238412e-01 1.171358895529899524e-01 8.828641106832690877e-01
-1.027397260273972823e-01 1.194872850670498088e-01 8.805127151650831152e-01
-1.007827788649706263e-01 1.218686166947110794e-01 8.781313835340922580e-01
-9.882583170254401195e-02 1.242799800948252847e-01 8.757200201314631061e-01
-9.686888454011741145e-02 1.267214709262439731e-01 8.732785292983624714e-01
-9.491193737769075545e-02 1.291931848478187761e-01 8.708068153759577212e-01
-9.295499021526415495e-02 1.316872962330533636e-01 8.683127039899538602e-01
-9.099804305283754058e-02 1.342096631533780948e-01 8.657903370695276823e-01
-8.904109589041098172e-02 1.367608531479392042e-01 8.632391470755995666e-01
-8.708414872798433959e-02 1.393408682946150057e-01 8.606591319303000809e-01
-8.512720156555768358e-02 1.419497106712834800e-01 8.580502895557597931e-01
-8.317025440313112472e-02 1.445873823558227467e-01 8.554126178741099373e-01
-8.121330724070446871e-02 1.472538854261108976e-01 8.527461148074806374e-01
-7.925636007827781271e-02 1.499492219600261911e-01 8.500507782780026833e-01
-7.729941291585125385e-02 1.526733940354465802e-01 8.473266062078069760e-01
-7.534246575342469499e-02 1.554264037302502122e-01 8.445735965190244166e-01
-7.338551859099803898e-02 1.582082531223153454e-01 8.417917471337852398e-01
-7.142857142857138297e-02 1.610189442895199885e-01 8.389810559742203466e-01
-6.947162426614482411e-02 1.638584793097422887e-01 8.361415209624607492e-01
-6.751467710371818198e-02 1.667268602608603656e-01 8.332731400206365713e-01
-6.555772994129152598e-02 1.696240892207523387e-01 8.303759110708787139e-01
-6.360078277886496712e-02 1.725450690768647044e-01 8.274549312214157792e-01
-6.164383561643840131e-02 1.754923871195539498e-01 8.245076131840975986e-01
-5.968688845401175225e-02 1.784672275321889101e-01 8.215327727765684429e-01
-5.772994129158509624e-02 1.814695137106339118e-01 8.185304866029060600e-01
-5.577299412915853738e-02 1.844991690507532811e-01 8.155008312671878645e-01
-5.381604696673188831e-02 1.875561169484116220e-01 8.124438833734914933e-01
-5.185909980430523231e-02 1.906402807994732607e-01 8.093597195258941390e-01
-4.990215264187867344e-02 1.937515839998026901e-01 8.062484163284739935e-01
-4.794520547945201744e-02 1.968899499452642643e-01 8.031100503853081385e-01
-4.598825831702545858e-02 2.000553020317224484e-01 7.999446983004738776e-01
-4.403131115459880951e-02 2.032475636550417075e-01 7.967524366780492917e-01
-4.207436399217215350e-02 2.064666582110865067e-01 7.935333421221113515e-01
-4.011741682974559464e-02 2.097125090957212001e-01 7.902874912367381377e-01
-3.816046966731893864e-02 2.129850397048102528e-01 7.870149606260062880e-01
-3.620352250489228957e-02 2.162841734342181299e-01 7.837158268939945494e-01
-3.424657534246573071e-02 2.196103138839088365e-01 7.803896864423005564e-01
-3.228962818003916491e-02 2.229632890997595152e-01 7.770367112246674424e-01
-3.033268101761251584e-02 2.263427913718658036e-01 7.736572089501621008e-01
-2.837573385518586330e-02 2.297487532555215761e-01 7.702512470634632624e-01
-2.641878669275930097e-02 2.331811073060207073e-01 7.668188930092497690e-01
-2.446183953033264843e-02 2.366397860786572660e-01 7.633602142322002404e-01
-2.250489236790599937e-02 2.401247221287252653e-01 7.598752781769939624e-01
-2.054794520547943704e-02 2.436358480115186076e-01 7.563641522883097768e-01
-1.859099804305287471e-02 2.471730962823312505e-01 7.528269040108265253e-01
-1.663405088062622564e-02 2.507363994964573739e-01 7.492636007892228278e-01
-1.467710371819957137e-02 2.543256902091906579e-01 7.456743100681777481e-01
-1.272015655577301077e-02 2.579409009758252269e-01 7.420590992923702389e-01
-1.076320939334645017e-02 2.615819643516551496e-01 7.384180359064792531e-01
-8.806262230919707432e-03 2.652488128919743282e-01 7.347511873551834105e-01
-6.849315068493145968e-03 2.689413791520767205e-01 7.310586210831619969e-01
-4.892367906066493431e-03 2.726561534114178009e-01 7.273438468150683622e-01
-2.935420743639932401e-03 2.763920939148938327e-01 7.236079063071501061e-01
-9.784735812132805150e-04 2.801521303272190844e-01 7.198478698910643070e-01
9.784735812133715880e-04 2.839361099207213246e-01 7.160638902945584139e-01
2.935420743639932401e-03 2.877438799677295433e-01 7.122561202453792095e-01
4.892367906066584504e-03 2.915752877405719534e-01 7.084247124712733656e-01
6.849315068493145968e-03 2.954301805115766566e-01 7.045698196999881091e-01
8.806262230919797637e-03 2.993084055530725318e-01 7.006915946592706668e-01
1.076320939334635823e-02 3.032098101373874588e-01 6.967901900768674883e-01
1.272015655577310271e-02 3.071342415368500944e-01 6.928657586805255786e-01
1.467710371819966331e-02 3.110815470237885960e-01 6.889184531979928305e-01
1.663405088062622564e-02 3.150515738705313984e-01 6.849484263570153608e-01
1.859099804305287471e-02 3.190441693494070474e-01 6.809558308853399522e-01
2.054794520547943704e-02 3.230591807327436449e-01 6.769408195107143866e-01
2.250489236790608957e-02 3.270964552928700142e-01 6.729035449608848918e-01
2.446183953033264843e-02 3.311582497132868896e-01 6.688417505480008796e-01
2.641878669275939465e-02 3.352471609539732222e-01 6.647528393071091557e-01
2.837573385518595351e-02 3.393592668968440362e-01 6.606407333632926537e-01
3.033268101761251584e-02 3.434944990244989671e-01 6.565055012338721907e-01
3.228962818003916491e-02 3.476527888195377614e-01 6.523472114361689167e-01
3.424657534246573071e-02 3.518340677645594994e-01 6.481659324875045369e-01
3.620352250489237977e-02 3.560382673421639832e-01 6.439617329051993133e-01
3.816046966731893864e-02 3.602653190349505152e-01 6.397346812065753952e-01
4.011741682974568485e-02 3.645151543255189530e-01 6.354848459089534884e-01
4.207436399217224371e-02 3.687877046964682659e-01 6.312122955296550764e-01
4.403131115459880951e-02 3.730829016303982559e-01 6.269170985860010870e-01
4.598825831702545858e-02 3.774006766099084476e-01 6.225993235953122262e-01
4.794520547945201744e-02 3.817409611175981432e-01 6.182590390749109766e-01
4.990215264187876365e-02 3.861036866360671449e-01 6.138963135421175998e-01
5.185909980430532251e-02 3.904887846479145885e-01 6.095112155142532462e-01
5.381604696673197852e-02 3.948914796349046186e-01 6.051085205122825883e-01
5.577299412915853738e-02 3.992982374379969723e-01 6.007017627035985408e-01
5.772994129158509624e-02 4.037247993664506707e-01 5.962752007697762480e-01
5.968688845401175225e-02 4.081711654202659911e-01 5.918288347108162650e-01
6.164383561643831111e-02 4.126373355994424896e-01 5.873626645267189250e-01
6.360078277886505038e-02 4.171233099039803882e-01 5.828766902174836728e-01
6.555772994129160924e-02 4.216290883338794648e-01 5.783709117831109525e-01
6.751467710371826525e-02 4.261546708891402746e-01 5.738453292236002090e-01
6.947162426614482411e-02 4.307000575697620404e-01 5.692999425389519974e-01
7.142857142857138297e-02 4.352652483757452617e-01 5.647347517291663177e-01
7.338551859099803898e-02 4.398488713930411853e-01 5.601511287087062030e-01
7.534246575342459784e-02 4.444505398698108678e-01 5.555494602295278916e-01
7.729941291585135099e-02 4.490714783590510351e-01 5.509285217382646760e-01
7.925636007827790985e-02 4.537116868607607989e-01 5.462883132349167781e-01
8.121330724070456586e-02 4.583711653749410475e-01 5.416288347194836428e-01
8.317025440313112472e-02 4.630499139015910037e-01 5.369500861919662693e-01
8.512720156555768358e-02 4.677475817103530775e-01 5.322524183827610500e-01
8.708414872798433959e-02 4.724579861287994120e-01 5.275420139649962259e-01
8.904109589041098172e-02 4.771858398207692309e-01 5.228141602742988336e-01
9.099804305283763772e-02 4.819311427862628117e-01 5.180688573106686512e-01
9.295499021526419658e-02 4.866938950252799323e-01 5.133061050741063447e-01
9.491193737769085259e-02 4.914740965378205928e-01 5.085259035646112480e-01
9.686888454011741145e-02 4.962717473238847932e-01 5.037282527821838052e-01
9.882583170254397031e-02 5.010838850284402568e-01 4.989161150800935918e-01
1.007827788649707096e-01 5.059105229400475690e-01 4.940894771697870724e-01
1.027397260273972823e-01 5.107532472733166129e-01 4.892467528375991082e-01
1.046966731898239245e-01 5.156120580282474997e-01 4.843879420835290883e-01
1.066536203522504833e-01 5.204869552048398962e-01 4.795130449075776236e-01
1.086105675146771393e-01 5.253779388030945796e-01 4.746220613097441587e-01
1.105675146771036982e-01 5.302835312951995617e-01 4.697164688178235847e-01
1.125244618395302570e-01 5.351965992648601844e-01 4.648034008480335100e-01
1.144814090019570102e-01 5.401231629625694586e-01 4.598768371499466490e-01
1.164383561643835691e-01 5.450632223883263849e-01 4.549367777235632238e-01
1.183953033268102251e-01 5.500167775421320737e-01 4.499832225688829568e-01
1.203522504892367839e-01 5.549838284239856367e-01 4.450161716859061256e-01
1.223091976516634399e-01 5.599643750338878512e-01 4.400356250746325637e-01
1.242661448140899988e-01 5.649584173718380509e-01 4.350415827350625486e-01
1.262230919765167381e-01 5.699659554378370130e-01 4.300340446671955252e-01
1.281800391389432969e-01 5.749869892318835163e-01 4.250130108710322707e-01
1.301369863013698558e-01 5.800215187539787820e-01 4.199784813465721189e-01
1.320939334637964979e-01 5.850695440041223661e-01 4.149304560938151809e-01
1.340508806262230845e-01 5.901310649823141574e-01 4.098689351127619007e-01
1.360078277886497267e-01 5.952007150679849978e-01 4.047992850234016782e-01
1.379647749510763688e-01 6.002686011523133969e-01 3.997313989334888573e-01
1.399217221135030387e-01 6.053471296836127058e-01 3.946528703960491269e-01
1.418786692759295975e-01 6.104363006618820364e-01 3.895636994110827089e-01
1.438356164383561564e-01 6.155361140871220549e-01 3.844638859785894924e-01
1.457925636007827985e-01 6.206465699593329832e-01 3.793534300985692553e-01
1.477495107632093574e-01 6.257676682785140443e-01 3.742323317710224972e-01
1.497064579256361105e-01 6.308994090446657932e-01 3.691005909959487741e-01
1.516634050880626694e-01 6.360417922577876748e-01 3.639582077733484189e-01
1.536203522504893115e-01 6.411948179178806884e-01 3.588051821032208766e-01
1.555772994129158704e-01 6.463584860249437236e-01 3.536415139855670353e-01
1.575342465753424293e-01 6.515327965789772247e-01 3.484672034203862845e-01
1.594911937377690991e-01 6.567177495799818576e-01 3.432822504076784575e-01
1.614481409001956580e-01 6.618999176069141344e-01 3.381000823693284252e-01
1.634050880626224111e-01 6.670689355211605331e-01 3.329310644446005218e-01
1.653620352250489700e-01 6.722435265305866103e-01 3.277564734244541866e-01
1.673189823874756121e-01 6.774236906351931431e-01 3.225763093088892530e-01
1.692759295499021710e-01 6.826094278349796873e-01 3.173905720979061096e-01
1.712328767123287299e-01 6.878007381299462430e-01 3.121992617915044788e-01
1.731898238747553720e-01 6.929976215200932543e-01 3.070023783896840275e-01
1.751467710371820419e-01 6.982000780054200550e-01 3.017999218924454774e-01
1.771037181996086840e-01 7.034081075859273113e-01 2.965918922997881069e-01
1.790606653620352429e-01 7.086217102616142460e-01 2.913782896117125820e-01
1.810176125244619127e-01 7.138408860324815253e-01 2.861591138282182367e-01
1.829745596868884716e-01 7.190656348985290380e-01 2.809343649493057926e-01
1.849315068493150305e-01 7.242959568597562292e-01 2.757040429749748611e-01
1.868884540117417559e-01 7.295059936236705234e-01 2.704940061976913168e-01
1.888454011741683425e-01 7.346912479138030250e-01 2.653087518939185041e-01
1.908023483365949846e-01 7.398745352009288290e-01 2.601254645929059750e-01
1.927592954990215435e-01 7.450558554850476023e-01 2.549441442946546177e-01
1.947162426614481856e-01 7.502352087661592339e-01 2.497647909991635717e-01
1.966731898238747445e-01 7.554125950442636128e-01 2.445874047064335310e-01
1.986301369863013033e-01 7.605880143193608500e-01 2.394119854164641348e-01
2.005870841487280565e-01 7.657614665914515006e-01 2.342385331292551331e-01
2.025440313111546153e-01 7.709329518605345655e-01 2.290670478448070813e-01
2.045009784735812852e-01 7.761024701266109327e-01 2.238975295631194795e-01
2.064579256360078441e-01 7.812700213896799362e-01 2.187299782841929108e-01
2.084148727984344862e-01 7.864356056497420200e-01 2.135643940080266812e-01
2.103718199608610451e-01 7.915992229067967401e-01 2.084007767346214290e-01
2.123287671232876872e-01 7.967285127443528570e-01 2.032714868857464219e-01
2.142857142857143571e-01 8.018267757590031852e-01 1.981732238642697763e-01
2.162426614481409159e-01 8.069104342421640208e-01 1.930895653760978103e-01
2.181996086105675581e-01 8.119786173551009067e-01 1.880213822601065066e-01
2.201565557729941169e-01 8.170304542590780539e-01 1.829695453551732909e-01
2.221135029354207868e-01 8.220650741153621155e-01 1.779349255001743124e-01
2.240704500978474289e-01 8.270816060852173024e-01 1.729183935339869693e-01
2.260273972602739878e-01 8.320791793299089356e-01 1.679208202954877160e-01
2.279843444227006299e-01 8.370569230107032244e-01 1.629430766235528405e-01
2.299412915851272166e-01 8.420139662888644905e-01 1.579860333570599074e-01
2.318982387475538587e-01 8.469494383256588321e-01 1.530505613348849825e-01
2.338551859099804175e-01 8.518624682823503491e-01 1.481375313959054640e-01
2.358121330724071707e-01 8.567521853202055837e-01 1.432478143789974179e-01
2.377690802348337296e-01 8.615798033764693331e-01 1.384201963279981240e-01
2.397260273972602884e-01 8.663587559338929989e-01 1.336412437674894815e-01
2.416829745596869305e-01 8.710993066487195957e-01 1.289006930469666079e-01
2.436399217221134894e-01 8.757997315985344144e-01 1.242002680885582744e-01
2.455968688845401593e-01 8.804583068609226348e-01 1.195416928143923363e-01
2.475538160469667182e-01 8.850733085134683265e-01 1.149266911465976759e-01
2.495107632093934436e-01 8.896430126337573352e-01 1.103569870073022319e-01
2.514677103718200302e-01 8.941656952993730645e-01 1.058343043186348587e-01
2.534246575342465890e-01 8.986396325879013602e-01 1.013603670027236475e-01
2.553816046966732034e-01 9.030631005769265141e-01 9.693689898169674524e-02
2.573385518590997623e-01 9.074343753440337057e-01 9.256562417768307571e-02
2.592954990215264321e-01 9.117517329668076709e-01 8.824826651281042489e-02
2.612524461839531020e-01 9.160134495228332563e-01 8.398654990920775831e-02
2.632093933463797164e-01 9.201486771768643269e-01 7.985132223389357353e-02
2.651663405088063308e-01 9.241957534238376404e-01 7.580424597306431589e-02
2.671232876712328896e-01 9.281623890697061618e-01 7.183761031610436110e-02
2.690802348336595040e-01 9.320455284335755763e-01 6.795447094423803791e-02
2.710371819960860629e-01 9.358421158345529012e-01 6.415788353869018856e-02
2.729941291585128438e-01 9.395490955917444875e-01 6.045090378068497527e-02
2.749510763209394026e-01 9.431634120242562425e-01 5.683658735144726804e-02
2.769080234833660170e-01 9.466820094511946282e-01 5.331798993220114580e-02
2.788649706457925759e-01 9.501018321916662179e-01 4.989816720417152018e-02
2.808219178082191347e-01 9.534198245647775849e-01 4.658017484858269913e-02
2.827788649706458046e-01 9.566329308896350803e-01 4.336706854665899058e-02
2.847358121330723635e-01 9.597380954853445001e-01 4.026190397962524370e-02
2.866927592954990889e-01 9.627322626710124176e-01 3.726773682870561377e-02
2.886497064579256477e-01 9.655565303928677068e-01 3.444346912094514712e-02
2.906066536203523176e-01 9.682488646609108685e-01 3.175113486654812522e-02
2.925636007827788765e-01 9.708071042861388111e-01 2.919289525528300303e-02
2.945205479452054353e-01 9.732272556160010968e-01 2.677274393957610257e-02
2.964774951076321052e-01 9.755053249979481755e-01 2.449467457185375979e-02
2.984344422700587751e-01 9.776373187794291653e-01 2.236268080454273388e-02
3.003913894324853895e-01 9.796192433078945161e-01 2.038075629006926015e-02
3.023483365949119483e-01 9.814471049307941231e-01 1.855289468086004229e-02
3.043052837573386182e-01 9.831169099955778812e-01 1.688308962934136070e-02
3.062622309197651771e-01 9.846246648496955745e-01 1.537533478793987225e-02
3.082191780821917360e-01 9.859663758405974310e-01 1.403362380908197184e-02
3.101761252446184614e-01 9.872525112102439326e-01 1.274748844921883527e-02
3.121330724070450202e-01 9.884716743192392130e-01 1.152832534771777023e-02
3.140900195694716901e-01 9.895627568626103043e-01 1.043724281015891153e-02
3.160469667318982490e-01 9.905254703105434988e-01 9.474529366184449714e-03
3.180039138943249188e-01 9.913595261332264208e-01 8.640473545436351543e-03
3.199608610567514777e-01 9.920646358008455845e-01 7.935363877556795426e-03
3.219178082191780366e-01 9.927284768068325160e-01 7.271522873808957364e-03
3.238747553816047620e-01 9.933582453460879647e-01 6.641754339534200816e-03
3.258317025440313208e-01 9.939224610540102756e-01 6.077538637438701166e-03
3.277886497064578797e-01 9.944276623282670702e-01 5.572337370060936011e-03
3.297455968688846606e-01 9.948809815380506016e-01 5.119018168032814578e-03
3.317025440313112195e-01 9.953006026258413019e-01 4.699397081572245609e-03
3.336594911937377783e-01 9.956878817240508717e-01 4.312117981814835022e-03
3.356164383561643372e-01 9.960505119090776738e-01 3.949487791824817309e-03
3.375733855185910626e-01 9.963961862573197381e-01 3.603813434666439542e-03
3.395303326810176214e-01 9.967075449567037726e-01 3.292454726709222526e-03
3.414872798434443468e-01 9.969646546639452378e-01 3.035345016032228119e-03
3.434442270058709057e-01 9.971886336432860265e-01 2.811366035264808907e-03
3.454011741682974646e-01 9.973807000467296291e-01 2.619299633114684223e-03
3.473581213307240789e-01 9.975420720262804242e-01 2.457927658289610264e-03
3.493150684931506378e-01 9.977008040301609260e-01 2.299195670968584050e-03
3.512720156555773632e-01 9.978517915187461451e-01 2.148208209676735151e-03
3.532289628180039220e-01 9.979970513041395153e-01 2.002948463251143663e-03
3.551859099804306474e-01 9.981410928958773798e-01 1.858906923810361121e-03
3.571428571428572063e-01 9.982718473993084096e-01 1.728152449680769778e-03
3.590998043052837652e-01 9.983924100620207298e-01 1.607589791689653484e-03
3.610567514677103240e-01 9.985081988776500772e-01 1.491800959936980756e-03
3.630136986301368829e-01 9.986208952542221517e-01 1.379104541573153431e-03
3.649706457925636638e-01 9.987221577088702951e-01 1.277842052826257645e-03
3.669275929549902227e-01 9.988088547529409000e-01 1.191144995861911048e-03
3.688845401174169480e-01 9.988845252854762213e-01 1.115474459737626420e-03
3.708414872798435069e-01 9.989485973112814943e-01 1.051402443408878517e-03
3.727984344422700658e-01 9.990088677378162751e-01 9.911319877762151190e-04
3.747553816046966246e-01 9.990735654029327950e-01 9.264342004892517878e-04
3.767123287671231835e-01 9.991388242234160444e-01 8.611751903301013370e-04
3.786692759295499644e-01 9.992065364083373424e-01 7.934627356755616888e-04
3.806262230919765233e-01 9.992669159545115587e-01 7.330829769930059456e-04
3.825831702544032487e-01 9.992983606181737866e-01 7.016384469331748020e-04
3.845401174168298075e-01 9.993113934890740513e-01 6.886059324588071195e-04
3.864970645792563664e-01 9.993030830557133593e-01 6.969169944068356361e-04
3.884540117416829252e-01 9.992894815583690526e-01 7.105192108849737141e-04
3.904109589041096506e-01 9.993323939775509146e-01 6.676068479019854444e-04
3.923679060665362095e-01 9.993880053964843135e-01 6.119953494716659590e-04
3.943248532289627684e-01 9.994563158151690274e-01 5.436847155940135231e-04
3.962818003913895493e-01 9.995320303743759904e-01 4.679698428755416518e-04
3.982387475538161081e-01 9.995684501636679098e-01 4.315499714036307496e-04
4.001956947162426670e-01 9.995962006134195832e-01 4.037994546169194551e-04
4.021526418786692259e-01 9.996152817236305665e-01 3.847182925154099369e-04
4.041095890410959512e-01 9.996349791457151968e-01 3.650207762861002597e-04
4.060665362035225101e-01 9.996610521946063255e-01 3.389475553945617541e-04
4.080234833659490690e-01 9.996870844627612218e-01 3.129150770462907696e-04
4.099804305283758499e-01 9.997130759501804409e-01 2.869233412412849210e-04
4.119373776908024087e-01 9.997247226303603851e-01 2.752766837098262476e-04
4.138943248532289676e-01 9.997286663287944242e-01 2.713331353743362109e-04
4.158512720156556930e-01 9.997257598277871082e-01 2.742398954944272153e-04
4.178082191780822519e-01 9.997307226339097186e-01 2.692772612989129035e-04
4.197651663405088107e-01 9.997729874830110219e-01 2.270121046206593184e-04
4.217221135029353696e-01 9.998307703186459783e-01 1.692287722711146788e-04
4.236790606653620950e-01 9.999040711408148097e-01 9.592726425027356396e-05
4.256360078277886538e-01 9.999035486431404607e-01 9.644974105438362637e-05
4.275929549902154347e-01 9.998738183394674239e-01 1.261802978093861348e-04
4.295499021526419936e-01 9.998440880357943872e-01 1.559108545643866917e-04
4.315068493150685525e-01 9.998337487901285403e-01 1.662502586480055222e-04
4.334637964774951113e-01 9.998423000882084022e-01 1.576990267651364082e-04
4.354207436399216702e-01 9.998508513862882641e-01 1.491477948822675110e-04
4.373776908023483956e-01 9.998582100494344260e-01 1.417891684949309193e-04
4.393346379647749544e-01 9.998655039478180351e-01 1.344953052708980704e-04
4.412915851272017354e-01 9.998727723001057388e-01 1.272269831320196193e-04
4.432485322896282942e-01 9.998800007709927051e-01 1.199985345711877295e-04
4.452054794520548531e-01 9.998872292418797825e-01 1.127700860103551892e-04
4.471624266144814119e-01 9.998944577127665267e-01 1.055416374495228658e-04
4.491193737769079708e-01 9.999016861836534931e-01 9.831318888869075914e-05
4.510763209393346962e-01 9.999062974183101637e-01 9.370196745376669148e-05
4.530332681017612551e-01 9.999039864861456461e-01 9.601288876175811948e-05
4.549902152641879804e-01 9.999016755539811285e-01 9.832381006974954749e-05
4.569471624266145393e-01 9.998993646218163889e-01 1.006347313777409755e-04
4.589041095890410982e-01 9.998970536896516492e-01 1.029456526857321867e-04
4.608610567514677125e-01 9.999006906952769835e-01 9.930865121453497958e-05
4.628180039138942714e-01 9.999359601847432888e-01 6.403924573153397214e-05
4.647749510763209968e-01 9.999712296742095941e-01 2.876984024853144681e-05
4.667318982387475557e-01 1.000006499163676121e+00 -6.499565234469126956e-06
4.686888454011742811e-01 1.000041768653142427e+00 -4.176897071747186913e-05
4.706457925636008399e-01 1.000074441112470236e+00 -7.444135032779418664e-05
4.726027397260273988e-01 1.000048146125512405e+00 -4.814638050913157795e-05
4.745596868884539576e-01 1.000021851138554574e+00 -2.185141069046994504e-05
4.765166340508805165e-01 9.999955561515969649e-01 4.443559128191471030e-06
4.784735812133070754e-01 9.999692611646391338e-01 3.073852894685310394e-05
4.804305283757340228e-01 9.999553799896335748e-01 4.461967345625677227e-05
4.823874755381605817e-01 9.999574461796303382e-01 4.255343580375102117e-05
4.843444227005871405e-01 9.999595123696272125e-01 4.048719815124505322e-05
4.863013698630136994e-01 9.999615785596239759e-01 3.842096049873908528e-05
4.882583170254402583e-01 9.999633331596846642e-01 3.666634911829750806e-05
4.902152641878670392e-01 9.999650610378988391e-01 3.493846270061174916e-05
4.921722113502935980e-01 9.999667889161132361e-01 3.321057628292664078e-05
4.941291585127201569e-01 9.999684077525516912e-01 3.159173297851759245e-05
4.960861056751467157e-01 9.999698659415887647e-01 3.013353904736002994e-05
4.980430528375734411e-01 9.999713241306256162e-01 2.867534511620225060e-05
5.000000000000000000e-01 9.999727823196623566e-01 2.721715118504490494e-05
