5.000000000000000000e-01 0.000000000000000000e+00
4.980430528375733301e-01 -1.748620005130392541e-11
4.960861056751467713e-01 -1.395854925834521891e-11
4.941291585127201569e-01 -1.313910060639996139e-11
4.921722113502935980e-01 -1.244686956587185960e-11
4.902152641878669281e-01 -1.265128377952219959e-11
4.882583170254402583e-01 -1.295091211314163912e-11
4.863013698630136994e-01 -1.325059021890951935e-11
4.843444227005870295e-01 -1.355016878038051818e-11
4.823874755381604706e-01 -1.436459044533315820e-11
4.804305283757338563e-01 -1.530135205115566017e-11
4.784735812133072974e-01 -1.623811365697816537e-11
4.765166340508806275e-01 -1.717482549065222664e-11
4.745596868884539576e-01 -1.811163686862317254e-11
4.726027397260273988e-01 -1.904829893014879311e-11
4.706457925636007844e-01 -1.998506053597129831e-11
4.686888454011742255e-01 -2.092182214179380028e-11
4.667318982387475557e-01 -2.281789213668292998e-11
4.647749510763208858e-01 -2.531212381154521746e-11
4.628180039138943269e-01 -2.780625594211062353e-11
4.608610567514677125e-01 -3.030043784482446707e-11
4.589041095890410982e-01 -3.279461974753831385e-11
4.569471624266144838e-01 -3.528875187810372315e-11
4.549902152641878139e-01 -3.778293378081756993e-11
4.530332681017612551e-01 -4.027711568353141671e-11
4.510763209393345852e-01 -4.277129758624526348e-11
4.491193737769080263e-01 -4.526542971681066632e-11
4.471624266144814119e-01 -4.775961161952451310e-11
4.452054794520548531e-01 -5.025379352223835987e-11
4.432485322896281832e-01 -5.274792565280376272e-11
4.412915851272015133e-01 -5.524210755551760949e-11
4.393346379647749544e-01 -5.773628945823145627e-11
4.373776908023483401e-01 -6.023042158879686557e-11
4.354207436399217812e-01 -6.592938235752766596e-11
4.334637964774951113e-01 -8.223732633876963503e-11
4.315068493150685525e-01 -9.854527032001160410e-11
4.295499021526418826e-01 -1.148532640734020106e-10
4.275929549902152127e-01 -1.311612080546439797e-10
4.256360078277886538e-01 -1.474691520358859229e-10
4.236790606653620395e-01 -1.637770462449794546e-10
4.217221135029353696e-01 -1.800849902262214236e-10
4.197651663405088107e-01 -1.963929839796118302e-10
4.178082191780821408e-01 -2.127009279608537992e-10
4.158512720156555820e-01 -2.290088719420957683e-10
4.138943248532289676e-01 -2.453167661511892741e-10
4.119373776908024087e-01 -2.616247101324312690e-10
4.099804305283757389e-01 -2.779326541136732122e-10
4.080234833659490690e-01 -2.942405980949151554e-10
4.060665362035225101e-01 -3.105485420761571504e-10
4.041095890410958957e-01 -3.268564362852506820e-10
4.021526418786692814e-01 -3.431643802664926252e-10
4.001956947162426670e-01 -3.594723740198830317e-10
3.982387475538160526e-01 -3.757803180011249750e-10
3.962818003913894382e-01 -3.920882619823669699e-10
3.943248532289627684e-01 -4.083962059636089131e-10
3.923679060665362095e-01 -4.247041001727024447e-10
3.904109589041095951e-01 -4.410120939260928513e-10
3.884540117416829808e-01 -4.573200379073348462e-10
3.864970645792563664e-01 -4.736279321164283778e-10
3.845401174168296965e-01 -4.899359258698187843e-10
3.825831702544031376e-01 -5.062438200789122642e-10
3.806262230919765233e-01 -5.225517640601542075e-10
3.786692759295499089e-01 -5.388597080413962541e-10
3.767123287671232945e-01 -5.551677017947866606e-10
3.747553816046966246e-01 -5.714755960038801405e-10
3.727984344422700658e-01 -5.877835399851220838e-10
3.708414872798433959e-01 -6.512435767420083721e-10
3.688845401174168370e-01 -7.691724609562209334e-10
3.669275929549902227e-01 -8.871013451704334948e-10
3.649706457925635528e-01 -1.005030229384646056e-09
3.630136986301369939e-01 -1.122959113598858721e-09
3.610567514677103240e-01 -1.240887997813071179e-09
3.590998043052837096e-01 -1.358816882027283844e-09
3.571428571428571508e-01 -1.476745716469347942e-09
3.551859099804305364e-01 -1.594674600683560607e-09
3.532289628180039220e-01 -1.712603435125624705e-09
3.512720156555772522e-01 -1.830532369111985729e-09
3.493150684931506933e-01 -1.948461253326198394e-09
3.473581213307240789e-01 -2.066390087768262286e-09
3.454011741682974646e-01 -2.184318971982475157e-09
3.434442270058708502e-01 -2.302247806424539048e-09
3.414872798434442358e-01 -2.420176740410900073e-09
3.395303326810176214e-01 -2.557653635925617084e-09
3.375733855185909515e-01 -2.919933009801170426e-09
3.356164383561643927e-01 -3.282212383676723767e-09
3.336594911937377783e-01 -3.644491707780128542e-09
3.317025440313111639e-01 -4.006771031883533317e-09
3.297455968688845496e-01 -4.369050455531235638e-09
3.277886497064578797e-01 -4.731329829406788980e-09
3.258317025440313208e-01 -5.093609203282342321e-09
3.238747553816047065e-01 -5.455888577157895663e-09
3.219178082191780921e-01 -5.818167951033449004e-09
3.199608610567514777e-01 -6.180447275136854193e-09
3.180039138943248078e-01 -6.542726649012407534e-09
3.160469667318981934e-01 -6.905006022887960876e-09
3.140900195694715791e-01 -7.273624128728315633e-09
3.121330724070450202e-01 -7.935501574757055641e-09
3.101761252446184058e-01 -8.597379120330093609e-09
3.082191780821917915e-01 -9.259256616130982597e-09
3.062622309197651771e-01 -9.921134161704018911e-09
3.043052837573385072e-01 -1.058301165750490790e-08
3.023483365949118928e-01 -1.124488915330579689e-08
3.003913894324853340e-01 -1.190676664910668588e-08
2.984344422700587196e-01 -1.256864414490757486e-08
2.964774951076321052e-01 -1.323052169048061118e-08
2.945205479452054909e-01 -1.389239918628150017e-08
2.925636007827788210e-01 -1.455427668208238915e-08
2.906066536203522066e-01 -1.521615422765542547e-08
2.886497064579256477e-01 -1.587803177322846344e-08
2.866927592954990334e-01 -1.721809953670988120e-08
2.847358121330724190e-01 -1.858472606700486819e-08
2.827788649706457491e-01 -1.995135264707200086e-08
2.808219178082191902e-01 -2.131797922713913352e-08
2.788649706457925759e-01 -2.268460585697841517e-08
2.769080234833659615e-01 -2.405123238727339885e-08
2.749510763209393471e-01 -2.541785896734053152e-08
2.729941291585127328e-01 -2.678448549763551851e-08
2.710371819960860629e-01 -2.815111207770265118e-08
2.690802348336594485e-01 -2.951773865776978385e-08
2.671232876712328896e-01 -3.088436518806476753e-08
2.651663405088062753e-01 -3.225099181790404918e-08
2.632093933463796609e-01 -3.361761839797118515e-08
2.612524461839529910e-01 -5.164707642253000806e-08
2.592954990215264321e-01 -7.145681436652657772e-08
2.573385518590997623e-01 -9.126655231052316062e-08
2.553816046966732034e-01 -1.066990799041122114e-07
2.534246575342465890e-01 -1.093830579902511995e-07
2.514677103718199747e-01 -1.120670359768458963e-07
2.495107632093933048e-01 -1.147510140629848844e-07
2.475538160469667182e-01 -1.213123399168320423e-07
2.455968688845401038e-01 -1.279833059994691091e-07
2.436399217221134617e-01 -1.346542720821062023e-07
2.416829745596868750e-01 -1.438605086682488384e-07
2.397260273972602884e-01 -1.542089306521233196e-07
2.377690802348336740e-01 -1.645573526359978008e-07
2.358121330724070319e-01 -1.769019113698871380e-07
2.338551859099804175e-01 -1.940357176421225850e-07
2.318982387475538032e-01 -2.138326906725247249e-07
2.299412915851271610e-01 -2.360012192758287590e-07
2.279843444227006022e-01 -2.579776959721680769e-07
2.260273972602739878e-01 -2.812278702177125479e-07
2.240704500978473457e-01 -3.057517420622343306e-07
2.221135029354207313e-01 -3.306370285890967707e-07
2.201565557729941169e-01 -3.561378061639439617e-07
2.181996086105674748e-01 -3.823855683234656714e-07
2.162426614481408604e-01 -4.098098499530180207e-07
2.142857142857143016e-01 -4.386353350234764521e-07
2.123287671232876872e-01 -4.686094050451969081e-07
2.103718199608610451e-01 -5.017674623147329098e-07
2.084148727984344307e-01 -5.459023064809554042e-07
2.064579256360078441e-01 -5.995352076606975156e-07
2.045009784735811742e-01 -6.644983790285240435e-07
2.025440313111545876e-01 -7.227674123425128485e-07
2.005870841487280010e-01 -7.799985468459568609e-07
1.986301369863013588e-01 -8.344230069040370226e-07
1.966731898238747445e-01 -8.927954553944379164e-07
1.947162426614481578e-01 -9.569629878618299743e-07
1.927592954990214880e-01 -1.025252355310683445e-06
1.908023483365949013e-01 -1.099881461764217509e-06
1.888454011741682870e-01 -1.184444258598431819e-06
1.868884540117416448e-01 -1.279095322328615044e-06
1.849315068493150582e-01 -1.384996382531344065e-06
1.829745596868884716e-01 -1.500633883651643478e-06
1.810176125244618017e-01 -1.628112031958857014e-06
1.790606653620352151e-01 -1.768309008583939152e-06
1.771037181996086007e-01 -1.917806902208385700e-06
1.751467710371819586e-01 -2.076047674073790590e-06
1.731898238747553442e-01 -2.242039078474589988e-06
1.712328767123287854e-01 -2.415926062508514447e-06
1.692759295499021710e-01 -2.598079769919304277e-06
1.673189823874755289e-01 -2.786850432220179150e-06
1.653620352250489145e-01 -2.986408157105297793e-06
1.634050880626223001e-01 -3.216720167967161322e-06
1.614481409001956580e-01 -3.479469063001663153e-06
1.594911937377690436e-01 -3.784484328823151536e-06
1.575342465753424848e-01 -4.093740692055488378e-06
1.555772994129158426e-01 -4.417946979935946774e-06
1.536203522504892283e-01 -4.751170543047367682e-06
1.516634050880626139e-01 -5.117259554958522535e-06
1.497064579256359718e-01 -5.509910512082869873e-06
1.477495107632093574e-01 -5.933370718567487188e-06
1.457925636007827708e-01 -6.395853461265912960e-06
1.438356164383561564e-01 -6.903632091349211256e-06
1.418786692759295420e-01 -7.463417483253854483e-06
1.399217221135029277e-01 -8.067403376403653982e-06
1.379647749510762855e-01 -8.722908650103991705e-06
1.360078277886496712e-01 -9.430229501645433297e-06
1.340508806262230845e-01 -1.017803714181017404e-05
1.320939334637964147e-01 -1.096473150214003017e-05
1.301369863013698558e-01 -1.179141124084552819e-05
1.281800391389432414e-01 -1.269670503020732630e-05
1.262230919765166548e-01 -1.368066235633333073e-05
1.242661448140899988e-01 -1.474972721136852299e-05
1.223091976516633844e-01 -1.590719517778973086e-05
1.203522504892367839e-01 -1.716701528125332381e-05
1.183953033268101279e-01 -1.853077575007041302e-05
1.164383561643835691e-01 -2.000589925808610240e-05
1.144814090019569547e-01 -2.159264835084504666e-05
1.125244618395303126e-01 -2.326282154023562600e-05
1.105675146771036982e-01 -2.500965266765634037e-05
1.086105675146770977e-01 -2.688891061434926634e-05
1.066536203522504417e-01 -2.899373993080066013e-05
1.046966731898238412e-01 -3.129856900077746174e-05
1.027397260273972823e-01 -3.378561427028283534e-05
1.007827788649706263e-01 -3.641139395073214428e-05
9.882583170254401195e-02 -3.910143138358166488e-05
9.686888454011741145e-02 -4.200987921425128682e-05
9.491193737769075545e-02 -4.524917276414664369e-05
9.295499021526415495e-02 -4.875049902653338582e-05
9.099804305283754058e-02 -5.255110941777208286e-05
8.904109589041098172e-02 -5.659485744199990303e-05
8.708414872798433959e-02 -6.083652986794117496e-05
8.512720156555768358e-02 -6.521176441491493485e-05
8.317025440313112472e-02 -7.008074270537779612e-05
8.121330724070446871e-02 -7.550482788632310893e-05
7.925636007827781271e-02 -8.117549635024140639e-05
7.729941291585125385e-02 -8.689288217907289579e-05
7.534246575342469499e-02 -9.310126139015229561e-05
7.338551859099803898e-02 -1.003013138745289617e-04
7.142857142857138297e-02 -1.075233031074979839e-04
6.947162426614482411e-02 -1.151802331634205423e-04
6.751467710371818198e-02 -1.235053455699199466e-04
6.555772994129152598e-02 -1.324585295095670641e-04
6.360078277886496712e-02 -1.417572217902794793e-04
6.164383561643840131e-02 -1.514530718053234753e-04
5.968688845401175225e-02 -1.621486395950749618e-04
5.772994129158509624e-02 -1.731743547464583701e-04
5.577299412915853738e-02 -1.849223888446364645e-04
5.381604696673188831e-02 -1.973373721818686961e-04
5.185909980430523231e-02 -2.103857354218767429e-04
4.990215264187867344e-02 -2.241124092130205637e-04
4.794520547945201744e-02 -2.385463120914179107e-04
4.598825831702545858e-02 -2.536596371426411015e-04
4.403131115459880951e-02 -2.694584036137227735e-04
4.207436399217215350e-02 -2.859466697345964246e-04
4.011741682974559464e-02 -3.031142064817099295e-04
3.816046966731893864e-02 -3.209389342687169648e-04
3.620352250489228957e-02 -3.393965652208535749e-04
3.424657534246573071e-02 -3.584576591022874646e-04
3.228962818003916491e-02 -3.780716819314670842e-04
3.033268101761251584e-02 -3.982018975029017957e-04
2.837573385518586330e-02 -4.188268096273657106e-04
2.641878669275930097e-02 -4.398945017043884016e-04
2.446183953033264843e-02 -4.613047352530366229e-04
2.250489236790599937e-02 -4.829301407794944117e-04
2.054794520547943704e-02 -5.046626990042400295e-04
1.859099804305287471e-02 -5.265661946949470266e-04
1.663405088062622564e-02 -5.485437100398894835e-04
1.467710371819957137e-02 -5.703873692424724258e-04
1.272015655577301077e-02 -5.919613047219360585e-04
1.076320939334645017e-02 -6.132070807074973791e-04
8.806262230919707432e-03 -6.340609610857489463e-04
6.849315068493145968e-03 -6.544366571823635346e-04
4.892367906066493431e-03 -6.741900874252027866e-04
2.935420743639932401e-03 -6.931433179640274092e-04
9.784735812132805150e-04 -7.111717825695520459e-04
-9.784735812133715880e-04 -7.283152802337344335e-04
-2.935420743639932401e-03 -7.446646032279671682e-04
-4.892367906066584504e-03 -7.598241156207188179e-04
-6.849315068493145968e-03 -7.737656302500439285e-04
-8.806262230919797637e-03 -7.866221946538316323e-04
-1.076320939334635823e-02 -7.982388421574005072e-04
-1.272015655577310271e-02 -8.085923356426231914e-04
-1.467710371819966331e-02 -8.176903086772325776e-04
-1.663405088062622564e-02 -8.255176293688841612e-04
-1.859099804305287471e-02 -8.320836525403026715e-04
-2.054794520547943704e-02 -8.373943125384715426e-04
-2.250489236790608957e-02 -8.414996491541322510e-04
-2.446183953033264843e-02 -8.444282251834046241e-04
-2.641878669275939465e-02 -8.461989502951524017e-04
-2.837573385518595351e-02 -8.469014294545537886e-04
-3.033268101761251584e-02 -8.465884598205393984e-04
-3.228962818003916491e-02 -8.451681436712813432e-04
-3.424657534246573071e-02 -8.430108297028074838e-04
-3.620352250489237977e-02 -8.399375810915389465e-04
-3.816046966731893864e-02 -8.360263802953524139e-04
-4.011741682974568485e-02 -8.314768088044130305e-04
-4.207436399217224371e-02 -8.262456420432297537e-04
-4.403131115459880951e-02 -8.204509962073318168e-04
-4.598825831702545858e-02 -8.140801379846751302e-04
-4.794520547945201744e-02 -8.073175653826976860e-04
-4.990215264187876365e-02 -8.001268104719509071e-04
-5.185909980430532251e-02 -7.926016127606436406e-04
-5.381604696673197852e-02 -7.847936876016794712e-04
-5.577299412915853738e-02 -7.766856626667118088e-04
-5.772994129158509624e-02 -7.684515335540124600e-04
-5.968688845401175225e-02 -7.600154901014369259e-04
-6.164383561643831111e-02 -7.515025639570362646e-04
-6.360078277886505038e-02 -7.428635978775269657e-04
-6.555772994129160924e-02 -7.342419403856376928e-04
-6.751467710371826525e-02 -7.254963735288024601e-04
-6.947162426614482411e-02 -7.169804118115195466e-04
-7.142857142857138297e-02 -7.081410067111380694e-04
-7.338551859099803898e-02 -6.996568996775992359e-04
-7.534246575342459784e-02 -6.910849351549848201e-04
-7.729941291585135099e-02 -6.826909073307138283e-04
-7.925636007827790985e-02 -6.743865328003459609e-04
-8.121330724070456586e-02 -6.661454185316324599e-04
-8.317025440313112472e-02 -6.580542412705127223e-04
-8.512720156555768358e-02 -6.501200364197843055e-04
-8.708414872798433959e-02 -6.422562188213022357e-04
-8.904109589041098172e-02 -6.345761213541398216e-04
-9.099804305283763772e-02 -6.270401826162410718e-04
-9.295499021526419658e-02 -6.196619353821618921e-04
-9.491193737769085259e-02 -6.124398217546313510e-04
-9.686888454011741145e-02 -6.053590702199968931e-04
-9.882583170254397031e-02 -5.984517286247111913e-04
-1.007827788649707096e-01 -5.917253482309752823e-04
-1.027397260273972823e-01 -5.850614604517890031e-04
-1.046966731898239245e-01 -5.786253025034645897e-04
-1.066536203522504833e-01 -5.723217903008648820e-04
-1.086105675146771393e-01 -5.661575030176911605e-04
-1.105675146771036982e-01 -5.601866853323103851e-04
-1.125244618395302570e-01 -5.542606020606517629e-04
-1.144814090019570102e-01 -5.486448280458963234e-04
-1.164383561643835691e-01 -5.430455281013577039e-04
-1.183953033268102251e-01 -5.375185530530067783e-04
-1.203522504892367839e-01 -5.322930329718769454e-04
-1.223091976516634399e-01 -5.270714383333181515e-04
-1.242661448140899988e-01 -5.220242870512590118e-04
-1.262230919765167381e-01 -5.171202277825300703e-04
-1.281800391389432969e-01 -5.123387854471793965e-04
-1.301369863013698558e-01 -5.076434247917111431e-04
-1.320939334637964979e-01 -5.030717426885463047e-04
-1.340508806262230845e-01 -4.986275998054098433e-04
-1.360078277886497267e-01 -4.942682167935464038e-04
-1.379647749510763688e-01 -4.900267845414399111e-04
-1.399217221135030387e-01 -4.858826356656549138e-04
-1.418786692759295975e-01 -4.818420660502671562e-04
-1.438356164383561564e-01 -4.778977207519889301e-04
-1.457925636007827985e-01 -4.740512190093292455e-04
-1.477495107632093574e-01 -4.702999731737707127e-04
-1.497064579256361105e-01 -4.666139505618424003e-04
-1.516634050880626694e-01 -4.629966182533811316e-04
-1.536203522504893115e-01 -4.594889534596869923e-04
-1.555772994129158704e-01 -4.560672689557531724e-04
-1.575342465753424293e-01 -4.526962849388928918e-04
-1.594911937377690991e-01 -4.494098929479854710e-04
-1.614481409001956580e-01 -4.462326280666578378e-04
-1.634050880626224111e-01 -4.430751498321577170e-04
-1.653620352250489700e-01 -4.399243675967756217e-04
-1.673189823874756121e-01 -4.369547480871826726e-04
-1.692759295499021710e-01 -4.340926727551873508e-04
-1.712328767123287299e-01 -4.311520695209749361e-04
-1.731898238747553720e-01 -4.283090612750302785e-04
-1.751467710371820419e-01 -4.255534780696433443e-04
-1.771037181996086840e-01 -4.228485648518764007e-04
-1.790606653620352429e-01 -4.201772147914009593e-04
-1.810176125244619127e-01 -4.175730122404554701e-04
-1.829745596868884716e-01 -4.150871606452785655e-04
-1.849315068493150305e-01 -4.124500153350892876e-04
-1.868884540117417559e-01 -4.100294324658305760e-04
-1.888454011741683425e-01 -4.076517802320393270e-04
-1.908023483365949846e-01 -4.052534537964598321e-04
-1.927592954990215435e-01 -4.029085888815888902e-04
-1.947162426614481856e-01 -4.006645427467934832e-04
-1.966731898238747445e-01 -3.984371851959691495e-04
-1.986301369863013033e-01 -3.962003422628663585e-04
-2.005870841487280565e-01 -3.940272034718139693e-04
-2.025440313111546153e-01 -3.919194783027321778e-04
-2.045009784735812852e-01 -3.898318423216702469e-04
-2.064579256360078441e-01 -3.877691281868925720e-04
-2.084148727984344862e-01 -3.857412558453101529e-04
-2.103718199608610451e-01 -3.837506365136341487e-04
-2.123287671232876872e-01 -3.818026872274319044e-04
-2.142857142857143571e-01 -3.798821996603640944e-04
-2.162426614481409159e-01 -3.779848613511062089e-04
-2.181996086105675581e-01 -3.761218013809301342e-04
-2.201565557729941169e-01 -3.742893595481809220e-04
-2.221135029354207868e-01 -3.724810483787196233e-04
-2.240704500978474289e-01 -3.707006951884098339e-04
-2.260273972602739878e-01 -3.689520542878909422e-04
-2.279843444227006299e-01 -3.672293585433975037e-04
-2.299412915851272166e-01 -3.655285062502683781e-04
-2.318982387475538587e-01 -3.638566744045136463e-04
-2.338551859099804175e-01 -3.622100845948975100e-04
-2.358121330724071707e-01 -3.605721206160482123e-04
-2.377690802348337296e-01 -3.589596044584191393e-04
-2.397260273972602884e-01 -3.574033019962715297e-04
-2.416829745596869305e-01 -3.558509314363181059e-04
-2.436399217221134894e-01 -3.543026764410874127e-04
-2.455968688845401593e-01 -3.527856212471075135e-04
-2.475538160469667182e-01 -3.512897524634859062e-04
-2.495107632093934436e-01 -3.498069684767341706e-04
-2.514677103718200302e-01 -3.483489659365506409e-04
-2.534246575342465890e-01 -3.469207721925529207e-04
-2.553816046966732034e-01 -3.455044978092582293e-04
-2.573385518590997623e-01 -3.440951075306342361e-04
-2.592954990215264321e-01 -3.427112556095516377e-04
-2.612524461839531020e-01 -3.413463900320107790e-04
-2.632093933463797164e-01 -3.399857957983409666e-04
-2.651663405088063308e-01 -3.386493612455505659e-04
-2.671232876712328896e-01 -3.373572295961746350e-04
-2.690802348336595040e-01 -3.360597553063990653e-04
-2.710371819960860629e-01 -3.347582694242031039e-04
-2.729941291585128438e-01 -3.334927766548770865e-04
-2.749510763209394026e-01 -3.322428767006184685e-04
-2.769080234833660170e-01 -3.309997192298843693e-04
-2.788649706457925759e-01 -3.297778127648735348e-04
-2.808219178082191347e-01 -3.285779183780958290e-04
-2.827788649706458046e-01 -3.273680869587952268e-04
-2.847358121330723635e-01 -3.261734950054746211e-04
-2.866927592954990889e-01 -3.250465384193469264e-04
-2.886497064579256477e-01 -3.239091993948139112e-04
-2.906066536203523176e-01 -3.227092300026769686e-04
-2.925636007827788765e-01 -3.215649584905829503e-04
-2.945205479452054353e-01 -3.204664273362063968e-04
-2.964774951076321052e-01 -3.193605378585697807e-04
-2.984344422700587751e-01 -3.182646972962063585e-04
-3.003913894324853895e-01 -3.171806008229719636e-04
-3.023483365949119483e-01 -3.161054681481330082e-04
-3.043052837573386182e-01 -3.150436585232821679e-04
-3.062622309197651771e-01 -3.139980489229366768e-04
-3.082191780821917360e-01 -3.129537946055593943e-04
-3.101761252446184614e-01 -3.119230256296141824e-04
-3.121330724070450202e-01 -3.109194481548297026e-04
-3.140900195694716901e-01 -3.098936943964171529e-04
-3.160469667318982490e-01 -3.088827967998701313e-04
-3.180039138943249188e-01 -3.079755007473235348e-04
-3.199608610567514777e-01 -3.069537384229438851e-04
-3.219178082191780366e-01 -3.059124194109572796e-04
-3.238747553816047620e-01 -3.050089428434062718e-04
-3.258317025440313208e-01 -3.040655859231206331e-04
-3.277886497064578797e-01 -3.031110785104094963e-04
-3.297455968688846606e-01 -3.021741909693595723e-04
-3.317025440313112195e-01 -3.012505645877878481e-04
-3.336594911937377783e-01 -3.003398139908322021e-04
-3.356164383561643372e-01 -2.994405195720834293e-04
-3.375733855185910626e-01 -2.985328738151792386e-04
-3.395303326810176214e-01 -2.976244637871651075e-04
-3.414872798434443468e-01 -2.967779347111212419e-04
-3.434442270058709057e-01 -2.959727035138904586e-04
-3.454011741682974646e-01 -2.951013194619775209e-04
-3.473581213307240789e-01 -2.941751433659466996e-04
-3.493150684931506378e-01 -2.932939810807831541e-04
-3.512720156555773632e-01 -2.924743674334198229e-04
-3.532289628180039220e-01 -2.916472589272299390e-04
-3.551859099804306474e-01 -2.908204965206097402e-04
-3.571428571428572063e-01 -2.899989173867179937e-04
-3.590998043052837652e-01 -2.891822659681480829e-04
-3.610567514677103240e-01 -2.883721369796533786e-04
-3.630136986301368829e-01 -2.875706303302479169e-04
-3.649706457925636638e-01 -2.867812859562560200e-04
-3.669275929549902227e-01 -2.859946483204812030e-04
-3.688845401174169480e-01 -2.852072426695402194e-04
-3.708414872798435069e-01 -2.844396056870094908e-04
-3.727984344422700658e-01 -2.836882041670495710e-04
-3.747553816046966246e-01 -2.829019775308097779e-04
-3.767123287671231835e-01 -2.821155173966520438e-04
-3.786692759295499644e-01 -2.814113485394214111e-04
-3.806262230919765233e-01 -2.806965174693720234e-04
-3.825831702544032487e-01 -2.799313966343510416e-04
-3.845401174168298075e-01 -2.791971624701162081e-04
-3.864970645792563664e-01 -2.784726295722740196e-04
-3.884540117416829252e-01 -2.777536236557986570e-04
-3.904109589041096506e-01 -2.770401713326351898e-04
-3.923679060665362095e-01 -2.763326749044786135e-04
-3.943248532289627684e-01 -2.756307460758228279e-04
-3.962818003913895493e-01 -2.749334128803817309e-04
-3.982387475538161081e-01 -2.742412671948102148e-04
-4.001956947162426670e-01 -2.735545881007568582e-04
-4.021526418786692259e-01 -2.728738459886581157e-04
-4.041095890410959512e-01 -2.721987293677789266e-04
-4.060665362035225101e-01 -2.715282304816750251e-04
-4.080234833659490690e-01 -2.708612139055359240e-04
-4.099804305283758499e-01 -2.701985214074226942e-04
-4.119373776908024087e-01 -2.695410229179708928e-04
-4.138943248532289676e-01 -2.688898518836982062e-04
-4.158512720156556930e-01 -2.682449922962818747e-04
-4.178082191780822519e-01 -2.676050273905993611e-04
-4.197651663405088107e-01 -2.669686534745099871e-04
-4.217221135029353696e-01 -2.663362460873395718e-04
-4.236790606653620950e-01 -2.657088237353123533e-04
-4.256360078277886538e-01 -2.650869239674761950e-04
-4.275929549902154347e-01 -2.644702959826571598e-04
-4.295499021526419936e-01 -2.638561563634916830e-04
-4.315068493150685525e-01 -2.632434229471707489e-04
-4.334637964774951113e-01 -2.626318905785176021e-04
-4.354207436399216702e-01 -2.620278374065534597e-04
-4.373776908023483956e-01 -2.614320780951384562e-04
-4.393346379647749544e-01 -2.608449067893354447e-04
-4.412915851272017354e-01 -2.602565186241386397e-04
-4.432485322896282942e-01 -2.596698782328018813e-04
-4.452054794520548531e-01 -2.590858896192792748e-04
-4.471624266144814119e-01 -2.585082296294652490e-04
-4.491193737769079708e-01 -2.579352677880713293e-04
-4.510763209393346962e-01 -2.573667843704927939e-04
-4.530332681017612551e-01 -2.567987370620772552e-04
-4.549902152641879804e-01 -2.562331505862042299e-04
-4.569471624266145393e-01 -2.556710115981946393e-04
-4.589041095890410982e-01 -2.551223287620090862e-04
-4.608610567514677125e-01 -2.545818781534060380e-04
-4.628180039138942714e-01 -2.540462540545687371e-04
-4.647749510763209968e-01 -2.534968828076406564e-04
-4.667318982387475557e-01 -2.529439305418181277e-04
-4.686888454011742811e-01 -2.523925317112719001e-04
-4.706457925636008399e-01 -2.518601759708211573e-04
-4.726027397260273988e-01 -2.513367338560014734e-04
-4.745596868884539576e-01 -2.508170878989180916e-04
-4.765166340508805165e-01 -2.502896835683822386e-04
-4.784735812133070754e-01 -2.497616960882733761e-04
-4.804305283757340228e-01 -2.492399771706134176e-04
-4.823874755381605817e-01 -2.487349558750207587e-04
-4.843444227005871405e-01 -2.482395460556212179e-04
-4.863013698630136994e-01 -2.477373373430084434e-04
-4.882583170254402583e-01 -2.472117552193440950e-04
-4.902152641878670392e-01 -2.466755401749962779e-04
-4.921722113502935980e-01 -2.461655633745744344e-04
-4.941291585127201569e-01 -2.457051527169188429e-04
-4.960861056751467157e-01 -2.452649532055312456e-04
-4.980430528375734411e-01 -2.447705313825301572e-04
-5.000000000000000000e-01 -2.442604502701471725e-04
-5.000000000000000000e-01 -2.442604502701471725e-04
-4.980430528375733301e-01 -2.437754098307841669e-04
-4.960861056751467713e-01 -2.432940398918052372e-04
-4.941291585127201569e-01 -2.428159139783526760e-04
-4.921722113502935980e-01 -2.423409907155862702e-04
-4.902152641878669281e-01 -2.418688217759410602e-04
-4.882583170254402583e-01 -2.413994901554707606e-04
-4.863013698630136994e-01 -2.409330281739578553e-04
-4.843444227005870295e-01 -2.404694358314025612e-04
-4.823874755381604706e-01 -2.400084212595272578e-04
-4.804305283757338563e-01 -2.395500737965278301e-04
-4.784735812133072974e-01 -2.390944486547389553e-04
-4.765166340508806275e-01 -2.386415458341605521e-04
-4.745596868884539576e-01 -2.381911306373692052e-04
-4.726027397260273988e-01 -2.377432254551547391e-04
-4.706457925636007844e-01 -2.372979054763419652e-04
-4.686888454011742255e-01 -2.368551707009306667e-04
-4.667318982387475557e-01 -2.364148714935927081e-04
-4.647749510763208858e-01 -2.359769809019544612e-04
-4.628180039138943269e-01 -2.355415724090938656e-04
-4.608610567514677125e-01 -2.351086460150109212e-04
-4.589041095890410982e-01 -2.346781313217761718e-04
-4.569471624266144838e-01 -2.342499604280623426e-04
-4.549902152641878139e-01 -2.338241581970422608e-04
-4.530332681017612551e-01 -2.334007044299831303e-04
-4.510763209393345852e-01 -2.329795789281519927e-04
-4.491193737769080263e-01 -2.325607614928161060e-04
-4.471624266144814119e-01 -2.321442319252424577e-04
-4.452054794520548531e-01 -2.317299700266982516e-04
-4.432485322896281832e-01 -2.313179466039935761e-04
-4.412915851272015133e-01 -2.309081245256027664e-04
-4.393346379647749544e-01 -2.305004970376656290e-04
-4.373776908023483401e-01 -2.300950424107458799e-04
-4.354207436399217812e-01 -2.296917389154071534e-04
-4.334637964774951113e-01 -2.292905648222130571e-04
-4.315068493150685525e-01 -2.288914984017271712e-04
-4.295499021526418826e-01 -2.284945179245130489e-04
-4.275929549902152127e-01 -2.280996061923355040e-04
-4.256360078277886538e-01 -2.277067728419827301e-04
-4.236790606653620395e-01 -2.273159738004670903e-04
-4.217221135029353696e-01 -2.269271887913833013e-04
-4.197651663405088107e-01 -2.265403975383260252e-04
-4.178082191780821408e-01 -2.261555797648899784e-04
-4.158512720156555820e-01 -2.257727151946701215e-04
-4.138943248532289676e-01 -2.253917835512608727e-04
-4.119373776908024087e-01 -2.250127645582573280e-04
-4.099804305283757389e-01 -2.246356976650309913e-04
-4.080234833659490690e-01 -2.242605277500426121e-04
-4.060665362035225101e-01 -2.238872339616643659e-04
-4.041095890410958957e-01 -2.235157984214210497e-04
-4.021526418786692814e-01 -2.231462032508377854e-04
-4.001956947162426670e-01 -2.227784305714393159e-04
-3.982387475538160526e-01 -2.224124625047506820e-04
-3.962818003913894382e-01 -2.220482811722966805e-04
-3.943248532289627684e-01 -2.216859198011709954e-04
-3.923679060665362095e-01 -2.213253472986861470e-04
-3.904109589041095951e-01 -2.209665343508478152e-04
-3.884540117416829808e-01 -2.206094657396633627e-04
-3.864970645792563664e-01 -2.202541262471400434e-04
-3.845401174168296965e-01 -2.199005006552851114e-04
-3.825831702544031376e-01 -2.195485737461061188e-04
-3.806262230919765233e-01 -2.191983303016102657e-04
-3.786692759295499089e-01 -2.188497641305405450e-04
-3.767123287671232945e-01 -2.185028637878784128e-04
-3.747553816046966246e-01 -2.181576097648238845e-04
-3.727984344422700658e-01 -2.178139883324909309e-04
-3.708414872798433959e-01 -2.174719858657789924e-04
-3.688845401174168370e-01 -2.171315888433721932e-04
-3.669275929549902227e-01 -2.167927838477398022e-04
-3.649706457925635528e-01 -2.164555575651359344e-04
-3.630136986301369939e-01 -2.161198967855999309e-04
-3.610567514677103240e-01 -2.157857884029557895e-04
-3.590998043052837096e-01 -2.154532194148126522e-04
-3.571428571428571508e-01 -2.151221769225646974e-04
-3.551859099804305364e-01 -2.147926550439389307e-04
-3.532289628180039220e-01 -2.144646395130508443e-04
-3.512720156555772522e-01 -2.141381160805826210e-04
-3.493150684931506933e-01 -2.138130727818657469e-04
-3.473581213307240789e-01 -2.134894977860972562e-04
-3.454011741682974646e-01 -2.131673793963401100e-04
-3.434442270058708502e-01 -2.128467060495230884e-04
-3.414872798434442358e-01 -2.125274663164408717e-04
-3.395303326810176214e-01 -2.122096489017539589e-04
-3.375733855185909515e-01 -2.118932426439885323e-04
-3.356164383561643927e-01 -2.115782365155367828e-04
-3.336594911937377783e-01 -2.112646196226566388e-04
-3.317025440313111639e-01 -2.109523968898745715e-04
-3.297455968688845496e-01 -2.106415488919697091e-04
-3.277886497064578797e-01 -2.103320644214434450e-04
-3.258317025440313208e-01 -2.100239339038228645e-04
-3.238747553816047065e-01 -2.097171479392477100e-04
-3.219178082191780921e-01 -2.094116973024690259e-04
-3.199608610567514777e-01 -2.091075729428503241e-04
-3.180039138943248078e-01 -2.088047659843672045e-04
-3.160469667318981934e-01 -2.085032677256070299e-04
-3.140900195694715791e-01 -2.082030696397694407e-04
-3.121330724070450202e-01 -2.079041633746659757e-04
-3.101761252446184058e-01 -2.076065339683504020e-04
-3.082191780821917915e-01 -2.073100782003060047e-04
-3.062622309197651771e-01 -2.070148574619320178e-04
-3.043052837573385072e-01 -2.067208598198148472e-04
-3.023483365949118928e-01 -2.064280732935983324e-04
-3.003913894324853340e-01 -2.061364858559841268e-04
-2.984344422700587196e-01 -2.058460854327316160e-04
-2.964774951076321052e-01 -2.055568599026577549e-04
-2.945205479452054909e-01 -2.052687970976373394e-04
-2.925636007827788210e-01 -2.049818848026026263e-04
-2.906066536203522066e-01 -2.046961107555437403e-04
-2.886497064579256477e-01 -2.044114626475086467e-04
-2.866927592954990334e-01 -2.041279099374107315e-04
-2.847358121330724190e-01 -2.038453873370181968e-04
-2.827788649706457491e-01 -2.035639272626185790e-04
-2.808219178082191902e-01 -2.032835138400317608e-04
-2.788649706457925759e-01 -2.030041309748227942e-04
-2.769080234833659615e-01 -2.027257623523011679e-04
-2.749510763209393471e-01 -2.024483914375213502e-04
-2.729941291585127328e-01 -2.021720014752827882e-04
-2.710371819960860629e-01 -2.018965754901296916e-04
-2.690802348336594485e-01 -2.016220962863511136e-04
-2.671232876712328896e-01 -2.013485464479808427e-04
-2.651663405088062753e-01 -2.010759083387978635e-04
-2.632093933463796609e-01 -2.008041300869116039e-04
-2.612524461839529910e-01 -2.005331614236237619e-04
-2.592954990215264321e-01 -2.002630215664826527e-04
-2.573385518590997623e-01 -1.999936883464106135e-04
-2.553816046966732034e-01 -1.997251391883128559e-04
-2.534246575342465890e-01 -1.994573511110778457e-04
-2.514677103718199747e-01 -1.991903007275771674e-04
-2.495107632093933048e-01 -1.989239642446649550e-04
-2.475538160469667182e-01 -1.986583174631787591e-04
-2.455968688845401038e-01 -1.983933357779391949e-04
-2.436399217221134617e-01 -1.981289941777495626e-04
-2.416829745596868750e-01 -1.978652672453966061e-04
-2.397260273972602884e-01 -1.973387432542133028e-04
-2.377690802348336740e-01 -1.972129798671252597e-04
-2.358121330724070319e-01 -1.969648080707409835e-04
-2.338551859099804175e-01 -1.967062312208316219e-04
-2.318982387475538032e-01 -1.964447575703225459e-04
-2.299412915851271610e-01 -1.961789931340746302e-04
-2.279843444227006022e-01 -1.959119411755156444e-04
-2.260273972602739878e-01 -1.956432925643627476e-04
-2.240704500978473457e-01 -1.953735769768795644e-04
-2.221135029354207313e-01 -1.951028864019575067e-04
-2.201565557729941169e-01 -1.948312019253338402e-04
-2.181996086105674748e-01 -1.945585062796671998e-04
-2.162426614481408604e-01 -1.942842784986785443e-04
-2.142857142857143016e-01 -1.940084983829550665e-04
-2.123287671232876872e-01 -1.937313287175383974e-04
-2.103718199608610451e-01 -1.934522318961067724e-04
-2.084148727984344307e-01 -1.931707692518555694e-04
-2.064579256360078441e-01 -1.928873351437239013e-04
-2.045009784735811742e-01 -1.926014971338966381e-04
-2.025440313111545876e-01 -1.923121007703463973e-04
-2.005870841487280010e-01 -1.920198901713773983e-04
-1.986301369863013588e-01 -1.917246147603369794e-04
-1.966731898238747445e-01 -1.914223569423253990e-04
-1.947162426614481578e-01 -1.911138504237834752e-04
-1.927592954990214880e-01 -1.907982952469804811e-04
-1.908023483365949013e-01 -1.904784920874859409e-04
-1.888454011741682870e-01 -1.901537106045814510e-04
-1.868884540117416448e-01 -1.898236590923527861e-04
-1.849315068493150582e-01 -1.894887310934419969e-04
-1.829745596868884716e-01 -1.891491545915300080e-04
-1.810176125244618017e-01 -1.888049574850073943e-04
-1.790606653620352151e-01 -1.884547904440729972e-04
-1.771037181996086007e-01 -1.880964878780915059e-04
-1.751467710371819586e-01 -1.877304815167379068e-04
-1.731898238747553442e-01 -1.873526613233313337e-04
-1.712328767123287854e-01 -1.869482304145545014e-04
-1.692759295499021710e-01 -1.865190237514646699e-04
-1.673189823874755289e-01 -1.860621871860870195e-04
-1.653620352250489145e-01 -1.856042518537216821e-04
-1.634050880626223001e-01 -1.851438192913696366e-04
-1.614481409001956580e-01 -1.846912917331610770e-04
-1.594911937377690436e-01 -1.842071538441835202e-04
-1.575342465753424848e-01 -1.836950311339362177e-04
-1.555772994129158426e-01 -1.831571732219217325e-04
-1.536203522504892283e-01 -1.825928306812052752e-04
-1.516634050880626139e-01 -1.820003848950652340e-04
-1.497064579256359718e-01 -1.813765792793001934e-04
-1.477495107632093574e-01 -1.807208553620072617e-04
-1.457925636007827708e-01 -1.800340333411233238e-04
-1.438356164383561564e-01 -1.793132785958975815e-04
-1.418786692759295420e-01 -1.785564623064530372e-04
-1.399217221135029277e-01 -1.777587667742497270e-04
-1.379647749510762855e-01 -1.769193867243895634e-04
-1.360078277886496712e-01 -1.760356921971897620e-04
-1.340508806262230845e-01 -1.750863722798525314e-04
-1.320939334637964147e-01 -1.740728473613058474e-04
-1.301369863013698558e-01 -1.729891609444675175e-04
-1.281800391389432414e-01 -1.718434764444110518e-04
-1.262230919765166548e-01 -1.706360147135938660e-04
-1.242661448140899988e-01 -1.693673356241019083e-04
-1.223091976516633844e-01 -1.680114325798735884e-04
-1.203522504892367839e-01 -1.665655953938149545e-04
-1.183953033268101279e-01 -1.650209430800655811e-04
-1.164383561643835691e-01 -1.633725239500905967e-04
-1.144814090019569547e-01 -1.616086304002782451e-04
-1.125244618395303126e-01 -1.597196633895623112e-04
-1.105675146771036982e-01 -1.577036405234163205e-04
-1.086105675146770977e-01 -1.555504331633583855e-04
-1.066536203522504417e-01 -1.532529415894053656e-04
-1.046966731898238412e-01 -1.508052544283975435e-04
-1.027397260273972823e-01 -1.482006523423482955e-04
-1.007827788649706263e-01 -1.454280474325151816e-04
-9.882583170254401195e-02 -1.424672963665005849e-04
-9.686888454011741145e-02 -1.393082721944698056e-04
-9.491193737769075545e-02 -1.359291414875377969e-04
-9.295499021526415495e-02 -1.323010372492756102e-04
-9.099804305283754058e-02 -1.284009592314346027e-04
-8.904109589041098172e-02 -1.241961890072824828e-04
-8.708414872798433959e-02 -1.196489805101094695e-04
-8.512720156555768358e-02 -1.147253349911097183e-04
-8.317025440313112472e-02 -1.096600576513381478e-04
-8.121330724070446871e-02 -1.044020861814524986e-04
-7.925636007827781271e-02 -9.864898231987127353e-05
-7.729941291585125385e-02 -9.240393246261051927e-05
-7.534246575342469499e-02 -8.575446564261859916e-05
-7.338551859099803898e-02 -7.869255102157309435e-05
-7.142857142857138297e-02 -7.125908221879658009e-05
-6.947162426614482411e-02 -6.338724588893336826e-05
-6.751467710371818198e-02 -5.503864008776607230e-05
-6.555772994129152598e-02 -4.609744434153007826e-05
-6.360078277886496712e-02 -3.640877635549307753e-05
-6.164383561643840131e-02 -2.618687558914915850e-05
-5.968688845401175225e-02 -1.572253743631897194e-05
-5.772994129158509624e-02 -4.341018999434408912e-06
-5.577299412915853738e-02 7.759991746728910549e-06
-5.381604696673188831e-02 2.018317975019148002e-05
-5.185909980430523231e-02 3.337014058133674026e-05
-4.990215264187867344e-02 4.752318334181390437e-05
-4.794520547945201744e-02 6.215596097611760028e-05
-4.598825831702545858e-02 7.711672997708572100e-05
-4.403131115459880951e-02 9.327039872950025655e-05
-4.207436399217215350e-02 1.099334980539785992e-04
-4.011741682974559464e-02 1.271358148519987372e-04
-3.816046966731893864e-02 1.452106298957500619e-04
-3.620352250489228957e-02 1.639563869885868872e-04
-3.424657534246573071e-02 1.830954822380847862e-04
-3.228962818003916491e-02 2.029525395353812473e-04
-3.033268101761251584e-02 2.232485144497193977e-04
-2.837573385518586330e-02 2.440533461362095818e-04
-2.641878669275930097e-02 2.652650521409147841e-04
-2.446183953033264843e-02 2.868133466746781339e-04
-2.250489236790599937e-02 3.086242179507725741e-04
-2.054794520547943704e-02 3.306144316323665296e-04
-1.859099804305287471e-02 3.527100679489798872e-04
-1.663405088062622564e-02 3.747892532541469753e-04
-1.467710371819957137e-02 3.967649917171643063e-04
-1.272015655577301077e-02 4.185319685690756732e-04
-1.076320939334645017e-02 4.399855047491084458e-04
-8.806262230919707432e-03 4.610154437500773770e-04
-6.849315068493145968e-03 4.815156750711017345e-04
-4.892367906066493431e-03 5.013819180681248480e-04
-2.935420743639932401e-03 5.205182982735409363e-04
-9.784735812132805150e-04 5.388248947032997591e-04
9.784735812133715880e-04 5.562074940766228992e-04
2.935420743639932401e-03 5.725882861174350427e-04
4.892367906066584504e-03 5.879024823336802220e-04
6.849315068493145968e-03 6.020945508249187297e-04
8.806262230919797637e-03 6.150976281299558139e-04
1.076320939334635823e-02 6.268688320383524306e-04
1.272015655577310271e-02 6.373824234785926100e-04
1.467710371819966331e-02 6.466556847544680745e-04
1.663405088062622564e-02 6.546646139000051635e-04
1.859099804305287471e-02 6.614005872581809166e-04
2.054794520547943704e-02 6.668557930743951616e-04
2.250489236790608957e-02 6.711171005251982376e-04
2.446183953033264843e-02 6.742227393844099637e-04
2.641878669275939465e-02 6.761779996403313687e-04
2.837573385518595351e-02 6.770146017549142151e-04
3.033268101761251584e-02 6.768088327859633335e-04
3.228962818003916491e-02 6.756685129013624775e-04
3.424657534246573071e-02 6.735983460726342785e-04
3.620352250489237977e-02 6.706858275697157382e-04
3.816046966731893864e-02 6.669823537280943331e-04
4.011741682974568485e-02 6.624982065273701554e-04
4.207436399217224371e-02 6.574655958370616369e-04
4.403131115459880951e-02 6.519093156752627264e-04
4.598825831702545858e-02 6.456276241039567371e-04
4.794520547945201744e-02 6.390602161066102514e-04
4.990215264187876365e-02 6.320097541626559356e-04
5.185909980430532251e-02 6.246236120673874818e-04
5.381604696673197852e-02 6.169791671301803849e-04
5.577299412915853738e-02 6.090407746721270476e-04
5.772994129158509624e-02 6.009705421496008620e-04
5.968688845401175225e-02 5.926749501456642522e-04
6.164383561643831111e-02 5.842975759761117552e-04
6.360078277886505038e-02 5.758439905026858756e-04
6.555772994129160924e-02 5.673382757744733747e-04
6.751467710371826525e-02 5.588110338840011687e-04
6.947162426614482411e-02 5.502970732427194455e-04
7.142857142857138297e-02 5.418023296028409794e-04
7.338551859099803898e-02 5.333795462367457805e-04
7.534246575342459784e-02 5.250076755476749523e-04
7.729941291585135099e-02 5.167443045502257207e-04
7.925636007827790985e-02 5.085714151000559789e-04
8.121330724070456586e-02 5.004429963134571138e-04
8.317025440313112472e-02 4.925701471126009727e-04
8.512720156555768358e-02 4.847249317631861548e-04
8.708414872798433959e-02 4.770727375007339198e-04
8.904109589041098172e-02 4.695073255977461686e-04
9.099804305283763772e-02 4.621491869479822374e-04
9.295499021526419658e-02 4.549125490634442579e-04
9.491193737769085259e-02 4.478240087821100629e-04
9.686888454011741145e-02 4.408951340021325369e-04
9.882583170254397031e-02 4.341234526154570672e-04
1.007827788649707096e-01 4.275080254782834374e-04
1.027397260273972823e-01 4.210496862889299822e-04
1.046966731898239245e-01 4.147433831958315890e-04
1.066536203522504833e-01 4.085847488026104427e-04
1.086105675146771393e-01 4.025754156465857943e-04
1.105675146771036982e-01 3.967144303949131194e-04
1.125244618395302570e-01 3.909999926893892959e-04
1.144814090019570102e-01 3.854307685453032184e-04
1.164383561643835691e-01 3.799986348274467848e-04
1.183953033268102251e-01 3.747011522097930172e-04
1.203522504892367839e-01 3.695420333898109832e-04
1.223091976516634399e-01 3.645177687761833583e-04
1.242661448140899988e-01 3.596153769686186792e-04
1.262230919765167381e-01 3.548284061493966243e-04
1.281800391389432969e-01 3.501636365682110814e-04
1.301369863013698558e-01 3.456178076547035275e-04
1.320939334637964979e-01 3.411866693878644699e-04
1.340508806262230845e-01 3.368697886067083670e-04
1.360078277886497267e-01 3.326659737242924951e-04
1.379647749510763688e-01 3.285685671804633510e-04
1.399217221135030387e-01 3.245610820573628153e-04
1.418786692759295975e-01 3.206484329368621791e-04
1.438356164383561564e-01 3.168511303466152213e-04
1.457925636007827985e-01 3.131458229342590650e-04
1.477495107632093574e-01 3.095085838373042996e-04
1.497064579256361105e-01 3.059623723295077833e-04
1.516634050880626694e-01 3.025168543072822127e-04
1.536203522504893115e-01 2.991420693894896138e-04
1.555772994129158704e-01 2.958269192692885761e-04
1.575342465753424293e-01 2.925990481444064252e-04
1.594911937377690991e-01 2.894580935237384828e-04
1.614481409001956580e-01 2.863834662568575306e-04
1.634050880626224111e-01 2.833751304435608363e-04
1.653620352250489700e-01 2.804361297048777618e-04
1.673189823874756121e-01 2.775626721495299057e-04
1.692759295499021710e-01 2.747498738038251084e-04
1.712328767123287299e-01 2.719947709653253924e-04
1.731898238747553720e-01 2.692984809559506934e-04
1.751467710371820419e-01 2.666597423858584992e-04
1.771037181996086840e-01 2.640788824302757161e-04
1.790606653620352429e-01 2.615534046249978219e-04
1.810176125244619127e-01 2.590781711704700932e-04
1.829745596868884716e-01 2.566536286943292056e-04
1.849315068493150305e-01 2.542779759230621084e-04
1.868884540117417559e-01 2.519495952289948462e-04
1.888454011741683425e-01 2.496665553966248541e-04
1.908023483365949846e-01 2.474269622588958005e-04
1.927592954990215435e-01 2.452301353433875204e-04
1.947162426614481856e-01 2.430755402842196388e-04
1.966731898238747445e-01 2.409615717760578283e-04
1.986301369863013033e-01 2.388871865239445831e-04
2.005870841487280565e-01 2.368508874298341641e-04
2.025440313111546153e-01 2.348518780868916959e-04
2.045009784735812852e-01 2.328892118355730214e-04
2.064579256360078441e-01 2.309617541020355497e-04
2.084148727984344862e-01 2.290685002415849679e-04
2.103718199608610451e-01 2.272085969752408985e-04
2.123287671232876872e-01 2.253806107044637656e-04
2.142857142857143571e-01 2.235810024705768974e-04
2.162426614481409159e-01 2.218087838922340709e-04
2.181996086105675581e-01 2.200618831839968486e-04
2.201565557729941169e-01 2.183490498831219719e-04
2.221135029354207868e-01 2.166723788263216050e-04
2.240704500978474289e-01 2.150335466086732540e-04
2.260273972602739878e-01 2.134265866353581692e-04
2.279843444227006299e-01 2.118304081275501573e-04
2.299412915851272166e-01 2.102529075105111212e-04
2.318982387475538587e-01 2.086910752425004607e-04
2.338551859099804175e-01 2.071617831173552012e-04
2.358121330724071707e-01 2.056600850177201921e-04
2.377690802348337296e-01 2.041855592136797954e-04
2.397260273972602884e-01 2.027325533996329320e-04
2.416829745596869305e-01 2.012924053938187712e-04
2.436399217221134894e-01 1.998677745762309031e-04
2.455968688845401593e-01 1.984569577075662042e-04
2.475538160469667182e-01 1.970791771054658330e-04
2.495107632093934436e-01 1.957272886963326054e-04
2.514677103718200302e-01 1.944029394551914961e-04
2.534246575342465890e-01 1.930936418684406710e-04
2.553816046966732034e-01 1.917888096520531393e-04
2.573385518590997623e-01 1.904919264149906898e-04
2.592954990215264321e-01 1.892038426491426397e-04
2.612524461839531020e-01 1.879602180376037423e-04
2.632093933463797164e-01 1.867486211994030148e-04
2.651663405088063308e-01 1.855720889500745785e-04
2.671232876712328896e-01 1.843822776826669512e-04
2.690802348336595040e-01 1.831928792255580179e-04
2.710371819960860629e-01 1.820051851573395506e-04
2.729941291585128438e-01 1.808504790205584130e-04
2.749510763209394026e-01 1.797192970785860744e-04
2.769080234833660170e-01 1.786051999260796538e-04
2.788649706457925759e-01 1.774922260013070928e-04
2.808219178082191347e-01 1.763845019953691256e-04
2.827788649706458046e-01 1.752989540507006927e-04
2.847358121330723635e-01 1.742479015374961461e-04
2.866927592954990889e-01 1.732304577863330315e-04
2.886497064579256477e-01 1.721938701044319552e-04
2.906066536203523176e-01 1.711337746895615129e-04
2.925636007827788765e-01 1.700694323227317460e-04
2.945205479452054353e-01 1.690670365805471980e-04
2.964774951076321052e-01 1.681119166925219702e-04
2.984344422700587751e-01 1.671394266567703115e-04
3.003913894324853895e-01 1.661589616339542599e-04
3.023483365949119483e-01 1.651988092632948580e-04
3.043052837573386182e-01 1.642656631267417505e-04
3.062622309197651771e-01 1.633389327850179144e-04
3.082191780821917360e-01 1.623925442579087061e-04
3.101761252446184614e-01 1.614414049184589395e-04
3.121330724070450202e-01 1.605419035474769571e-04
3.140900195694716901e-01 1.596781253025546666e-04
3.160469667318982490e-01 1.587968656571093107e-04
3.180039138943249188e-01 1.579078754199837004e-04
3.199608610567514777e-01 1.570385723530043159e-04
3.219178082191780366e-01 1.561825915243962679e-04
3.238747553816047620e-01 1.553325956912707207e-04
3.258317025440313208e-01 1.544907073188594277e-04
3.277886497064578797e-01 1.536585796078867628e-04
3.297455968688846606e-01 1.528360140556268864e-04
3.317025440313112195e-01 1.520233077623367381e-04
3.336594911937377783e-01 1.512204384836485932e-04
3.356164383561643372e-01 1.504238059679781543e-04
3.375733855185910626e-01 1.496347447940173103e-04
3.395303326810176214e-01 1.488528448806732802e-04
3.414872798434443468e-01 1.480778221738652156e-04
3.434442270058709057e-01 1.473140497371769754e-04
3.454011741682974646e-01 1.465594688874891018e-04
3.473581213307240789e-01 1.458143083002997015e-04
3.493150684931506378e-01 1.450787966507584455e-04
3.512720156555773632e-01 1.443408411341286744e-04
3.532289628180039220e-01 1.436042769436569205e-04
3.551859099804306474e-01 1.428679726715069767e-04
3.571428571428572063e-01 1.421304876360647703e-04
3.590998043052837652e-01 1.414208272543913839e-04
3.610567514677103240e-01 1.407321411968612713e-04
3.630136986301368829e-01 1.400650388052729952e-04
3.649706457925636638e-01 1.394131782063921766e-04
3.669275929549902227e-01 1.387376577722997865e-04
3.688845401174169480e-01 1.380538382929964215e-04
3.708414872798435069e-01 1.373570334259058485e-04
3.727984344422700658e-01 1.366848210120017457e-04
3.747553816046966246e-01 1.360273170331592369e-04
3.767123287671231835e-01 1.353860630788469768e-04
3.786692759295499644e-01 1.347455316195798989e-04
3.806262230919765233e-01 1.341110881485554755e-04
3.825831702544032487e-01 1.334823755327902285e-04
3.845401174168298075e-01 1.328569693638161488e-04
3.864970645792563664e-01 1.322343961299688418e-04
3.884540117416829252e-01 1.316137547000303769e-04
3.904109589041096506e-01 1.310009187685569885e-04
3.923679060665362095e-01 1.303938816803011929e-04
3.943248532289627684e-01 1.297931126369081646e-04
3.962818003913895493e-01 1.291990808403715139e-04
3.982387475538161081e-01 1.286100174658815008e-04
4.001956947162426670e-01 1.280260935538335681e-04
4.021526418786692259e-01 1.274478462260416473e-04
4.041095890410959512e-01 1.268753039039952112e-04
4.060665362035225101e-01 1.263075799176744914e-04
4.080234833659490690e-01 1.257436103590862356e-04
4.099804305283758499e-01 1.251838725878293959e-04
4.119373776908024087e-01 1.246281242320562558e-04
4.138943248532289676e-01 1.240762400736519398e-04
4.158512720156556930e-01 1.235286346632978821e-04
4.178082191780822519e-01 1.229848135230112447e-04
4.197651663405088107e-01 1.224446296749906785e-04
4.217221135029353696e-01 1.219079361413352372e-04
4.236790606653620950e-01 1.213783683231186433e-04
4.256360078277886538e-01 1.208549330154264935e-04
4.275929549902154347e-01 1.203377059899341802e-04
4.295499021526419936e-01 1.198270507396098639e-04
4.315068493150685525e-01 1.193185979571239724e-04
4.334637964774951113e-01 1.188104206592490748e-04
4.354207436399216702e-01 1.183039157466736090e-04
4.373776908023483956e-01 1.177984322864488240e-04
4.393346379647749544e-01 1.172965179087469723e-04
4.412915851272017354e-01 1.168050708854192831e-04
4.432485322896282942e-01 1.163204568677245307e-04
4.452054794520548531e-01 1.158434061936537267e-04
4.471624266144814119e-01 1.153738992437725389e-04
4.491193737769079708e-01 1.148948565482622782e-04
4.510763209393346962e-01 1.144137007600637364e-04
4.530332681017612551e-01 1.139289388666282787e-04
4.549902152641879804e-01 1.134390778555565516e-04
4.569471624266145393e-01 1.129738421324074049e-04
4.589041095890410982e-01 1.125266738501513235e-04
4.608610567514677125e-01 1.120903499543071566e-04
4.628180039138942714e-01 1.116648704450242123e-04
4.647749510763209968e-01 1.112183369249947310e-04
4.667318982387475557e-01 1.107678972745115864e-04
4.686888454011742811e-01 1.103144516410959562e-04
4.706457925636008399e-01 1.098703974368248006e-04
4.726027397260273988e-01 1.094333305077072830e-04
4.745596868884539576e-01 1.090010168414122662e-04
4.765166340508805165e-01 1.085712771902519946e-04
4.784735812133070754e-01 1.081436384044056042e-04
4.804305283757340228e-01 1.077189804336075788e-04
4.823874755381605817e-01 1.072992464999953326e-04
4.843444227005871405e-01 1.068861737442750227e-04
4.863013698630136994e-01 1.064782731491581105e-04
4.882583170254402583e-01 1.060708017513718282e-04
4.902152641878670392e-01 1.056532040864008413e-04
4.921722113502935980e-01 1.052324507907686168e-04
4.941291585127201569e-01 1.048133118626848743e-04
4.960861056751467157e-01 1.044248270113250920e-04
4.980430528375734411e-01 1.040503569928134114e-04
5.000000000000000000e-01 1.036635244660388626e-04
