5.000000000000000000e-01 0.000000000000000000e+00
4.980430528375733301e-01 -7.820063089762275833e-12
4.960861056751467713e-01 -6.242485072752016298e-12
4.941291585127201569e-01 -5.875962971626841510e-12
4.921722113502935980e-01 -5.566392651356159371e-12
4.902152641878669281e-01 -5.657824088043685617e-12
4.882583170254402583e-01 -5.791823154686033962e-12
4.863013698630136994e-01 -5.925822221328382307e-12
4.843444227005870295e-01 -6.059833731007840828e-12
4.823874755381604706e-01 -6.424041427230473714e-12
4.804305283757338563e-01 -6.842986043701940367e-12
4.784735812133071864e-01 -7.261893331062074877e-12
4.765166340508806275e-01 -7.680813061459321179e-12
4.745596868884539576e-01 -8.099732791856565865e-12
4.726027397260273988e-01 -8.518652522253812167e-12
4.706457925636007844e-01 -8.937572252651056853e-12
4.686888454011742255e-01 -9.356491983048303154e-12
4.667318982387475557e-01 -1.020446007605069342e-11
4.647749510763208858e-01 -1.131987880870492135e-11
4.628180039138943269e-01 -1.243530998439626026e-11
4.608610567514677125e-01 -1.355072871705048819e-11
4.589041095890410982e-01 -1.466614744970471612e-11
4.569471624266144838e-01 -1.578157862539605341e-11
4.549902152641878139e-01 -1.689699735805028134e-11
4.530332681017612551e-01 -1.801242853374161864e-11
4.510763209393345852e-01 -1.912784726639584657e-11
4.491193737769080263e-01 -2.024326599905007450e-11
4.471624266144814119e-01 -2.135870961777852439e-11
4.452054794520547421e-01 -2.247412835043275232e-11
4.432485322896281832e-01 -2.358954708308698025e-11
4.412915851272015133e-01 -2.470496581574120818e-11
4.393346379647749544e-01 -2.582039699143254547e-11
4.373776908023483401e-01 -2.693582816712388277e-11
4.354207436399216702e-01 -2.948446080023302685e-11
4.334637964774951113e-01 -3.677757371140519828e-11
4.315068493150684414e-01 -4.407066173650315097e-11
4.295499021526418826e-01 -5.136377464767532240e-11
4.275929549902152127e-01 -5.865686267277328155e-11
4.256360078277886538e-01 -6.594997558394544652e-11
4.236790606653620395e-01 -7.324306360904340567e-11
4.217221135029353696e-01 -8.053617652021558356e-11
4.197651663405088107e-01 -8.782927698835064562e-11
4.178082191780821408e-01 -9.512238989952281059e-11
4.158512720156555820e-01 -1.024154903676578726e-10
4.138943248532289676e-01 -1.097085783927558318e-10
4.119373776908022977e-01 -1.170016913039280097e-10
4.099804305283757389e-01 -1.242947917720630588e-10
4.080234833659490690e-01 -1.315878922401981338e-10
4.060665362035224546e-01 -1.388809927083331829e-10
4.041095890410958957e-01 -1.461741056195053738e-10
4.021526418786692814e-01 -1.534672060876404229e-10
4.001956947162426670e-01 -1.607603065557754979e-10
3.982387475538159971e-01 -1.680534070239105470e-10
3.962818003913894382e-01 -1.753465074920456220e-10
3.943248532289627684e-01 -1.826396204032177870e-10
3.923679060665361540e-01 -1.899327084283157461e-10
3.904109589041095951e-01 -1.972258213394879111e-10
3.884540117416829252e-01 -2.045189218076229861e-10
3.864970645792563664e-01 -2.118120347187951510e-10
3.845401174168296965e-01 -2.191051351869302260e-10
3.825831702544030821e-01 -2.263982232120281852e-10
3.806262230919765233e-01 -2.336913361232003760e-10
3.786692759295498534e-01 -2.409844365913354251e-10
3.767123287671232945e-01 -2.482775495025075642e-10
3.747553816046966246e-01 -2.555706375276055234e-10
3.727984344422700103e-01 -2.628637504387777142e-10
3.708414872798433959e-01 -2.912436552777539281e-10
3.688845401174168370e-01 -3.439824477413186524e-10
3.669275929549902227e-01 -3.967212277618462351e-10
3.649706457925635528e-01 -4.494600077823738177e-10
3.630136986301369384e-01 -5.021987878029013487e-10
3.610567514677103240e-01 -5.549375802664661247e-10
3.590998043052837096e-01 -6.076763727300307973e-10
3.571428571428571508e-01 -6.604151527505584317e-10
3.551859099804304809e-01 -7.131539452141231043e-10
3.532289628180038665e-01 -7.658927252346506352e-10
3.512720156555772522e-01 -8.186315052551782696e-10
3.493150684931506378e-01 -8.713702977187429422e-10
3.473581213307240789e-01 -9.241090777392705765e-10
3.454011741682974090e-01 -9.768478702028352492e-10
3.434442270058708502e-01 -1.029586650223362884e-09
3.414872798434441803e-01 -1.082325442686927556e-09
3.395303326810175659e-01 -1.143806202859767103e-09
3.375733855185909515e-01 -1.305819635239898169e-09
3.356164383561643372e-01 -1.467833055176991989e-09
3.336594911937377783e-01 -1.629846512443197131e-09
3.317025440313111084e-01 -1.791859919937253914e-09
3.297455968688844941e-01 -1.953873364760422018e-09
3.277886497064578797e-01 -2.115886784697516045e-09
3.258317025440312653e-01 -2.277900217077646904e-09
3.238747553816047065e-01 -2.439913649457777762e-09
3.219178082191780366e-01 -2.601927094280945866e-09
3.199608610567514777e-01 -2.763940501775002648e-09
3.180039138943248078e-01 -2.925953946598170752e-09
3.160469667318981379e-01 -3.087967378978302025e-09
3.140900195694715791e-01 -3.252790921973380651e-09
3.121330724070449647e-01 -3.548788028958954547e-09
3.101761252446184058e-01 -3.844785148387565273e-09
3.082191780821917360e-01 -4.140782255373138341e-09
3.062622309197651216e-01 -4.436779349915674991e-09
3.043052837573385072e-01 -4.732776456901248886e-09
3.023483365949118928e-01 -5.028773563886821954e-09
3.003913894324852785e-01 -5.324770683315433095e-09
2.984344422700586641e-01 -5.620767777857969745e-09
2.964774951076320497e-01 -5.916764909729617303e-09
2.945205479452054353e-01 -6.212762004272153953e-09
2.925636007827788210e-01 -6.508759123700764266e-09
2.906066536203522066e-01 -6.804756230686338161e-09
2.886497064579256477e-01 -7.100753337671912057e-09
2.866927592954989779e-01 -7.699927905751935691e-09
2.847358121330723080e-01 -8.311095695150860296e-09
2.827788649706456936e-01 -8.922263472106746829e-09
2.808219178082191347e-01 -9.533431261505671434e-09
2.788649706457925204e-01 -1.014459903846155797e-08
2.769080234833659060e-01 -1.075576681541744450e-08
2.749510763209392916e-01 -1.136693460481636745e-08
2.729941291585126772e-01 -1.197810239421529206e-08
2.710371819960860629e-01 -1.258927017117117859e-08
2.690802348336594485e-01 -1.320043793568402870e-08
2.671232876712328341e-01 -1.381160573752598973e-08
2.651663405088062198e-01 -1.442277350203883984e-08
2.632093933463796054e-01 -1.503394129143776445e-08
2.612524461839529355e-01 -2.309155504971341221e-08
2.592954990215263211e-01 -3.194979029865969862e-08
2.573385518590997623e-01 -4.080802556004902144e-08
2.553816046966731479e-01 -4.771412089617778380e-08
2.534246575342465335e-01 -4.891481213544098307e-08
2.514677103718199191e-01 -5.011550336226114262e-08
2.495107632093933048e-01 -5.131619462641041472e-08
2.475538160469666626e-01 -5.424911776877769662e-08
2.455968688845400483e-01 -5.723241904793706578e-08
2.436399217221134617e-01 -6.021572030221036211e-08
2.416829745596868473e-01 -6.433124244566707326e-08
2.397260273972602329e-01 -6.895890387041348633e-08
2.377690802348336185e-01 -7.358656530760291926e-08
2.358121330724069764e-01 -7.910441996071007864e-08
2.338551859099803620e-01 -8.676487029057105395e-08
2.318982387475537754e-01 -9.561607277227163274e-08
2.299412915851271055e-01 -1.055287965358762471e-07
2.279843444227005189e-01 -1.153550838960666783e-07
2.260273972602739045e-01 -1.257508479281213169e-07
2.240704500978472902e-01 -1.367160886320402288e-07
2.221135029354206758e-01 -1.478436650056712952e-07
2.201565557729940892e-01 -1.592460807317194909e-07
2.181996086105674748e-01 -1.709825220743144916e-07
2.162426614481408604e-01 -1.832446220331336022e-07
2.142857142857142461e-01 -1.961336454038016334e-07
2.123287671232876039e-01 -2.095363246504514647e-07
2.103718199608609618e-01 -2.243574831263011691e-07
2.084148727984343474e-01 -2.440861349861954469e-07
2.064579256360077331e-01 -2.680595558861138364e-07
2.045009784735811464e-01 -2.970967297554515065e-07
2.025440313111545321e-01 -3.231584519236036495e-07
2.005870841487279177e-01 -3.487492448179708829e-07
1.986301369863013033e-01 -3.730871580983579175e-07
1.966731898238747167e-01 -3.991809098634499482e-07
1.947162426614481023e-01 -4.278699398481581474e-07
1.927592954990214602e-01 -4.584015930140372783e-07
1.908023483365948458e-01 -4.917635776509536175e-07
1.888454011741682315e-01 -5.295652696710632163e-07
1.868884540117416448e-01 -5.718747344658032355e-07
1.849315068493149750e-01 -6.192129476397228977e-07
1.829745596868883606e-01 -6.709006734860497514e-07
1.810176125244617740e-01 -7.278789044547556558e-07
1.790606653620351596e-01 -7.905398721516103171e-07
1.771037181996085452e-01 -8.573623811461684030e-07
1.751467710371819031e-01 -9.280907765615410783e-07
1.731898238747552887e-01 -1.002284318395694822e-06
1.712328767123286744e-01 -1.080005548588336212e-06
1.692759295499020877e-01 -1.161425822555247332e-06
1.673189823874754734e-01 -1.245807457031310199e-06
1.653620352250488590e-01 -1.334995641574099549e-06
1.634050880626222724e-01 -1.437924092513268477e-06
1.614481409001956025e-01 -1.555339288113868506e-06
1.594911937377690159e-01 -1.691660177786864070e-06
1.575342465753424015e-01 -1.829869156590290242e-06
1.555772994129157316e-01 -1.974756246243376306e-06
1.536203522504891450e-01 -2.123648227208501833e-06
1.516634050880625306e-01 -2.287228158001881011e-06
1.497064579256359163e-01 -2.462673009946070552e-06
1.477495107632093296e-01 -2.651880455898228369e-06
1.457925636007827153e-01 -2.858517229109235020e-06
1.438356164383561009e-01 -3.085388886876140233e-06
1.418786692759294865e-01 -3.335506007108612873e-06
1.399217221135028999e-01 -3.605352475289362025e-06
1.379647749510762300e-01 -3.898199436939972233e-06
1.360078277886495879e-01 -4.214181950415277583e-06
1.340508806262229735e-01 -4.548226906552509331e-06
1.320939334637963869e-01 -4.899611356919564134e-06
1.301369863013697725e-01 -5.268785735876244453e-06
1.281800391389431582e-01 -5.673110119518297677e-06
1.262230919765165438e-01 -6.112598647266970807e-06
1.242661448140899433e-01 -6.590127234465222810e-06
1.223091976516633428e-01 -7.107084881692351816e-06
1.203522504892367284e-01 -7.669707736956510817e-06
1.183953033268100863e-01 -8.278680414691240222e-06
1.164383561643834719e-01 -8.937256082058625374e-06
1.144814090019568714e-01 -9.645575109793992429e-06
1.125244618395302570e-01 -1.039116693999911450e-05
1.105675146771036566e-01 -1.117101932355245116e-05
1.086105675146770005e-01 -1.200980734242478060e-05
1.066536203522504417e-01 -1.294925920857399875e-05
1.046966731898237857e-01 -1.397805068653570524e-05
1.027397260273972268e-01 -1.508801981043940329e-05
1.007827788649705292e-01 -1.625997261573403329e-05
9.882583170254388705e-02 -1.746055061478627438e-05
9.686888454011731431e-02 -1.875796142702863370e-05
9.491193737769067218e-02 -2.020323988077731345e-05
9.295499021526411332e-02 -2.176520645311966459e-05
9.099804305283745731e-02 -2.346047119163902992e-05
8.904109589041089845e-02 -2.526397908187980856e-05
8.708414872798424244e-02 -2.715581603877543923e-05
8.512720156555768358e-02 -2.910824339831768852e-05
8.317025440313102758e-02 -3.127824486754244248e-05
8.121330724070446871e-02 -3.369630443294101843e-05
7.925636007827781271e-02 -3.622516243000094733e-05
7.729941291585125385e-02 -3.877595240861371982e-05
7.534246575342459784e-02 -4.154353821742651036e-05
7.338551859099795571e-02 -4.474969459134750023e-05
7.142857142857129971e-02 -4.797041919819787221e-05
6.947162426614464370e-02 -5.138392262377630725e-05
6.751467710371808484e-02 -5.509121345808945920e-05
6.555772994129142883e-02 -5.907688484990011960e-05
6.360078277886486997e-02 -6.322364272791360324e-05
6.164383561643822090e-02 -6.754988857973047987e-05
5.968688845401166204e-02 -7.230182123517153898e-05
5.772994129158500604e-02 -7.721921463053844697e-05
5.577299412915844717e-02 -8.245058198649538484e-05
5.381604696673179117e-02 -8.797897091287912395e-05
5.185909980430523231e-02 -9.379090192197644330e-05
4.990215264187858324e-02 -9.990329218708210121e-05
4.794520547945192723e-02 -1.063292477022980358e-04
4.598825831702536837e-02 -1.130597729414160884e-04
4.403131115459871237e-02 -1.200949866749177324e-04
4.207436399217215350e-02 -1.274342484185337634e-04
4.011741682974550444e-02 -1.350746671531521687e-04
3.816046966731893864e-02 -1.430116378454964355e-04
3.620352250489228957e-02 -1.512310528837133481e-04
3.424657534246564050e-02 -1.597169028221532595e-04
3.228962818003898450e-02 -1.684449839015306856e-04
3.033268101761242563e-02 -1.774122744596909784e-04
2.837573385518577310e-02 -1.866020739140975937e-04
2.641878669275921077e-02 -1.959902678307310080e-04
2.446183953033255823e-02 -2.055254870525585439e-04
2.250489236790590569e-02 -2.151590318751547555e-04
2.054794520547934683e-02 -2.248479016420512470e-04
1.859099804305269429e-02 -2.345802644231303037e-04
1.663405088062613196e-02 -2.443473449496313152e-04
1.467710371819948116e-02 -2.541277648851731448e-04
1.272015655577291883e-02 -2.638047592547152756e-04
1.076320939334626803e-02 -2.732569462347542210e-04
8.806262230919707432e-03 -2.825164808826232353e-04
6.849315068493054028e-03 -2.916575859555738462e-04
4.892367906066493431e-03 -3.005041661833323351e-04
2.935420743639841328e-03 -3.089334112340033980e-04
9.784735812132805150e-04 -3.170267603460366580e-04
-9.784735812133715880e-04 -3.247812847158433017e-04
-2.935420743640114981e-03 -3.320293808500119704e-04
-4.892367906066675577e-03 -3.388332331588120002e-04
-6.849315068493328114e-03 -3.451244461727620777e-04
-8.806262230919889578e-03 -3.508981602737477651e-04
-1.076320939334654038e-02 -3.561241013660827173e-04
-1.272015655577310271e-02 -3.608001720559296586e-04
-1.467710371819975351e-02 -3.649095144396450295e-04
-1.663405088062631584e-02 -3.684591079414046384e-04
-1.859099804305296838e-02 -3.714406991230756829e-04
-2.054794520547952724e-02 -3.738746936526731748e-04
-2.250489236790617978e-02 -3.757546870015114051e-04
-2.446183953033274211e-02 -3.771218862507418035e-04
-2.641878669275939465e-02 -3.779534461807610574e-04
-2.837573385518604718e-02 -3.783238841822237643e-04
-3.033268101761260604e-02 -3.782184305887475897e-04
-3.228962818003926205e-02 -3.776870678841191473e-04
-3.424657534246582091e-02 -3.767046372858094141e-04
-3.620352250489246998e-02 -3.754136415734060607e-04
-3.816046966731912599e-02 -3.737129357539249784e-04
-4.011741682974577505e-02 -3.717106626407974072e-04
-4.207436399217233391e-02 -3.694136522047559903e-04
-4.403131115459898992e-02 -3.668662380006314986e-04
-4.598825831702554878e-02 -3.640613045947195059e-04
-4.794520547945220479e-02 -3.610625357065250316e-04
-4.990215264187876365e-02 -3.578823766417636352e-04
-5.185909980430541272e-02 -3.545493144149533928e-04
-5.381604696673206872e-02 -3.510659137891123174e-04
-5.577299412915862759e-02 -3.474866530548850036e-04
-5.772994129158528359e-02 -3.438111131291142226e-04
-5.968688845401184245e-02 -3.400708170318975294e-04
-6.164383561643849152e-02 -3.362679626635003039e-04
-6.360078277886505038e-02 -3.324299752506739173e-04
-6.555772994129170639e-02 -3.286019681573012705e-04
-6.751467710371826525e-02 -3.246004121532343142e-04
-6.947162426614492126e-02 -3.208486707911013098e-04
-7.142857142857148012e-02 -3.169699624706716909e-04
-7.338551859099813612e-02 -3.131495763180650277e-04
-7.534246575342477825e-02 -3.093455762232570302e-04
-7.729941291585143426e-02 -3.055859954981247255e-04
-7.925636007827809026e-02 -3.018607364919116058e-04
-8.121330724070464913e-02 -2.981949875374896065e-04
-8.317025440313130513e-02 -2.945728483118362478e-04
-8.512720156555786399e-02 -2.910204387267043414e-04
-8.708414872798452000e-02 -2.875204793940528141e-04
-8.904109589041107886e-02 -2.840842732687709872e-04
-9.099804305283773487e-02 -2.807156184080352953e-04
-9.295499021526429373e-02 -2.774138751562241906e-04
-9.491193737769093586e-02 -2.741807019025087246e-04
-9.686888454011750860e-02 -2.710153164189946229e-04
-9.882583170254415073e-02 -2.679183969872903906e-04
-1.007827788649707096e-01 -2.648912666715192397e-04
-1.027397260273973656e-01 -2.619335299050018777e-04
-1.046966731898240216e-01 -2.590427592611241510e-04
-1.066536203522505805e-01 -2.562201492374830856e-04
-1.086105675146772365e-01 -2.534678287162346914e-04
-1.105675146771037953e-01 -2.507823971517893322e-04
-1.125244618395304513e-01 -2.481575444313567028e-04
-1.144814090019570935e-01 -2.455948598772017977e-04
-1.164383561643837495e-01 -2.430958486865817888e-04
-1.183953033268103083e-01 -2.406585885434676356e-04
-1.203522504892369643e-01 -2.382830644535031310e-04
-1.223091976516635232e-01 -2.359667932974456072e-04
-1.242661448140901792e-01 -2.337079459866493020e-04
-1.262230919765167381e-01 -2.315026546576376637e-04
-1.281800391389433802e-01 -2.293490925855393896e-04
-1.301369863013700501e-01 -2.272521658290842142e-04
-1.320939334637966089e-01 -2.252087641454072315e-04
-1.340508806262232511e-01 -2.232088609116422901e-04
-1.360078277886498099e-01 -2.212575507684985839e-04
-1.379647749510764798e-01 -2.193667057576998130e-04
-1.399217221135030387e-01 -2.175134037754697543e-04
-1.418786692759296808e-01 -2.156833650306675461e-04
-1.438356164383562397e-01 -2.139115638353084449e-04
-1.457925636007828818e-01 -2.122002618369829845e-04
-1.477495107632094684e-01 -2.105138182678293983e-04
-1.497064579256361938e-01 -2.088554652937698274e-04
-1.516634050880628637e-01 -2.072492161224672065e-04
-1.536203522504894226e-01 -2.056843448334835225e-04
-1.555772994129160647e-01 -2.041329587227916288e-04
-1.575342465753426235e-01 -2.026173939889274085e-04
-1.594911937377692657e-01 -2.011812486762938146e-04
-1.614481409001958245e-01 -1.997432897891684934e-04
-1.634050880626224944e-01 -1.982711116850340504e-04
-1.653620352250490533e-01 -1.969400397859162556e-04
-1.673189823874756954e-01 -1.955832891914423733e-04
-1.692759295499022543e-01 -1.942425548795842169e-04
-1.712328767123289242e-01 -1.929497428372652903e-04
-1.731898238747554830e-01 -1.917000858474760710e-04
-1.751467710371821251e-01 -1.904667630474588251e-04
-1.771037181996087673e-01 -1.892419906631165490e-04
-1.790606653620353539e-01 -1.880454351220675743e-04
-1.810176125244619960e-01 -1.868918685888348191e-04
-1.829745596868885549e-01 -1.857399230578532479e-04
-1.849315068493151970e-01 -1.846172027100261579e-04
-1.868884540117418669e-01 -1.835119950855219559e-04
-1.888454011741685090e-01 -1.824308635811066085e-04
-1.908023483365950679e-01 -1.813702155664239030e-04
-1.927592954990217378e-01 -1.803278214322780561e-04
-1.947162426614482966e-01 -1.793039858184992486e-04
-1.966731898238749388e-01 -1.782974599194543045e-04
-1.986301369863014976e-01 -1.773147098843343703e-04
-2.005870841487281397e-01 -1.763313558884365350e-04
-2.025440313111548096e-01 -1.753917386170752188e-04
-2.045009784735813685e-01 -1.744562925899464370e-04
-2.064579256360080106e-01 -1.735322522582170325e-04
-2.084148727984345695e-01 -1.726229709982104272e-04
-2.103718199608612394e-01 -1.717307338030914080e-04
-2.123287671232877982e-01 -1.708559502834252220e-04
-2.142857142857144404e-01 -1.699957100061463659e-04
-2.162426614481409992e-01 -1.691487296953443913e-04
-2.181996086105676413e-01 -1.683133661628794355e-04
-2.201565557729942280e-01 -1.674888381713653823e-04
-2.221135029354208701e-01 -1.666805910886819033e-04
-2.240704500978475122e-01 -1.658877325246628954e-04
-2.260273972602741821e-01 -1.651021238426889580e-04
-2.279843444227008242e-01 -1.643226273627769387e-04
-2.299412915851273831e-01 -1.635599780639409781e-04
-2.318982387475540252e-01 -1.628233822326613034e-04
-2.338551859099806118e-01 -1.620951244752634967e-04
-2.358121330724072540e-01 -1.613351459737044776e-04
-2.377690802348338128e-01 -1.606092549716936133e-04
-2.397260273972604550e-01 -1.599269694594122296e-04
-2.416829745596870138e-01 -1.592245514188430331e-04
-2.436399217221136837e-01 -1.585276412982164571e-04
-2.455968688845402426e-01 -1.578510921822293286e-04
-2.475538160469668847e-01 -1.571819226729026249e-04
-2.495107632093934436e-01 -1.565211921066002548e-04
-2.514677103718200857e-01 -1.558679880013304241e-04
-2.534246575342467556e-01 -1.552236332831060371e-04
-2.553816046966733144e-01 -1.545880808036737746e-04
-2.573385518590999843e-01 -1.539615824214081517e-04
-2.592954990215265432e-01 -1.533421904700298273e-04
-2.612524461839531575e-01 -1.527303281174740917e-04
-2.632093933463798274e-01 -1.521256846094884278e-04
-2.651663405088064973e-01 -1.515291200004138404e-04
-2.671232876712330562e-01 -1.509403485854747637e-04
-2.690802348336597261e-01 -1.503592451575297222e-04
-2.710371819960862849e-01 -1.497841138278594385e-04
-2.729941291585128993e-01 -1.492144632400634399e-04
-2.749510763209394582e-01 -1.486500871792878855e-04
-2.769080234833661280e-01 -1.480948102603362653e-04
-2.788649706457926869e-01 -1.475507732999004951e-04
-2.808219178082193568e-01 -1.470176179690839370e-04
-2.827788649706459712e-01 -1.464852830819560062e-04
-2.847358121330726410e-01 -1.459428368494445380e-04
-2.866927592954990889e-01 -1.454021709371347418e-04
-2.886497064579257588e-01 -1.448856672526736388e-04
-2.906066536203524286e-01 -1.443865260878522466e-04
-2.925636007827790430e-01 -1.438815550187541007e-04
-2.945205479452055464e-01 -1.433743231491564000e-04
-2.964774951076322163e-01 -1.428805604811546933e-04
-2.984344422700589416e-01 -1.423978178080103024e-04
-3.003913894324856115e-01 -1.419096738044035074e-04
-3.023483365949122259e-01 -1.414159767845112536e-04
-3.043052837573387293e-01 -1.409402778361239965e-04
-3.062622309197653436e-01 -1.404804910384317143e-04
-3.082191780821920135e-01 -1.400197409977251635e-04
-3.101761252446186834e-01 -1.395548066938528974e-04
-3.121330724070451312e-01 -1.390957655269612074e-04
-3.140900195694718011e-01 -1.386473919495207071e-04
-3.160469667318984155e-01 -1.382027289798760049e-04
-3.180039138943250854e-01 -1.377556202696432496e-04
-3.199608610567515332e-01 -1.373127885085024722e-04
-3.219178082191782031e-01 -1.368855860706289862e-04
-3.238747553816049285e-01 -1.364654974256279251e-04
-3.258317025440315429e-01 -1.360262942679866887e-04
-3.277886497064582683e-01 -1.355791477055380242e-04
-3.297455968688846606e-01 -1.351765016993388736e-04
-3.317025440313113860e-01 -1.347922459209314929e-04
-3.336594911937379448e-01 -1.343762421557184261e-04
-3.356164383561646702e-01 -1.339598423979179785e-04
-3.375733855185910626e-01 -1.335566069448314774e-04
-3.395303326810177880e-01 -1.331585089033930603e-04
-3.414872798434443468e-01 -1.327650671636208227e-04
-3.434442270058711277e-01 -1.323741342238596102e-04
-3.454011741682974646e-01 -1.319864312584497206e-04
-3.473581213307242455e-01 -1.316020354287161180e-04
-3.493150684931508043e-01 -1.312211897984330426e-04
-3.512720156555775297e-01 -1.308437434849577972e-04
-3.532289628180040886e-01 -1.304696181514096714e-04
-3.551859099804306474e-01 -1.300987031643217591e-04
-3.571428571428574283e-01 -1.297310734165872171e-04
-3.590998043052839872e-01 -1.293665884689952205e-04
-3.610567514677107126e-01 -1.290051725876139482e-04
-3.630136986301371049e-01 -1.286468991777614112e-04
-3.649706457925638303e-01 -1.282916348721004432e-04
-3.669275929549903892e-01 -1.279393752439881269e-04
-3.688845401174171146e-01 -1.275901558583656455e-04
-3.708414872798435069e-01 -1.272439166646745603e-04
-3.727984344422702323e-01 -1.269006508879026794e-04
-3.747553816046967912e-01 -1.265603467855500725e-04
-3.767123287671235721e-01 -1.262229877463572254e-04
-3.786692759295501309e-01 -1.258885571590648408e-04
-3.806262230919766898e-01 -1.255568995421000439e-04
-3.825831702544032487e-01 -1.252272990982165163e-04
-3.845401174168299741e-01 -1.249000802785176390e-04
-3.864970645792565329e-01 -1.245751427462769357e-04
-3.884540117416830918e-01 -1.242523861647680929e-04
-3.904109589041098727e-01 -1.239317101972646615e-04
-3.923679060665364315e-01 -1.236138797884140067e-04
-3.943248532289631569e-01 -1.232994543675403640e-04
-3.962818003913895493e-01 -1.229878172376965082e-04
-3.982387475538162747e-01 -1.226790082797438294e-04
-4.001956947162428335e-01 -1.223730673745437988e-04
-4.021526418786695589e-01 -1.220700344029579149e-04
-4.041095890410961178e-01 -1.217675451587470854e-04
-4.060665362035226766e-01 -1.214661557214241372e-04
-4.080234833659492910e-01 -1.211661136021711797e-04
-4.099804305283760164e-01 -1.208672347372513449e-04
-4.119373776908025753e-01 -1.205693350629279278e-04
-4.138943248532291341e-01 -1.202731166799126582e-04
-4.158512720156556930e-01 -1.199861522793854577e-04
-4.178082191780824184e-01 -1.197040712432580694e-04
-4.197651663405089772e-01 -1.194273436734706297e-04
-4.217221135029355361e-01 -1.191522467118976021e-04
-4.236790606653620950e-01 -1.188726224573795001e-04
-4.256360078277888759e-01 -1.185913190948097829e-04
-4.275929549902154347e-01 -1.183073477217153172e-04
-4.295499021526421601e-01 -1.180278701209707857e-04
-4.315068493150687190e-01 -1.177540163942370399e-04
-4.334637964774952779e-01 -1.174846240205811547e-04
-4.354207436399220033e-01 -1.172202968426958698e-04
-4.373776908023486176e-01 -1.169516100836522158e-04
-4.393346379647751765e-01 -1.166823703394453406e-04
-4.412915851272017354e-01 -1.164118367017709583e-04
-4.432485322896284607e-01 -1.161435496883131126e-04
-4.452054794520550196e-01 -1.158876626156024663e-04
-4.471624266144815785e-01 -1.156404258631197360e-04
-4.491193737769081373e-01 -1.153925269186493064e-04
-4.510763209393348627e-01 -1.151364114196495864e-04
-4.530332681017614216e-01 -1.148731824710188680e-04
-4.549902152641882025e-01 -1.146170324320571523e-04
-4.569471624266145393e-01 -1.143665994046704388e-04
-4.589041095890413202e-01 -1.141216030902285957e-04
-4.608610567514678791e-01 -1.138754082180451179e-04
-4.628180039138946045e-01 -1.136304758355082516e-04
-4.647749510763211633e-01 -1.133869566597621112e-04
-4.667318982387477222e-01 -1.131453573291890397e-04
-4.686888454011745031e-01 -1.129052844852321963e-04
-4.706457925636010620e-01 -1.126666054673599731e-04
-4.726027397260276208e-01 -1.124292320204590967e-04
-4.745596868884541797e-01 -1.121931150907276261e-04
-4.765166340508809051e-01 -1.119586538974969687e-04
-4.784735812133074639e-01 -1.117257330469667608e-04
-4.804305283757341893e-01 -1.114943936873814145e-04
-4.823874755381605817e-01 -1.112646769669854772e-04
-4.843444227005873071e-01 -1.110366240340233067e-04
-4.863013698630138659e-01 -1.108098295391644265e-04
-4.882583170254406468e-01 -1.105842090634553602e-04
-4.902152641878670392e-01 -1.103599020488023444e-04
-4.921722113502937646e-01 -1.101368728807781326e-04
-4.941291585127203234e-01 -1.099150859449556274e-04
-4.960861056751470488e-01 -1.096947157259477032e-04
-4.980430528375734411e-01 -1.094765277758079542e-04
-5.000000000000002220e-01 -1.092600525208522718e-04
-5.000000000000000000e-01 -1.092600525208522718e-04
-4.980430528375733301e-01 -1.090430480762748331e-04
-4.960861056751467713e-01 -1.088280239426952205e-04
-4.941291585127201569e-01 -1.086143140682880329e-04
-4.921722113502935980e-01 -1.084019087205946840e-04
-4.902152641878669281e-01 -1.081907218530983925e-04
-4.882583170254402583e-01 -1.079807696301531526e-04
-4.863013698630136994e-01 -1.077720583463765965e-04
-4.843444227005870295e-01 -1.075645880017685614e-04
-4.823874755381604706e-01 -1.073582826651629752e-04
-4.804305283757338563e-01 -1.071531655783915558e-04
-4.784735812133071864e-01 -1.069492511052521602e-04
-4.765166340508806275e-01 -1.067465392457448700e-04
-4.745596868884539576e-01 -1.065449495299267336e-04
-4.726027397260273988e-01 -1.063444896348551323e-04
-4.706457925636007844e-01 -1.061451853402780042e-04
-4.686888454011742255e-01 -1.059470366461954307e-04
-4.667318982387475557e-01 -1.057499799742274920e-04
-4.647749510763208858e-01 -1.055540038726117034e-04
-4.628180039138943269e-01 -1.053591395634871696e-04
-4.608610567514677125e-01 -1.051653870468539448e-04
-4.589041095890410982e-01 -1.049727144865517477e-04
-4.569471624266144838e-01 -1.047810911754624421e-04
-4.549902152641878139e-01 -1.045905283574956400e-04
-4.530332681017612551e-01 -1.044010168981484676e-04
-4.510763209393345852e-01 -1.042125476629178076e-04
-4.491193737769080263e-01 -1.040251115173007862e-04
-4.471624266144814119e-01 -1.038386993267943672e-04
-4.452054794520547421e-01 -1.036533019568955551e-04
-4.432485322896281832e-01 -1.034689071268413547e-04
-4.412915851272015133e-01 -1.032854997790397250e-04
-4.393346379647749544e-01 -1.031030754820026659e-04
-4.373776908023483401e-01 -1.029216245657873661e-04
-4.354207436399216702e-01 -1.027411373604508109e-04
-4.334637964774951113e-01 -1.025616041960501887e-04
-4.315068493150684414e-01 -1.023830154026425526e-04
-4.295499021526418826e-01 -1.022053613102850506e-04
-4.275929549902152127e-01 -1.020286338913860432e-04
-4.256360078277886538e-01 -1.018528348448115268e-04
-4.236790606653620395e-01 -1.016779464021124086e-04
-4.217221135029353696e-01 -1.015039594200025578e-04
-4.197651663405088107e-01 -1.013308647551957621e-04
-4.178082191780821408e-01 -1.011586532644058228e-04
-4.158512720156555820e-01 -1.009873158043466361e-04
-4.138943248532289676e-01 -1.008168432317319761e-04
-4.119373776908022977e-01 -1.006472264032756713e-04
-4.099804305283757389e-01 -1.004784844852992057e-04
-4.080234833659490690e-01 -1.003105918181625307e-04
-4.060665362035224546e-01 -1.001435389859278361e-04
-4.041095890410958957e-01 -9.997731798191138608e-05
-4.021526418786692814e-01 -9.981192079942943166e-05
-4.001956947162426670e-01 -9.964733943179822362e-05
-3.982387475538159971e-01 -9.948356587233397213e-05
-3.962818003913894382e-01 -9.932059211435296869e-05
-3.943248532289627684e-01 -9.915843219546378613e-05
-3.923679060665361540e-01 -9.899707240905662980e-05
-3.904109589041095951e-01 -9.883649981575771124e-05
-3.884540117416829252e-01 -9.867670755647746730e-05
-3.864970645792563664e-01 -9.851768877212625352e-05
-3.845401174168296965e-01 -9.835943660361449320e-05
-3.825831702544030821e-01 -9.820194419185265030e-05
-3.806262230919765233e-01 -9.804520467775101260e-05
-3.786692759295498534e-01 -9.788921537675881047e-05
-3.767123287671232945e-01 -9.773397117465049968e-05
-3.747553816046966246e-01 -9.757946322799321759e-05
-3.727984344422700103e-01 -9.742568536635543464e-05
-3.708414872798433959e-01 -9.727263146730249252e-05
-3.688845401174168370e-01 -9.712029545639646862e-05
-3.669275929549902227e-01 -9.696867130719628446e-05
-3.649706457925635528e-01 -9.681775304125761082e-05
-3.630136986301369384e-01 -9.666753472813292196e-05
-3.610567514677103240e-01 -9.651801048537157692e-05
-3.590998043052837096e-01 -9.636917447851960268e-05
-3.571428571428571508e-01 -9.622102092112000589e-05
-3.551859099804304809e-01 -9.607354729228913823e-05
-3.532289628180038665e-01 -9.592674715595901256e-05
-3.512720156555772522e-01 -9.578061410454860656e-05
-3.493150684931506378e-01 -9.563514278448961002e-05
-3.473581213307240789e-01 -9.549032790417794037e-05
-3.454011741682974090e-01 -9.534616423397432555e-05
-3.434442270058708502e-01 -9.520264660620328747e-05
-3.414872798434441803e-01 -9.505976991515410431e-05
-3.395303326810175659e-01 -9.491752911708034970e-05
-3.375733855185909515e-01 -9.477591923019983849e-05
-3.356164383561643372e-01 -9.463493533469492498e-05
-3.336594911937377783e-01 -9.449457257271224534e-05
-3.317025440313111084e-01 -9.435483398781284892e-05
-3.297455968688844941e-01 -9.421571040815841162e-05
-3.277886497064578797e-01 -9.407719683211787968e-05
-3.258317025440312653e-01 -9.393928903988787266e-05
-3.238747553816047065e-01 -9.380198289391193645e-05
-3.219178082191780366e-01 -9.366527433888090909e-05
-3.199608610567514777e-01 -9.352915940173266336e-05
-3.180039138943248078e-01 -9.339363419165226936e-05
-3.160469667318981379e-01 -9.325869490007184545e-05
-3.140900195694715791e-01 -9.312433780067078863e-05
-3.121330724070449647e-01 -9.299055924937547641e-05
-3.101761252446184058e-01 -9.285735225073813576e-05
-3.082191780821917360e-01 -9.272466885606054569e-05
-3.062622309197651216e-01 -9.259253811139606983e-05
-3.043052837573385072e-01 -9.246095468398696747e-05
-3.023483365949118928e-01 -9.232991321888429177e-05
-3.003913894324852785e-01 -9.219940833894775425e-05
-2.984344422700586641e-01 -9.206943464484591453e-05
-2.964774951076320497e-01 -9.193998671505609899e-05
-2.945205479452054353e-01 -9.181105910586437368e-05
-2.925636007827788210e-01 -9.168264635136553077e-05
-2.906066536203522066e-01 -9.155474296346311565e-05
-2.886497064579256477e-01 -9.142734343186950826e-05
-2.866927592954989779e-01 -9.130043296285171106e-05
-2.847358121330723080e-01 -9.117398032094661483e-05
-2.827788649706456936e-01 -9.104800190574560768e-05
-2.808219178082191347e-01 -9.092249044773263224e-05
-2.788649706457925204e-01 -9.079743856950103309e-05
-2.769080234833659060e-01 -9.067283878575343483e-05
-2.749510763209392916e-01 -9.054868350330167424e-05
-2.729941291585126772e-01 -9.042496502106700366e-05
-2.710371819960860629e-01 -9.030167553007983341e-05
-2.690802348336594485e-01 -9.017880711347990802e-05
-2.671232876712328341e-01 -9.005635174651633332e-05
-2.651663405088062198e-01 -8.993430129654742737e-05
-2.632093933463796054e-01 -8.981263124178562199e-05
-2.612524461839529355e-01 -8.969131878480804572e-05
-2.592954990215263211e-01 -8.957037275608413529e-05
-2.573385518590997623e-01 -8.944978288129312206e-05
-2.553816046966731479e-01 -8.932953869126052852e-05
-2.534246575342465335e-01 -8.920962952195885941e-05
-2.514677103718199191e-01 -8.909004451450686991e-05
-2.495107632093933048e-01 -8.897077261517035167e-05
-2.475538160469666626e-01 -8.885180257536138746e-05
-2.455968688845400483e-01 -8.873312295163887967e-05
-2.436399217221134617e-01 -8.861472210570837417e-05
-2.416829745596868473e-01 -8.849658820442192475e-05
-2.397260273972602329e-01 -8.825595119878392413e-05
-2.377690802348336185e-01 -8.820184176908586369e-05
-2.358121330724069764e-01 -8.809101304837280101e-05
-2.338551859099803620e-01 -8.797550572813327759e-05
-2.318982387475537754e-01 -8.785835140314991699e-05
-2.299412915851271055e-01 -8.773935632160459518e-05
-2.279843444227005189e-01 -8.761967135483384286e-05
-2.260273972602739045e-01 -8.749930195535489548e-05
-2.240704500978472902e-01 -8.737841501740891011e-05
-2.221135029354206758e-01 -8.725711345419251452e-05
-2.201565557729940892e-01 -8.713535293686361155e-05
-2.181996086105674748e-01 -8.701312456374332802e-05
-2.162426614481408604e-01 -8.689011468598117406e-05
-2.142857142857142461e-01 -8.676648738979009625e-05
-2.123287671232876039e-01 -8.664224267517016236e-05
-2.103718199608609618e-01 -8.651693130749344091e-05
-2.084148727984343474e-01 -8.639073363809179602e-05
-2.064579256360077331e-01 -8.626367754966299240e-05
-2.045009784735811464e-01 -8.613520110862404487e-05
-2.025440313111545321e-01 -8.600541641302564396e-05
-2.005870841487279177e-01 -8.587442049738334417e-05
-1.986301369863013033e-01 -8.574115535437152940e-05
-1.966731898238747167e-01 -8.560508285387091764e-05
-1.947162426614481023e-01 -8.546614560912608636e-05
-1.927592954990214602e-01 -8.532488748497077868e-05
-1.908023483365948458e-01 -8.518179387780395919e-05
-1.888454011741682315e-01 -8.503649333183038728e-05
-1.868884540117416448e-01 -8.488909220394178108e-05
-1.849315068493149750e-01 -8.473974728783983360e-05
-1.829745596868883606e-01 -8.458846055934501234e-05
-1.810176125244617740e-01 -8.443483305131057627e-05
-1.790606653620351596e-01 -8.427774686115627331e-05
-1.771037181996085452e-01 -8.411742021802016511e-05
-1.751467710371819031e-01 -8.395254200411182439e-05
-1.731898238747552887e-01 -8.377822364876015245e-05
-1.712328767123286744e-01 -8.359489351652372264e-05
-1.692759295499020877e-01 -8.340181054571588302e-05
-1.673189823874754734e-01 -8.320461560862117949e-05
-1.653620352250488590e-01 -8.300285379459073449e-05
-1.634050880626222724e-01 -8.279861419126962317e-05
-1.614481409001956025e-01 -8.258515889143119067e-05
-1.594911937377690159e-01 -8.236485283817751948e-05
-1.575342465753424015e-01 -8.213701359850221029e-05
-1.555772994129157316e-01 -8.189823190016681527e-05
-1.536203522504891450e-01 -8.164679745330861201e-05
-1.516634050880625306e-01 -8.138026094422419238e-05
-1.497064579256359163e-01 -8.109917407153316557e-05
-1.477495107632093296e-01 -8.080203611084908256e-05
-1.457925636007827153e-01 -8.048682190561958774e-05
-1.438356164383561009e-01 -8.015498343809889219e-05
-1.418786692759294865e-01 -7.980760186628114159e-05
-1.399217221135028999e-01 -7.944463301475593591e-05
-1.379647749510762300e-01 -7.906580004745497798e-05
-1.360078277886495879e-01 -7.867069764954793111e-05
-1.340508806262229735e-01 -7.826040500118245193e-05
-1.320939334637963869e-01 -7.782684587625209559e-05
-1.301369863013697725e-01 -7.735266930564754025e-05
-1.281800391389431582e-01 -7.683491808133288399e-05
-1.262230919765165438e-01 -7.628630430171680788e-05
-1.242661448140899433e-01 -7.570126877819392797e-05
-1.223091976516633428e-01 -7.508223192339194660e-05
-1.203522504892367284e-01 -7.443288100466003462e-05
-1.183953033268100863e-01 -7.375309755011753019e-05
-1.164383561643834719e-01 -7.303046738879480544e-05
-1.144814090019568714e-01 -7.226303905072848049e-05
-1.125244618395302570e-01 -7.143701161998198190e-05
-1.105675146771036566e-01 -7.054063421415824014e-05
-1.086105675146770005e-01 -6.956608841543894224e-05
-1.066536203522504417e-01 -6.850834298086987638e-05
-1.046966731898237857e-01 -6.738062585353731156e-05
-1.027397260273972268e-01 -6.624379326298447039e-05
-1.007827788649705292e-01 -6.504296262428592489e-05
-9.882583170254388705e-02 -6.373400203179470521e-05
-9.686888454011731431e-02 -6.227002667450491559e-05
-9.491193737769067218e-02 -6.065562728581494706e-05
-9.295499021526411332e-02 -5.896997744318443292e-05
-9.099804305283745731e-02 -5.729004032952532519e-05
-8.904109589041089845e-02 -5.551088473362645741e-05
-8.708414872798424244e-02 -5.347769454574507775e-05
-8.512720156555768358e-02 -5.135049880848179807e-05
-8.317025440313102758e-02 -4.908696509121875047e-05
-8.121330724070446871e-02 -4.666389738207535012e-05
-7.925636007827781271e-02 -4.406983627927578997e-05
-7.729941291585125385e-02 -4.130948752216947865e-05
-7.534246575342459784e-02 -3.837655646466185878e-05
-7.338551859099795571e-02 -3.524521248049156081e-05
-7.142857142857129971e-02 -3.189441732323917435e-05
-6.947162426614464370e-02 -2.833563034642951853e-05
-6.751467710371808484e-02 -2.458965304427151614e-05
-6.555772994129142883e-02 -2.060766930243845463e-05
-6.360078277886486997e-02 -1.632823469326321312e-05
-6.164383561643822090e-02 -1.176332062437853220e-05
-5.968688845401166204e-02 -7.012531282599821259e-06
-5.772994129158500604e-02 -2.089077617348561312e-06
-5.577299412915844717e-02 3.243438134175158994e-06
-5.381604696673179117e-02 8.913175536334975104e-06
-5.185909980430523231e-02 1.478634746774774260e-05
-4.990215264187858324e-02 2.094234200273804004e-05
-4.794520547945192723e-02 2.751927165951896851e-05
-4.598825831702536837e-02 3.430698850581419734e-05
-4.403131115459871237e-02 4.143031584265116087e-05
-4.207436399217215350e-02 4.885278824078580662e-05
-4.011741682974550444e-02 5.657365617853241037e-05
-3.816046966731893864e-02 6.459123438801346595e-05
-3.620352250489228957e-02 7.289320521946184798e-05
-3.424657534246564050e-02 8.146279548314459297e-05
-3.228962818003898450e-02 9.028516933016827528e-05
-3.033268101761242563e-02 9.934103555957591008e-05
-2.837573385518577310e-02 1.086079233469140634e-04
-2.641878669275921077e-02 1.180568768536937490e-04
-2.446183953033255823e-02 1.276539443635130676e-04
-2.250489236790590569e-02 1.373601083750620978e-04
-2.054794520547934683e-02 1.471582387234394160e-04
-1.859099804305269429e-02 1.570100622445858582e-04
-1.663405088062613196e-02 1.668695752275444616e-04
-1.467710371819948116e-02 1.766664991666278917e-04
-1.272015655577291883e-02 1.863572162234293028e-04
-1.076320939334626803e-02 1.959035619603887433e-04
-8.806262230919707432e-03 2.052996263216020994e-04
-6.849315068493054028e-03 2.144921673815512655e-04
-4.892367906066493431e-03 2.234030899616392958e-04
-2.935420743639841328e-03 2.318972939821809442e-04
-9.784735812132805150e-04 2.400525787202971732e-04
9.784735812133715880e-04 2.478695576837589357e-04
2.935420743640114981e-03 2.552480261952210882e-04
4.892367906066675577e-03 2.621292780443505071e-04
6.849315068493328114e-03 2.684432799874890223e-04
8.806262230919889578e-03 2.741833237613404374e-04
1.076320939334654038e-02 2.794597224685751676e-04
1.272015655577310271e-02 2.843948053371805570e-04
1.467710371819975351e-02 2.884557229351036693e-04
1.663405088062631584e-02 2.921237951862100998e-04
1.859099804305296838e-02 2.951678951917698209e-04
2.054794520547952724e-02 2.976614427158261384e-04
2.250489236790617978e-02 2.996136504745274920e-04
2.446183953033274211e-02 3.010378629093144083e-04
2.641878669275939465e-02 3.019489810504807242e-04
2.837573385518604718e-02 3.023838036716120425e-04
3.033268101761260604e-02 3.023357226625903978e-04
3.228962818003926205e-02 3.018641169459010919e-04
3.424657534246582091e-02 3.010353856675988837e-04
3.620352250489246998e-02 2.996736437569141247e-04
3.816046966731912599e-02 2.981167886024737039e-04
4.011741682974577505e-02 2.961609062722542467e-04
4.207436399217233391e-02 2.939190829148815741e-04
4.403131115459898992e-02 2.914658741733546095e-04
4.598825831702554878e-02 2.887211104113836788e-04
4.794520547945220479e-02 2.857765122320710593e-04
4.990215264187876365e-02 2.826623915385372541e-04
5.185909980430541272e-02 2.793884882651321991e-04
5.381604696673206872e-02 2.759854039490129869e-04
5.577299412915862759e-02 2.724670069694638298e-04
5.772994129158528359e-02 2.688624043173269891e-04
5.968688845401184245e-02 2.651805032960598903e-04
6.164383561643849152e-02 2.614535949461544405e-04
6.360078277886505038e-02 2.576816863357284863e-04
6.555772994129170639e-02 2.538967511874335825e-04
6.751467710371826525e-02 2.500732753800181214e-04
6.947162426614492126e-02 2.463029925781648976e-04
7.142857142857148012e-02 2.425015342041131024e-04
7.338551859099813612e-02 2.387295875297896282e-04
7.534246575342477825e-02 2.350073986256799314e-04
7.729941291585143426e-02 2.313059824449576168e-04
7.925636007827809026e-02 2.276504202388317472e-04
8.121330724070464913e-02 2.240393904683037009e-04
8.317025440313130513e-02 2.204819286898273970e-04
8.512720156555786399e-02 2.170157433539972346e-04
8.708414872798452000e-02 2.135621590470331791e-04
8.904109589041107886e-02 2.102083945709625227e-04
9.099804305283773487e-02 2.068849705411076657e-04
9.295499021526429373e-02 2.036781022759981874e-04
9.491193737769093586e-02 2.004665084395351315e-04
9.686888454011750860e-02 1.974015239056316488e-04
9.882583170254415073e-02 1.943573211808968294e-04
1.007827788649707096e-01 1.913942791040816474e-04
1.027397260273973656e-01 1.884916905352272470e-04
1.046966731898240216e-01 1.856622009562858310e-04
1.066536203522505805e-01 1.829138784428972959e-04
1.086105675146772365e-01 1.802261272488044216e-04
1.105675146771037953e-01 1.776047482307446042e-04
1.125244618395304513e-01 1.750481936000658240e-04
1.144814090019570935e-01 1.725536366576559697e-04
1.164383561643837495e-01 1.701221580839384993e-04
1.183953033268103083e-01 1.677520438181248446e-04
1.203522504892369643e-01 1.654421812838204942e-04
1.223091976516635232e-01 1.631906662270334355e-04
1.242661448140901792e-01 1.609950332133207513e-04
1.262230919765167381e-01 1.588542574425201223e-04
1.281800391389433802e-01 1.567674752930734924e-04
1.301369863013700501e-01 1.547332341773462129e-04
1.320939334637966089e-01 1.527505826224417461e-04
1.340508806262232511e-01 1.508178107427330696e-04
1.360078277886498099e-01 1.489322511824762974e-04
1.379647749510764798e-01 1.470929863461627391e-04
1.399217221135030387e-01 1.453007783335688282e-04
1.418786692759296808e-01 1.435536943606974790e-04
1.438356164383562397e-01 1.418464348290298760e-04
1.457925636007828818e-01 1.401763902830485491e-04
1.477495107632094684e-01 1.385494097120701699e-04
1.497064579256361938e-01 1.369655957335977749e-04
1.516634050880628637e-01 1.354178398821739349e-04
1.536203522504894226e-01 1.339046943421932901e-04
1.555772994129160647e-01 1.324266977879128145e-04
1.575342465753426235e-01 1.309816578056049476e-04
1.594911937377692657e-01 1.295710406568937147e-04
1.614481409001958245e-01 1.281953916328948710e-04
1.634050880626224944e-01 1.268477337689668659e-04
1.653620352250490533e-01 1.255234455468621515e-04
1.673189823874756954e-01 1.242357535067108490e-04
1.692759295499022543e-01 1.229959952900931371e-04
1.712328767123289242e-01 1.217706938297454693e-04
1.731898238747554830e-01 1.205401159953473956e-04
1.751467710371821251e-01 1.193414384617306898e-04
1.771037181996087673e-01 1.182007481296859681e-04
1.790606653620353539e-01 1.170770205739826529e-04
1.810176125244619960e-01 1.159619093513057322e-04
1.829745596868885549e-01 1.148723223656089999e-04
1.849315068493151970e-01 1.138059593762350561e-04
1.868884540117418669e-01 1.127643624419168448e-04
1.888454011741685090e-01 1.117448398185950437e-04
1.908023483365950679e-01 1.107451490155019077e-04
1.927592954990217378e-01 1.097574941145270581e-04
1.947162426614482966e-01 1.087881875150331125e-04
1.966731898238749388e-01 1.078550105457165792e-04
1.986301369863014976e-01 1.069254372379240323e-04
2.005870841487281397e-01 1.059899494494896281e-04
2.025440313111548096e-01 1.051001931878918922e-04
2.045009784735813685e-01 1.042262553909094580e-04
2.064579256360080106e-01 1.033611278525826624e-04
2.084148727984345695e-01 1.025159563550038193e-04
2.103718199608612394e-01 1.016826972415329491e-04
2.123287671232877982e-01 1.008589389749289539e-04
2.142857142857144404e-01 1.000555537678556441e-04
2.162426614481409992e-01 9.926731223430637272e-05
2.181996086105676413e-01 9.848683977163374742e-05
2.201565557729942280e-01 9.772816091510674343e-05
2.221135029354208701e-01 9.697905819439436598e-05
2.240704500978475122e-01 9.622499354417568876e-05
2.260273972602741821e-01 9.549601352071316284e-05
2.279843444227008242e-01 9.478308012253336759e-05
2.299412915851273831e-01 9.407823079712283052e-05
2.318982387475540252e-01 9.338340437636710495e-05
2.338551859099806118e-01 9.269975699282777097e-05
2.358121330724072540e-01 9.202731795952549441e-05
2.377690802348338128e-01 9.136246637681306082e-05
2.397260273972604550e-01 9.070714036205948354e-05
2.416829745596870138e-01 9.006305002458021673e-05
2.436399217221136837e-01 8.943118602597019981e-05
2.455968688845402426e-01 8.880836054126277324e-05
2.475538160469668847e-01 8.819249737423661664e-05
2.495107632093934436e-01 8.758397420874553972e-05
2.514677103718200857e-01 8.698521450155186421e-05
2.534246575342467556e-01 8.639740017866257981e-05
2.553816046966733144e-01 8.581991318898680326e-05
2.573385518590999843e-01 8.524738748484038929e-05
2.592954990215265432e-01 8.467658443494255295e-05
2.612524461839531575e-01 8.410747817388984724e-05
2.632093933463798274e-01 8.355444017366216115e-05
2.651663405088064973e-01 8.302597962583048636e-05
2.671232876712330562e-01 8.250516763475118360e-05
2.690802348336597261e-01 8.197079239453448516e-05
2.710371819960862849e-01 8.143346086163366355e-05
2.729941291585128993e-01 8.091583415269928644e-05
2.749510763209394582e-01 8.041237552354001366e-05
2.769080234833661280e-01 7.991075764870484105e-05
2.788649706457926869e-01 7.941422647260832181e-05
2.808219178082193568e-01 7.892496051657592250e-05
2.827788649706459712e-01 7.844195062007387276e-05
2.847358121330726410e-01 7.796400446192067494e-05
2.866927592954990889e-01 7.749085738008572939e-05
2.886497064579257588e-01 7.702398642662061374e-05
2.906066536203524286e-01 7.656436511856872830e-05
2.925636007827790430e-01 7.611005285296483112e-05
2.945205479452055464e-01 7.565923346102236666e-05
2.964774951076322163e-01 7.521403095723077216e-05
2.984344422700589416e-01 7.477790207308148080e-05
3.003913894324856115e-01 7.434786263264935165e-05
3.023483365949122259e-01 7.391572780396742895e-05
3.043052837573387293e-01 7.348388779698587076e-05
3.062622309197653436e-01 7.306423881815973689e-05
3.082191780821920135e-01 7.265293933177754395e-05
3.101761252446186834e-01 7.224236518647417693e-05
3.121330724070451312e-01 7.183433924780410101e-05
3.140900195694718011e-01 7.143594623942464770e-05
3.160469667318984155e-01 7.104630636369259063e-05
3.180039138943250854e-01 7.064954960593325449e-05
3.199608610567515332e-01 7.024488228857996420e-05
3.219178082191782031e-01 6.985948621237623806e-05
3.238747553816049285e-01 6.949771978453872328e-05
3.258317025440315429e-01 6.912978374792111750e-05
3.277886497064582683e-01 6.875395915358729427e-05
3.297455968688846606e-01 6.838294483461619558e-05
3.317025440313113860e-01 6.801930322060490233e-05
3.336594911937379448e-01 6.765849146979583122e-05
3.356164383561646702e-01 6.729856344753472829e-05
3.375733855185910626e-01 6.694341098467481268e-05
3.395303326810177880e-01 6.659743067112392553e-05
3.414872798434443468e-01 6.625658511108459411e-05
3.434442270058711277e-01 6.591289171515756688e-05
3.454011741682974646e-01 6.556674717831578920e-05
3.473581213307242455e-01 6.522939011560976031e-05
3.493150684931508043e-01 6.489944572371664645e-05
3.512720156555775297e-01 6.457096412024747767e-05
3.532289628180040886e-01 6.424507263107532705e-05
3.551859099804306474e-01 6.392261124396375789e-05
3.571428571428574283e-01 6.360327260423704286e-05
3.590998043052839872e-01 6.328694005770055004e-05
3.610567514677107126e-01 6.297353769101493050e-05
3.630136986301371049e-01 6.266297938635583258e-05
3.649706457925638303e-01 6.235518495908741541e-05
3.669275929549903892e-01 6.205030011023104951e-05
3.688845401174171146e-01 6.174843564693597122e-05
3.708414872798435069e-01 6.144946400643336087e-05
3.727984344422702323e-01 6.115337742885954399e-05
3.747553816046967912e-01 6.085998796756413764e-05
3.767123287671235721e-01 6.056879993734084805e-05
3.786692759295501309e-01 6.027999426732799166e-05
3.806262230919766898e-01 5.999347698658943342e-05
3.825831702544032487e-01 5.970925452674440793e-05
3.845401174168299741e-01 5.942925803214615612e-05
3.864970645792565329e-01 5.915264120479367334e-05
3.884540117416830918e-01 5.887956857700067019e-05
3.904109589041098727e-01 5.861020468099375520e-05
3.923679060665364315e-01 5.833788400732291713e-05
3.943248532289631569e-01 5.806307924388614806e-05
3.962818003913895493e-01 5.778600403724489551e-05
3.982387475538162747e-01 5.750575535644054893e-05
4.001956947162428335e-01 5.724430716259797184e-05
4.021526418786695589e-01 5.701000653200949614e-05
4.041095890410961178e-01 5.677780474104578948e-05
4.060665362035226766e-01 5.652214781562241841e-05
4.080234833659492910e-01 5.625765913675673171e-05
4.099804305283760164e-01 5.600191072026963925e-05
4.119373776908025753e-01 5.574820101144747279e-05
4.138943248532291341e-01 5.550044187315155401e-05
4.158512720156556930e-01 5.525692826425233060e-05
4.178082191780824184e-01 5.501602165150428240e-05
4.197651663405089772e-01 5.477791939503890215e-05
4.217221135029355361e-01 5.454024939746367553e-05
4.236790606653620950e-01 5.430390753341060892e-05
4.256360078277888759e-01 5.406889380287970232e-05
4.275929549902154347e-01 5.383545319793604951e-05
4.295499021526421601e-01 5.360446465817593313e-05
4.315068493150687190e-01 5.337530825399560140e-05
4.334637964774952779e-01 5.314798398538261311e-05
4.354207436399220033e-01 5.292253578794197999e-05
4.373776908023486176e-01 5.269896859844867631e-05
4.393346379647751765e-01 5.247726505589204239e-05
4.412915851272017354e-01 5.225733280021153357e-05
4.432485322896284607e-01 5.203797315971014079e-05
4.452054794520550196e-01 5.181989414528987949e-05
4.471624266144815785e-01 5.160309575691341923e-05
4.491193737769081373e-01 5.138865435195710986e-05
4.510763209393348627e-01 5.117728625021077175e-05
4.530332681017614216e-01 5.096822329073281792e-05
4.549902152641882025e-01 5.076146547349837270e-05
4.569471624266145393e-01 5.055517655718578867e-05
4.589041095890413202e-01 5.034966859483719749e-05
4.608610567514678791e-01 5.014469858872017610e-05
4.628180039138946045e-01 4.994087149614252411e-05
4.647749510763211633e-01 4.973996461646835267e-05
4.667318982387477222e-01 4.954114263887353722e-05
4.686888454011745031e-01 4.934459267359995614e-05
4.706457925636010620e-01 4.914864757859514934e-05
4.726027397260276208e-01 4.895327229984512436e-05
4.745596868884541797e-01 4.875857013491472576e-05
4.765166340508809051e-01 4.856474981427074295e-05
4.784735812133074639e-01 4.837364218690781687e-05
4.804305283757341893e-01 4.818450456108907480e-05
4.823874755381605817e-01 4.799752667588440432e-05
4.843444227005873071e-01 4.781177687290101791e-05
4.863013698630138659e-01 4.762684474261221271e-05
4.882583170254406468e-01 4.744300489075240092e-05
4.902152641878670392e-01 4.726018240084366764e-05
4.921722113502937646e-01 4.707906349676419666e-05
4.941291585127203234e-01 4.689931198372765636e-05
4.960861056751470488e-01 4.672094313013694887e-05
4.980430528375734411e-01 4.654352770465460285e-05
5.000000000000002220e-01 4.636655496715663742e-05
