5.000000000000000000e-01 1.000000000000000000e+00 0.000000000000000000e+00
4.921259842519684624e-01 9.999999952424198923e-01 4.757580092433536217e-09
4.842519685039370358e-01 9.999999935256715933e-01 6.474328811110363610e-09
4.763779527559054983e-01 9.999999907794649978e-01 9.220535502152856141e-09
4.685039370078740162e-01 9.999999879817962345e-01 1.201820446757575033e-08
4.606299212598425896e-01 9.999999809037551923e-01 1.909624541934519345e-08
4.527559055118110520e-01 9.999999733711614214e-01 2.662883914842578655e-08
4.448818897637795144e-01 9.999999658385674284e-01 3.416143287750635650e-08
4.370078740157479769e-01 9.999999583059737684e-01 4.169402660658693305e-08
4.291338582677165503e-01 9.999999086595641185e-01 9.134043620584568479e-08
4.212598425196850127e-01 9.999998490059112122e-01 1.509940891801962942e-07
4.133858267716535306e-01 9.999997893522583059e-01 2.106477421545470492e-07
4.055118110236220486e-01 9.999997296986051776e-01 2.703013951288977249e-07
3.976377952755905665e-01 9.999996700449522713e-01 3.299550481032483475e-07
3.897637795275590289e-01 9.999996103912992540e-01 3.896087010775990231e-07
3.818897637795275468e-01 9.999995507376464587e-01 4.492623540519496987e-07
3.740157480314960647e-01 9.999994910839935525e-01 5.089160070263004273e-07
3.661417322834645827e-01 9.999992673489910278e-01 7.326510093661107678e-07
3.582677165354330451e-01 9.999989413295111707e-01 1.058670489232439304e-06
3.503937007874016185e-01 9.999986153100313135e-01 1.384689969098767205e-06
3.425196850393700809e-01 9.999982892905514564e-01 1.710709448965096165e-06
3.346456692913385433e-01 9.999976320684259568e-01 2.367931574131707900e-06
3.267716535433070613e-01 9.999966691207822223e-01 3.330879218037039428e-06
3.188976377952755792e-01 9.999957061731381547e-01 4.293826861942372651e-06
3.110236220472440971e-01 9.999943790097286511e-01 5.620990271449978650e-06
3.031496062992126150e-01 9.999924521841313529e-01 7.547815869021922737e-06
2.952755905511811330e-01 9.999905253585338327e-01 9.474641466593873600e-06
2.874015748031495954e-01 9.999881235219878484e-01 1.187647801270228432e-05
2.795275590551181133e-01 9.999841816331660471e-01 1.581836683461939263e-05
2.716535433070865757e-01 9.999802397443442459e-01 1.976025565653649586e-05
2.637795275590550936e-01 9.999744613616976530e-01 2.553863830300983519e-05
2.559055118110236116e-01 9.999530022071296820e-01 4.699779287069949909e-05
2.480314960629921295e-01 9.999362408930618784e-01 6.375910693831178641e-05
2.401574803149606474e-01 9.999131288826504926e-01 8.687111735001028592e-05
2.322834645669291098e-01 9.998831305332898101e-01 1.168694667102930474e-04
2.244094488188976277e-01 9.998412630839946802e-01 1.587369160056712500e-04
2.165354330708661179e-01 9.997841952356671946e-01 2.158047643333745828e-04
2.086614173228346358e-01 9.997098324161823868e-01 2.901675838175476118e-04
2.007874015748031538e-01 9.996037924690488463e-01 3.962075309519017853e-04
1.929133858267716439e-01 9.994652678887694375e-01 5.347321112310124674e-04
1.850393700787401619e-01 9.992780958213327569e-01 7.219041786674469316e-04
1.771653543307086243e-01 9.990273253854642377e-01 9.726746145361173925e-04
1.692913385826771699e-01 9.986947231341861686e-01 1.305276865813291033e-03
1.614173228346456879e-01 9.982542021629454698e-01 1.745797837054924610e-03
1.535433070866141503e-01 9.976754403547730687e-01 2.324559645227092155e-03
1.456692913385826682e-01 9.969257322211684258e-01 3.074267778832223859e-03
1.377952755905511584e-01 9.959570314245750344e-01 4.042968575425231852e-03
1.299212598425196763e-01 9.947279743392664075e-01 5.272025660733597671e-03
1.220472440944881526e-01 9.931883156504832666e-01 6.811684349516887796e-03
1.141732283464566844e-01 9.912876260179785959e-01 8.712373982021414526e-03
1.062992125984252023e-01 9.889752729364347239e-01 1.102472706356497426e-02
9.842519685039367860e-02 9.862063472339075432e-01 1.379365276609287663e-02
9.055118110236219653e-02 9.829381096648158733e-01 1.706189033518433484e-02
8.267716535433072833e-02 9.791356121038490290e-01 2.086438789615128672e-02
7.480314960629920462e-02 9.747696893011943420e-01 2.523031069880607435e-02
6.692913385826776418e-02 9.698169545887946885e-01 3.018304541120599843e-02
5.905511811023624047e-02 9.642613368650079231e-01 3.573866313499278469e-02
5.118110236220471676e-02 9.580915595608561208e-01 4.190844043914519756e-02
4.330708661417319305e-02 9.513009233798805919e-01 4.869907662012026850e-02
3.543307086614176649e-02 9.438869026574179255e-01 5.611309734258310145e-02
2.755905511811023931e-02 9.358502693595012190e-01 6.414973064049928064e-02
1.968503937007871560e-02 9.271947791927575011e-01 7.280522080724254053e-02
1.181102362204719362e-02 9.179254811504882205e-01 8.207451884951287580e-02
3.937007874015761855e-03 9.080505807958958453e-01 9.194941920410569514e-02
-3.937007874015761855e-03 8.975773171236687276e-01 1.024226828763330488e-01
-1.181102362204728556e-02 8.865159675256224503e-01 1.134840324743793538e-01
-1.968503937007871560e-02 8.748762473349199764e-01 1.251237526650827436e-01
-2.755905511811023931e-02 8.626685277112001726e-01 1.373314722888027140e-01
-3.543307086614176649e-02 8.499042451328284731e-01 1.500957548671743025e-01
-4.330708661417329020e-02 8.365943724433388962e-01 1.634056275566639904e-01
-5.118110236220471676e-02 8.227502649695727088e-01 1.772497350304312325e-01
-5.905511811023624047e-02 8.083833289014147327e-01 1.916166710985889310e-01
-6.692913385826776418e-02 7.935049320565719100e-01 2.064950679434323644e-01
-7.480314960629920462e-02 7.781264335191711012e-01 2.218735664808351438e-01
-8.267716535433072833e-02 7.622592054231812631e-01 2.377407945768240660e-01
-9.055118110236223816e-02 7.459149856564744052e-01 2.540850143435299802e-01
-9.842519685039367860e-02 7.291050638745630863e-01 2.708949361254423538e-01
-1.062992125984252023e-01 7.118408944159105856e-01 2.881591055840971860e-01
-1.141732283464567260e-01 6.941340508132657350e-01 3.058659491867433688e-01
-1.220472440944882497e-01 6.759960648979412845e-01 3.240039351020666536e-01
-1.299212598425196763e-01 6.574383925664757378e-01 3.425616074335310346e-01
-1.377952755905512139e-01 6.384727452604525011e-01 3.615272547395570468e-01
-1.456692913385827237e-01 6.191111640829611851e-01 3.808888359170476967e-01
-1.535433070866141503e-01 5.993656803197542349e-01 4.006343196802533146e-01
-1.614173228346456879e-01 5.792485535486621151e-01 4.207514464513543717e-01
-1.692913385826771977e-01 5.587728324500615962e-01 4.412271675499572776e-01
-1.771653543307086243e-01 5.379514429076992510e-01 4.620485570923224539e-01
-1.850393700787401619e-01 5.167983763485786142e-01 4.832016236514445895e-01
-1.929133858267716717e-01 4.953279411166325863e-01 5.046720588833948362e-01
-2.007874015748032093e-01 4.735552543681966764e-01 5.264447456318358531e-01
-2.086614173228346358e-01 4.514966518505844073e-01 5.485033481494434593e-01
-2.165354330708661734e-01 4.291693125588199598e-01 5.708306874412074627e-01
-2.244094488188976833e-01 4.065922753164971648e-01 5.934077246835226527e-01
-2.322834645669291098e-01 3.837860801202377936e-01 6.162139198797857986e-01
-2.401574803149606474e-01 3.607732615094607631e-01 6.392267384905665484e-01
-2.480314960629921572e-01 3.375791033085011605e-01 6.624208966915265950e-01
-2.559055118110236671e-01 3.142322409314766141e-01 6.857677590685475888e-01
-2.637795275590550936e-01 2.907651460363104290e-01 7.092348539637171045e-01
-2.716535433070866312e-01 2.672147041872138806e-01 7.327852958128113769e-01
-2.795275590551181688e-01 2.436254162180505056e-01 7.563745837819677575e-01
-2.874015748031495954e-01 2.200505439868003510e-01 7.799494560132165244e-01
-2.952755905511811330e-01 1.965540258517696481e-01 8.034459741482438133e-01
-3.031496062992126705e-01 1.732151327154624332e-01 8.267848672845579117e-01
-3.110236220472440971e-01 1.501341678741278107e-01 8.498658321259053849e-01
-3.188976377952755792e-01 1.274406955038704936e-01 8.725593044961643674e-01
-3.267716535433070058e-01 1.053084249965422770e-01 8.946915750034855064e-01
-3.346456692913385433e-01 8.397633256613247499e-02 9.160236674338866347e-01
-3.425196850393700809e-01 6.378364614955972511e-02 9.362163538504471028e-01
-3.503937007874016185e-01 4.523044778806576544e-02 9.547695522119528100e-01
-3.582677165354331006e-01 2.906119665257101553e-02 9.709388033474570801e-01
-3.661417322834644716e-01 1.630884008174099398e-02 9.836911599182973642e-01
-3.740157480314960092e-01 7.938968674297081085e-03 9.920610313257409718e-01
-3.818897637795274913e-01 3.670844974861170451e-03 9.963291550251923701e-01
-3.897637795275590289e-01 1.803179227024894783e-03 9.981968207730234077e-01
-3.976377952755905665e-01 9.616076658600742830e-04 9.990383923341938921e-01
-4.055118110236221041e-01 5.475844437049064151e-04 9.994524155563573320e-01
-4.133858267716535861e-01 3.278480571588596182e-04 9.996721519429040415e-01
-4.212598425196849572e-01 2.047740197706903083e-04 9.997952259802967978e-01
-4.291338582677164948e-01 1.310675877113360970e-04 9.998689324123510858e-01
-4.370078740157479769e-01 8.648023863131295078e-05 9.999135197614327231e-01
-4.448818897637795144e-01 5.866586970033850143e-05 9.999413341303680092e-01
-4.527559055118110520e-01 4.063024413727142972e-05 9.999593697559310268e-01
-4.606299212598425896e-01 2.896196956354152308e-05 9.999710380305034674e-01
-4.685039370078739052e-01 1.975363009243738532e-05 9.999802463699808408e-01
-4.763779527559056093e-01 1.489938150778247206e-05 9.999851006185755953e-01
-4.842519685039369803e-01 1.086270621840574116e-05 9.999891372938572998e-01
-4.921259842519684624e-01 8.149465763198238816e-06 9.999918505343116104e-01
-5.000000000000000000e-01 6.267958877475589274e-06 9.999937320412003450e-01
-5.000000000000000000e-01 6.267958877475589274e-06 9.999937320412003450e-01
-4.921259842519684624e-01 7.122017025924104461e-06 9.999928779830524750e-01
-4.842519685039370358e-01 8.146595544304083975e-06 9.999918534045373342e-01
-4.763779527559054983e-01 9.380710191698657385e-06 9.999906192898910806e-01
-4.685039370078740162e-01 1.087494694403936743e-05 9.999891250531418585e-01
-4.606299212598425896e-01 1.268930121751032578e-05 9.999873106988769189e-01
-4.527559055118110520e-01 1.490739447761266906e-05 9.999850926056155220e-01
-4.448818897637795144e-01 1.762663536147412308e-05 9.999823733647222879e-01
-4.370078740157479769e-01 2.097054653762454868e-05 9.999790294535568780e-01
-4.291338582677165503e-01 2.510424054769175989e-05 9.999748957595736565e-01
-4.212598425196850127e-01 3.024614715954306379e-05 9.999697538529712659e-01
-4.133858267716535306e-01 3.667745659886607196e-05 9.999633225435100581e-01
-4.055118110236220486e-01 4.478636109137446725e-05 9.999552136389948664e-01
-3.976377952755905665e-01 5.502951313942705883e-05 9.999449704869608491e-01
-3.897637795275590289e-01 6.797963894782880351e-05 9.999320203611546942e-01
-3.818897637795275468e-01 8.429960008060535109e-05 9.999157004000198690e-01
-3.740157480314960647e-01 1.048637933699987819e-04 9.998951362067334259e-01
-3.661417322834645827e-01 1.306393439469925172e-04 9.998693606561566138e-01
-3.582677165354330451e-01 1.631374759626085663e-04 9.998368625241443874e-01
-3.503937007874016185e-01 2.039137569015392858e-04 9.997960862432122564e-01
-3.425196850393700809e-01 2.556959100887888463e-04 9.997443040900347855e-01
-3.346456692913385433e-01 3.212168581256092358e-04 9.996787831420117509e-01
-3.267716535433070613e-01 4.053096460577445929e-04 9.995946903540871009e-01
-3.188976377952755792e-01 5.128232367594938793e-04 9.994871767633821680e-01
-3.110236220472440971e-01 6.518933994556718424e-04 9.993481066006904001e-01
-3.031496062992126150e-01 9.003837525614287983e-04 9.990996162475902498e-01
-2.952755905511811330e-01 1.159864818550077580e-03 9.988401351816010854e-01
-2.874015748031495954e-01 1.488198174205929234e-03 9.985118018259531159e-01
-2.795275590551181133e-01 1.907288240704521458e-03 9.980927117594758924e-01
-2.716535433070865757e-01 2.439974999171353430e-03 9.975600250010022707e-01
-2.637795275590550936e-01 3.112590952618151611e-03 9.968874090475591254e-01
-2.559055118110236116e-01 3.955804557585665404e-03 9.960441954426025868e-01
-2.480314960629921295e-01 5.004421107706501053e-03 9.949955788924820244e-01
-2.401574803149606474e-01 6.296138413954112910e-03 9.937038615862254787e-01
-2.322834645669291098e-01 7.870574168269757476e-03 9.921294258318908987e-01
-2.244094488188976277e-01 9.766993382383553496e-03 9.902330066177781331e-01
-2.165354330708661179e-01 1.202350079629843985e-02 9.879764992038788662e-01
-2.086614173228346358e-01 1.467782411058971004e-02 9.853221758895782667e-01
-2.007874015748031538e-01 1.776353743189864470e-02 9.822364625682857842e-01
-1.929133858267716439e-01 2.131036839445071829e-02 9.786896316057411838e-01
-1.850393700787401619e-01 2.534493499285747978e-02 9.746550650073348976e-01
-1.771653543307086243e-01 2.988547813412413198e-02 9.701145218660618408e-01
-1.692913385826771699e-01 3.495022626736128679e-02 9.650497737328149750e-01
-1.614173228346456879e-01 4.055275624486564395e-02 9.594472437553164257e-01
-1.535433070866141503e-01 4.669851858603156491e-02 9.533014814141602677e-01
-1.456692913385826682e-01 5.339462518857041040e-02 9.466053748116318722e-01
-1.377952755905511584e-01 6.064426119574699292e-02 9.393557388044405654e-01
-1.299212598425196763e-01 6.844702629847891628e-02 9.315529737017151923e-01
-1.220472440944881526e-01 7.680102112213776921e-02 9.231989788780607942e-01
-1.141732283464566844e-01 8.570307600585655439e-02 9.142969239943518067e-01
-1.062992125984252023e-01 9.514844216432602475e-02 9.048515578359028755e-01
-9.842519685039367860e-02 1.051315047715602191e-01 8.948684952286740657e-01
-9.055118110236219653e-02 1.156458913473459305e-01 8.843541086528939887e-01
-8.267716535433072833e-02 1.266845509142963677e-01 8.733154490859534880e-01
-7.480314960629920462e-02 1.382396957302560181e-01 8.617603042699915061e-01
-6.692913385826776418e-02 1.503028469162347447e-01 8.496971530839996234e-01
-5.905511811023624047e-02 1.628660328218837494e-01 8.371339671783480929e-01
-5.118110236220471676e-02 1.759206374405586082e-01 8.240793625596687377e-01
-4.330708661417319305e-02 1.894575201940605080e-01 8.105424798061648950e-01
-3.543307086614176649e-02 2.034681275619924512e-01 7.965318724382388638e-01
-2.755905511811023931e-02 2.179432263154633675e-01 7.820567736847652274e-01
-1.968503937007871560e-02 2.328738126804226483e-01 7.671261873198164105e-01
-1.181102362204719362e-02 2.482506858969914521e-01 7.517493141032423054e-01
-3.937007874015761855e-03 2.640646572801019221e-01 7.359353427201362763e-01
3.937007874015761855e-03 2.803064316022588764e-01 7.196935683979917009e-01
1.181102362204728556e-02 2.969666243540474149e-01 7.030333756462163741e-01
1.968503937007871560e-02 3.140357622856495556e-01 6.859642377146166758e-01
2.755905511811023931e-02 3.315042242240400783e-01 6.684957757762268749e-01
3.543307086614176649e-02 3.493622895331431333e-01 6.506377104671231537e-01
4.330708661417329020e-02 3.675999810115665456e-01 6.324000189886960221e-01
5.118110236220471676e-02 3.862072278335630382e-01 6.137927721666982528e-01
5.905511811023624047e-02 4.051735444857187396e-01 5.948264555145421628e-01
6.692913385826776418e-02 4.244883579025862108e-01 5.755116420976766900e-01
7.480314960629920462e-02 4.441405261981721253e-01 5.558594738020881110e-01
8.267716535433072833e-02 4.641187618794317959e-01 5.358812381208182263e-01
9.055118110236223816e-02 4.844107821827516869e-01 5.155892178174921181e-01
9.842519685039367860e-02 5.050042210305395463e-01 4.949957789697049249e-01
1.062992125984252023e-01 5.258855356581587648e-01 4.741144643420904803e-01
1.141732283464567260e-01 5.470406299516985538e-01 4.529593700485581298e-01
1.220472440944882497e-01 5.684540840425278407e-01 4.315459159577356152e-01
1.299212598425196763e-01 5.901093827603127728e-01 4.098906172399536252e-01
1.377952755905512139e-01 6.119884263069239605e-01 3.880115736933479331e-01
1.456692913385827237e-01 6.340713058305534888e-01 3.659286941697247331e-01
1.535433070866141503e-01 6.563359317344173993e-01 3.436640682658618218e-01
1.614173228346456879e-01 6.787574307813895036e-01 3.212425692188876081e-01
1.692913385826771977e-01 7.013079400805564134e-01 2.986920599197145920e-01
1.771653543307086243e-01 7.239546978336426353e-01 2.760453021666245954e-01
1.850393700787401619e-01 7.466604633842532923e-01 2.533395366160174911e-01
1.929133858267716717e-01 7.693805159635016544e-01 2.306194840367714050e-01
2.007874015748032093e-01 7.920618558922333241e-01 2.079381441080409565e-01
2.086614173228346358e-01 8.146398355831001581e-01 1.853601644171760099e-01
2.165354330708661734e-01 8.370335459991167237e-01 1.629664540011596108e-01
2.244094488188976833e-01 8.591413232201942085e-01 1.408586767800812933e-01
2.322834645669291098e-01 8.808307230957375111e-01 1.191692769045379907e-01
2.401574803149606474e-01 9.019245750226254632e-01 9.807542497765128764e-02
2.480314960629921572e-01 9.221790805357497067e-01 7.782091946452902864e-02
2.559055118110236671e-01 9.412496297832719794e-01 5.875037021700765805e-02
2.637795275590550936e-01 9.586361964996423790e-01 4.136380350063589839e-02
2.716535433070866312e-01 9.736093325696462131e-01 2.639066743063044063e-02
2.795275590551181688e-01 9.852127731652748910e-01 1.478722683500081382e-02
2.874015748031495954e-01 9.926890647347140773e-01 7.310935265560782742e-03
2.952755905511811330e-01 9.965117963907633714e-01 3.488203609511126950e-03
3.031496062992126705e-01 9.982388084535638306e-01 1.761191546709615138e-03
3.110236220472440971e-01 9.990446562356831706e-01 9.553437645895201599e-04
3.188976377952755792e-01 9.994515042091632884e-01 5.484957911086017768e-04
3.267716535433070058e-01 9.996710888406372675e-01 3.289111596339315980e-04
3.346456692913385433e-01 9.997960852751515137e-01 2.039147251191592968e-04
3.425196850393700809e-01 9.998700854281377115e-01 1.299145721326553423e-04
3.503937007874016185e-01 9.999160401820650357e-01 8.395981820465375604e-05
3.582677165354331006e-01 9.999437266937628577e-01 5.627330650574886330e-05
3.661417322834644716e-01 9.999620415956322894e-01 3.795840463646543879e-05
3.740157480314960092e-01 9.999738079783668798e-01 2.619202190100636783e-05
3.818897637795274913e-01 9.999820284462495046e-01 1.797155401743770128e-05
3.897637795275590289e-01 9.999871597799554479e-01 1.284022031079095141e-05
3.976377952755905665e-01 9.999908209207917231e-01 9.179079474199791991e-06
4.055118110236221041e-01 9.999930485142811687e-01 6.951485983810535077e-06
4.133858267716535861e-01 9.999950617514736795e-01 4.938248790253493836e-06
4.212598425196849572e-01 9.999963487197056633e-01 3.651280556463826210e-06
4.291338582677164948e-01 9.999975794552224961e-01 2.420545038945990171e-06
4.370078740157479769e-01 9.999974428806340798e-01 2.557119627504119905e-06
4.448818897637795144e-01 9.999981413196747937e-01 1.858680585905105390e-06
4.527559055118110520e-01 9.999989476917108266e-01 1.052308549451697745e-06
4.606299212598425896e-01 9.999990731244796649e-01 9.268757794824063201e-07
4.685039370078739052e-01 9.999992445843901567e-01 7.554158675741710904e-07
4.763779527559056093e-01 9.999994090590997864e-01 5.909411572779452171e-07
4.842519685039369803e-01 9.999995147296150133e-01 4.852706412033971212e-07
4.921259842519684624e-01 9.999996128665751272e-01 3.871336804542064441e-07
5.000000000000000000e-01 9.999996928470074042e-01 3.071532476063999068e-07
