simulated data
number of E (V), I (A) couples: 400
0.495	6.2438835E-014
0.49	6.8467938E-014
0.485	7.5308099E-014
0.48	8.2967811E-014
0.475	9.146598E-014
0.47	1.0086262E-013
0.465	1.11244E-013
0.46	1.2270885E-013
0.455	1.353649E-013
0.45	1.4933044E-013
0.445	1.6473649E-013
0.44	1.8172828E-013
0.435	2.0046652E-013
0.43	2.2112858E-013
0.425	2.4391011E-013
0.42	2.6902691E-013
0.415	2.9671702E-013
0.41	3.2724292E-013
0.405	3.6089403E-013
0.4	3.979894E-013
0.395	4.388808E-013
0.39	4.83956E-013
0.385	5.336425E-013
0.38	5.884115E-013
0.375	6.4878244E-013
0.37	7.1532791E-013
0.365	7.8867905E-013
0.36	8.6953155E-013
0.355	9.5865228E-013
0.35	1.0568865E-012
0.345	1.165166E-012
0.34	1.2845177E-012
0.335	1.4160736E-012
0.33	1.5610816E-012
0.325	1.720917E-012
0.32	1.8970958E-012
0.315	2.0912891E-012
0.31	2.3053387E-012
0.305	2.5412748E-012
0.3	2.8013353E-012
0.295	3.0879869E-012
0.29	3.4039482E-012
0.285	3.7522163E-012
0.28	4.1360943E-012
0.275	4.5592233E-012
0.27	5.0256166E-012
0.265	5.5396978E-012
0.26	6.106343E-012
0.255	6.7309267E-012
0.25	7.419373E-012
0.245	8.1782116E-012
0.24	9.0146401E-012
0.235	9.9365918E-012
0.23	1.0952811E-011
0.225	1.2072937E-011
0.22	1.3307594E-011
0.215	1.4668492E-011
0.21	1.6168539E-011
0.205	1.7821964E-011
0.2	1.9644447E-011
0.195	2.1653276E-011
0.19	2.3867503E-011
0.185	2.6308131E-011
0.18	2.8998309E-011
0.175	3.1963551E-011
0.17	3.5231984E-011
0.165	3.8834608E-011
0.16	4.2805592E-011
0.155	4.7182602E-011
0.15	5.2007152E-011
0.145	5.7325003E-011
0.14	6.3186593E-011
0.135	6.964752E-011
0.13	7.6769062E-011
0.125	8.4618769E-011
0.12	9.3271091E-011
0.115	1.028081E-010
0.11	1.1332024E-010
0.105	1.2490723E-010
0.1	1.3767897E-010
0.095	1.5175659E-010
0.09	1.6727361E-010
0.085	1.8437723E-010
0.08	2.0322965E-010
0.075	2.2400969E-010
0.07	2.4691444E-010
0.065	2.7216116E-010
0.06	2.999893E-010
0.055	3.3066282E-010
0.05	3.6447263E-010
0.045	4.0173942E-010
0.04	4.4281666E-010
0.035	4.8809395E-010
0.03	5.3800075E-010
0.025	5.9301041E-010
0.02	6.5364468E-010
0.015	7.2047866E-010
0.01	7.9414626E-010
0.005	8.7534619E-010
-3.76435E-016	9.6484863E-010
-0.005	1.0635025E-009
-0.01	1.1722434E-009
-0.015	1.2921028E-009
-0.02	1.4242176E-009
-0.025	1.5698407E-009
-0.03	1.7303533E-009
-0.035	1.907278E-009
-0.04	2.1022926E-009
-0.045	2.3172469E-009
-0.05	2.5541796E-009
-0.055	2.8153379E-009
-0.06	3.1031987E-009
-0.065	3.4204923E-009
-0.07	3.770228E-009
-0.075	4.1557228E-009
-0.08	4.5806329E-009
-0.085	5.0489881E-009
-0.09	5.5652306E-009
-0.095	6.1342564E-009
-0.1	6.7614623E-009
-0.105	7.4527965E-009
-0.11	8.2148157E-009
-0.115	9.0547466E-009
-0.12	9.980555E-009
-0.125	1.1001021E-008
-0.13	1.2125822E-008
-0.135	1.3365624E-008
-0.14	1.4732186E-008
-0.145	1.6238465E-008
-0.15	1.7898746E-008
-0.155	1.9728773E-008
-0.16	2.1745898E-008
-0.165	2.3969248E-008
-0.17	2.6419904E-008
-0.175	2.9121102E-008
-0.18	3.2098453E-008
-0.185	3.5380184E-008
-0.19	3.8997406E-008
-0.195	4.2984411E-008
-0.2	4.7378993E-008
-0.205	5.2222807E-008
-0.21	5.7561764E-008
-0.215	6.3446463E-008
-0.22	6.9932672E-008
-0.225	7.7081855E-008
-0.23	8.4961748E-008
-0.235	9.3647008E-008
-0.24	1.0321991E-007
-0.245	1.1377112E-007
-0.25	1.2540056E-007
-0.255	1.3821836E-007
-0.26	1.5234585E-007
-0.265	1.6791677E-007
-0.27	1.8507846E-007
-0.275	2.0399329E-007
-0.28	2.2484018E-007
-0.285	2.4781626E-007
-0.29	2.7313872E-007
-0.295	3.0104686E-007
-0.3	3.318043E-007
-0.305	3.6570147E-007
-0.31	4.0305831E-007
-0.315	4.4422719E-007
-0.32	4.8959627E-007
-0.325	5.3959303E-007
-0.33	5.9468822E-007
-0.335	6.5540022E-007
-0.34	7.2229979E-007
-0.345	7.9601528E-007
-0.35	8.7723836E-007
-0.355	9.6673031E-007
-0.36	1.0653289E-006
-0.365	1.1739558E-006
-0.37	1.2936251E-006
-0.375	1.425452E-006
-0.38	1.5706628E-006
-0.385	1.7306057E-006
-0.39	1.9067621E-006
-0.395	2.1007601E-006
-0.4	2.3143874E-006
-0.405	2.549607E-006
-0.41	2.8085731E-006
-0.415	3.0936488E-006
-0.42	3.4074252E-006
-0.425	3.7527413E-006
-0.43	4.1327065E-006
-0.435	4.5507235E-006
-0.44	5.0105134E-006
-0.445	5.5161419E-006
-0.45	6.0720472E-006
-0.455	6.6830692E-006
-0.46	7.3544796E-006
-0.465	8.092013E-006
-0.47	8.9018987E-006
-0.475	9.7908927E-006
-0.48	1.0766309E-005
-0.485	1.1836049E-005
-0.49	1.3008633E-005
-0.495	1.4293218E-005
-0.5	1.5699627E-005
-0.495	1.4211266E-005
-0.49	1.287889E-005
-0.485	1.1679174E-005
-0.48	1.0594723E-005
-0.475	9.6129248E-006
-0.47	8.7235594E-006
-0.465	7.9175835E-006
-0.46	7.1868413E-006
-0.455	6.5240333E-006
-0.45	5.9226568E-006
-0.445	5.3769033E-006
-0.44	4.8815542E-006
-0.435	4.4319018E-006
-0.43	4.0236922E-006
-0.425	3.6530799E-006
-0.42	3.3165861E-006
-0.415	3.0110602E-006
-0.41	2.7336464E-006
-0.405	2.4817553E-006
-0.4	2.2530383E-006
-0.395	2.045364E-006
-0.39	1.8567983E-006
-0.385	1.6855851E-006
-0.38	1.53013E-006
-0.375	1.3889852E-006
-0.37	1.260836E-006
-0.365	1.1444883E-006
-0.36	1.0388576E-006
-0.355	9.4295889E-007
-0.35	8.5589749E-007
-0.345	7.7686084E-007
-0.34	7.0511088E-007
-0.335	6.3997726E-007
-0.33	5.8085116E-007
-0.325	5.2717963E-007
-0.32	4.7846047E-007
-0.315	4.342376E-007
-0.31	3.9409686E-007
-0.305	3.576621E-007
-0.3	3.2459177E-007
-0.295	2.9457573E-007
-0.29	2.6733234E-007
-0.285	2.4260589E-007
-0.28	2.2016418E-007
-0.275	1.9979641E-007
-0.27	1.8131119E-007
-0.265	1.6453472E-007
-0.26	1.4930927E-007
-0.255	1.354916E-007
-0.25	1.229517E-007
-0.245	1.1157153E-007
-0.24	1.0124396E-007
-0.235	9.187171E-008
-0.23	8.3366505E-008
-0.225	7.5648203E-008
-0.22	6.8644063E-008
-0.215	6.2288057E-008
-0.21	5.6520258E-008
-0.205	5.128627E-008
-0.2	4.6536723E-008
-0.195	4.2226811E-008
-0.19	3.8315863E-008
-0.185	3.4766971E-008
-0.18	3.1546636E-008
-0.175	2.8624456E-008
-0.17	2.5972841E-008
-0.165	2.3566749E-008
-0.16	2.1383457E-008
-0.155	1.9402343E-008
-0.15	1.7604689E-008
-0.145	1.5973512E-008
-0.14	1.44934E-008
-0.135	1.3150363E-008
-0.13	1.1931711E-008
-0.125	1.0825923E-008
-0.12	9.8225464E-009
-0.115	8.9120963E-009
-0.11	8.0859644E-009
-0.105	7.3363395E-009
-0.1	6.6561331E-009
-0.095	6.0389127E-009
-0.09	5.478841E-009
-0.085	4.9706209E-009
-0.08	4.5094453E-009
-0.075	4.0909521E-009
-0.07	3.7111824E-009
-0.065	3.3665436E-009
-0.06	3.0537753E-009
-0.055	2.7699185E-009
-0.05	2.5122876E-009
-0.045	2.2784451E-009
-0.04	2.0661785E-009
-0.035	1.8734795E-009
-0.03	1.6985248E-009
-0.025	1.5396591E-009
-0.02	1.3953794E-009
-0.015	1.2643206E-009
-0.01	1.145243E-009
-0.005	1.0370201E-009
-2.89699E-016	9.3862826E-010
0.005	8.4913696E-010
0.01	7.6769999E-010
0.015	6.9354747E-010
0.02	6.2597854E-010
0.025	5.6435477E-010
0.03	5.0809411E-010
0.035	4.5666541E-010
0.04	4.095834E-010
0.045	3.6640409E-010
0.05	3.2672063E-010
0.055	2.9015943E-010
0.06	2.5637664E-010
0.065	2.2505494E-010
0.07	1.9590056E-010
0.075	1.6864048E-010
0.08	1.4301991E-010
0.085	1.1879988E-010
0.09	9.5754994E-011
0.095	7.3671375E-011
0.1	5.234462E-011
0.105	3.1577928E-011
0.11	1.1180266E-011
0.115	-9.0353923E-012
0.12	-2.9253793E-011
0.125	-4.9659101E-011
0.13	-7.0436589E-011
0.135	-9.1774328E-011
0.14	-1.138649E-010
0.145	-1.3690717E-010
0.15	-1.6110806E-010
0.155	-1.8668442E-010
0.16	-2.1386504E-010
0.165	-2.4289263E-010
0.17	-2.7402609E-010
0.175	-3.0754276E-010
0.18	-3.4374098E-010
0.185	-3.8294271E-010
0.19	-4.2549644E-010
0.195	-4.7178031E-010
0.2	-5.2220551E-010
0.205	-5.7721991E-010
0.21	-6.3731213E-010
0.215	-7.0301585E-010
0.22	-7.7491459E-010
0.225	-8.5364697E-010
0.23	-9.3991235E-010
0.235	-1.0344771E-009
0.24	-1.1381814E-009
0.245	-1.2519469E-009
0.25	-1.3767846E-009
0.255	-1.5138043E-009
0.26	-1.664224E-009
0.265	-1.8293812E-009
0.27	-2.0107446E-009
0.275	-2.2099271E-009
0.28	-2.4287001E-009
0.285	-2.6690094E-009
0.29	-2.9329925E-009
0.295	-3.2229972E-009
0.3	-3.5416027E-009
0.305	-3.8916422E-009
0.31	-4.2762281E-009
0.315	-4.6987792E-009
0.32	-5.1630506E-009
0.325	-5.6731672E-009
0.33	-6.2336591E-009
0.335	-6.8495016E-009
0.34	-7.5261582E-009
0.345	-8.2696281E-009
0.35	-9.0864977E-009
0.355	-9.9839975E-009
0.36	-1.0970064E-008
0.365	-1.2053406E-008
0.37	-1.3243582E-008
0.375	-1.4551073E-008
0.38	-1.598738E-008
0.385	-1.756511E-008
0.39	-1.9298084E-008
0.395	-2.1201449E-008
0.4	-2.3291795E-008
0.405	-2.5587295E-008
0.41	-2.8107836E-008
0.415	-3.087518E-008
0.42	-3.3913122E-008
0.425	-3.7247672E-008
0.43	-4.0907233E-008
0.435	-4.4922808E-008
0.44	-4.932821E-008
0.445	-5.416028E-008
0.45	-5.9459121E-008
0.455	-6.5268342E-008
0.46	-7.1635304E-008
0.465	-7.8611376E-008
0.47	-8.6252188E-008
0.475	-9.4617882E-008
0.48	-1.0377336E-007
0.485	-1.137885E-007
0.49	-1.2473838E-007
0.495	-1.3670343E-007
0.5	-1.4976955E-007
