5.000000000000000000e-01 -0.000000000000000000e+00
4.980430528375733301e-01 -3.106211347546594744e-12
4.960861056751467713e-01 -2.793163198403543452e-12
4.941291585127201569e-01 -2.704904736179179388e-12
4.921722113502935980e-01 -2.627533931426451863e-12
4.902152641878669281e-01 -2.667420086883973402e-12
4.882583170254402583e-01 -2.719743057933381439e-12
4.863013698630136994e-01 -2.772072250501344564e-12
4.843444227005870295e-01 -2.824407664587862776e-12
4.823874755381604706e-01 -2.956521611107979156e-12
4.804305283757338563e-01 -3.107598746184408787e-12
4.784735812133071864e-01 -3.258675881260838419e-12
4.765166340508806275e-01 -3.409753016337268050e-12
4.745596868884539576e-01 -3.560830151413697681e-12
4.726027397260273988e-01 -3.711901064971572225e-12
4.706457925636007844e-01 -3.862984421566557347e-12
4.686888454011742255e-01 -4.014055335124431487e-12
4.667318982387475557e-01 -4.280846493809415313e-12
4.647749510763208858e-01 -4.619782381660740706e-12
4.628180039138943269e-01 -4.958712047993510607e-12
4.608610567514677125e-01 -5.297635492807725825e-12
4.589041095890410982e-01 -5.636565159140495726e-12
4.569471624266144838e-01 -5.975488603954710943e-12
4.549902152641878139e-01 -6.314418270287480845e-12
4.530332681017612551e-01 -6.653347936620250746e-12
4.510763209393345852e-01 -6.992271381434465964e-12
4.491193737769080263e-01 -7.331207269285791357e-12
4.471624266144814119e-01 -7.670136935618561258e-12
4.452054794520547421e-01 -8.009060380432776475e-12
4.432485322896281832e-01 -8.347990046765546377e-12
4.412915851272015133e-01 -8.686913491579761594e-12
4.393346379647749544e-01 -9.025843157912531496e-12
4.373776908023483401e-01 -9.364772824245301397e-12
4.354207436399216702e-01 -9.909118368715801005e-12
4.334637964774951113e-01 -1.113347589127194842e-11
4.315068493150684414e-01 -1.235783341382809422e-11
4.295499021526418826e-01 -1.358218471486568534e-11
4.275929549902152127e-01 -1.480654223742183114e-11
4.256360078277886538e-01 -1.603089975997797856e-11
4.236790606653620395e-01 -1.725525728253412275e-11
4.217221135029353696e-01 -1.847961480509027017e-11
4.197651663405088107e-01 -1.970396610612785967e-11
4.178082191780821408e-01 -2.092832362868400709e-11
4.158512720156555820e-01 -2.215268115124015127e-11
4.138943248532289676e-01 -2.337703867379629869e-11
4.119373776908022977e-01 -2.460138997483388819e-11
4.099804305283757389e-01 -2.582574749739003561e-11
4.080234833659490690e-01 -2.705010501994618303e-11
4.060665362035224546e-01 -2.827445632098377253e-11
4.041095890410958957e-01 -2.949882006505847140e-11
4.021526418786692814e-01 -3.072317136609606413e-11
4.001956947162426670e-01 -3.194752888865220832e-11
3.982387475538159971e-01 -3.317188641120835897e-11
3.962818003913894382e-01 -3.439623771224594524e-11
3.943248532289627684e-01 -3.562060145632064734e-11
3.923679060665361540e-01 -3.684495275735824007e-11
3.904109589041095951e-01 -3.806931027991438426e-11
3.884540117416829252e-01 -3.929366158095197699e-11
3.864970645792563664e-01 -4.051802532502667909e-11
3.845401174168296965e-01 -4.174237662606427183e-11
3.825831702544030821e-01 -4.296673414862041601e-11
3.806262230919765233e-01 -4.419109167117656020e-11
3.786692759295498534e-01 -4.541544297221415293e-11
3.767123287671232945e-01 -4.663980671628885504e-11
3.747553816046966246e-01 -4.786415801732644777e-11
3.727984344422700103e-01 -4.908851553988259196e-11
3.708414872798433959e-01 -5.506830943467751487e-11
3.688845401174168370e-01 -6.654144913147175051e-11
3.669275929549902227e-01 -7.801458882826598615e-11
3.649706457925635528e-01 -8.948772852506022178e-11
3.630136986301369384e-01 -1.009608682218544574e-10
3.610567514677103240e-01 -1.124340079186486801e-10
3.590998043052837096e-01 -1.239071476154429287e-10
3.571428571428571508e-01 -1.353802873122371514e-10
3.551859099804304809e-01 -1.468534270090313741e-10
3.532289628180038665e-01 -1.583265729273441677e-10
3.512720156555772522e-01 -1.697997064026198454e-10
3.493150684931506378e-01 -1.812728523209326389e-10
3.473581213307240789e-01 -1.927459795746897717e-10
3.454011741682974090e-01 -2.042191254930025652e-10
3.434442270058708502e-01 -2.156922651897967879e-10
3.414872798434441803e-01 -2.271654111081095815e-10
3.395303326810175659e-01 -2.386385445833852592e-10
3.375733855185909515e-01 -2.501116842801795078e-10
3.356164383561643372e-01 -2.615848239769737046e-10
3.336594911937377783e-01 -2.730579636737679532e-10
3.317025440313111084e-01 -2.845311033705622018e-10
3.297455968688844941e-01 -2.960042430673564503e-10
3.277886497064578797e-01 -3.074773827641506472e-10
3.258317025440312653e-01 -3.189505224609448957e-10
3.238747553816047065e-01 -3.304236621577391443e-10
3.219178082191780366e-01 -3.418968018545333412e-10
3.199608610567514777e-01 -3.533699353298090189e-10
3.180039138943248078e-01 -3.648430874696404091e-10
3.160469667318981379e-01 -3.763162209449160869e-10
3.140900195694715791e-01 -3.877893668632288546e-10
3.121330724070449647e-01 -3.992624941169859614e-10
3.101761252446184058e-01 -4.107356400352987808e-10
3.082191780821917360e-01 -4.222087859536115485e-10
3.062622309197651216e-01 -4.336819194288872263e-10
3.043052837573385072e-01 -4.451550591256814748e-10
3.023483365949118928e-01 -4.566281988224757234e-10
3.003913894324852785e-01 -4.681013385192699203e-10
2.984344422700586641e-01 -4.795744782160641688e-10
2.964774951076320497e-01 -4.910476179128584174e-10
2.945205479452054353e-01 -5.025207576096526659e-10
2.925636007827788210e-01 -5.139939035279654336e-10
2.906066536203522066e-01 -5.254670370032410597e-10
2.886497064579256477e-01 -5.369401829215539308e-10
2.866927592954989779e-01 -5.484133163968295568e-10
2.847358121330723080e-01 -5.598864560936238054e-10
2.827788649706456936e-01 -5.713596020119365731e-10
2.808219178082191347e-01 -5.828327417087308216e-10
2.788649706457925204e-01 -5.943058814055250702e-10
2.769080234833659060e-01 -6.057790148808006962e-10
2.749510763209392916e-01 -6.172521545775949448e-10
2.729941291585126772e-01 -6.287253004959077125e-10
2.710371819960860629e-01 -6.401984339711834419e-10
2.690802348336594485e-01 -6.516715736679776904e-10
2.671232876712328341e-01 -6.631447133647719390e-10
2.651663405088062198e-01 -6.746178530615661876e-10
2.632093933463796054e-01 -6.860909927583603327e-10
2.612524461839529355e-01 -6.975641324551545813e-10
2.592954990215263211e-01 -7.090372721519488299e-10
2.573385518590997623e-01 -7.205104180702615976e-10
2.553816046966731479e-01 -7.319835515455373270e-10
2.534246575342465335e-01 -7.434566974638500947e-10
2.514677103718199191e-01 -7.549298309391258241e-10
2.495107632093933048e-01 -7.664029768574385918e-10
2.475538160469666626e-01 -7.778761165542328404e-10
2.455968688845400483e-01 -7.893492562510270889e-10
2.436399217221134617e-01 -8.008223897263027150e-10
2.416829745596868473e-01 -8.603973245631585998e-10
2.397260273972602329e-01 -9.237043057420679382e-10
2.377690802348336185e-01 -9.870112744779401348e-10
2.358121330724069764e-01 -1.050318249435330747e-09
2.338551859099803620e-01 -1.113625224392721566e-09
2.318982387475537754e-01 -1.176932205571630801e-09
2.299412915851271055e-01 -1.240239174307502998e-09
2.279843444227005189e-01 -1.303546149264893611e-09
2.260273972602739045e-01 -1.366853130443802846e-09
2.240704500978472902e-01 -1.430160099179675042e-09
2.221135029354206758e-01 -1.493467074137065861e-09
2.201565557729940892e-01 -1.556774049094456474e-09
2.181996086105674748e-01 -1.620081024051847293e-09
2.162426614481408604e-01 -1.683387999009237905e-09
2.142857142857142461e-01 -1.746694967745110102e-09
2.123287671232876039e-01 -1.810001948924019337e-09
2.103718199608609618e-01 -1.873308917659891741e-09
2.084148727984343474e-01 -1.936615892617282146e-09
2.064579256360077331e-01 -1.999922867574672965e-09
2.045009784735811464e-01 -2.063229842532063785e-09
2.025440313111545321e-01 -2.126536817489454604e-09
2.005870841487279177e-01 -2.189843786225326801e-09
1.986301369863013033e-01 -2.253150761182717206e-09
1.966731898238747167e-01 -2.316457736140108025e-09
1.947162426614481023e-01 -2.379764717319017467e-09
1.927592954990214602e-01 -2.443071686054889664e-09
1.908023483365948458e-01 -2.506378661012280070e-09
1.888454011741682315e-01 -2.569685629748152266e-09
1.868884540117416448e-01 -2.632992610927061708e-09
1.849315068493149750e-01 -2.696299585884452527e-09
1.829745596868883606e-01 -2.759606560841842933e-09
1.810176125244617740e-01 -2.822913535799233752e-09
1.790606653620351596e-01 -2.910652314578680257e-09
1.771037181996085452e-01 -3.126658082088474465e-09
1.751467710371819031e-01 -3.342663849598269087e-09
1.731898238747552887e-01 -3.558669623329581917e-09
1.712328767123286744e-01 -3.774675384617857503e-09
1.692759295499020877e-01 -3.990681158349170747e-09
1.673189823874754734e-01 -4.206686932080483164e-09
1.653620352250488590e-01 -4.422692699590278199e-09
1.634050880626222724e-01 -4.638698467100072407e-09
1.614481409001956025e-01 -4.854704228388348406e-09
1.594911937377690159e-01 -5.070710002119660823e-09
1.575342465753424015e-01 -5.286715775850974067e-09
1.555772994129157316e-01 -5.502721543360768275e-09
1.536203522504891450e-01 -5.718727317092081519e-09
1.516634050880625306e-01 -5.934733078380356691e-09
1.497064579256359163e-01 -6.150738845890151726e-09
1.477495107632093296e-01 -6.366744619621464143e-09
1.457925636007827153e-01 -6.582750387131259178e-09
1.438356164383561009e-01 -6.798756160862571595e-09
1.418786692759294865e-01 -7.014761922150847594e-09
1.399217221135028999e-01 -7.230767695882160838e-09
1.379647749510762300e-01 -7.446773463391955046e-09
1.360078277886495879e-01 -7.662779230901748427e-09
1.340508806262229735e-01 -7.878784998411543462e-09
1.320939334637963869e-01 -8.094790765921338497e-09
1.301369863013697725e-01 -8.310796539652650087e-09
1.281800391389431582e-01 -8.526802313383963331e-09
1.262230919765165438e-01 -8.742808080893758366e-09
1.242661448140899433e-01 -8.958813842182033538e-09
1.223091976516633428e-01 -9.174819622134864991e-09
1.203522504892367284e-01 -9.390825389644660026e-09
1.183953033268100863e-01 -9.606831157154453407e-09
1.164383561643834719e-01 -9.956963719082535044e-09
1.144814090019568714e-01 -1.068408801577570228e-08
1.125244618395302570e-01 -1.141121230002583310e-08
1.105675146771036566e-01 -1.213833659049748213e-08
1.086105675146770005e-01 -1.286546088719064936e-08
1.066536203522504417e-01 -1.359258517144078018e-08
1.046966731898237857e-01 -1.431970946191242921e-08
1.027397260273972268e-01 -1.504683374616255838e-08
1.007827788649705292e-01 -1.577395803663420740e-08
9.882583170254388705e-02 -1.650108232710585643e-08
9.686888454011731431e-02 -1.722820661135598891e-08
9.491193737769067218e-02 -1.795533090182763793e-08
9.295499021526411332e-02 -1.868245519229928696e-08
9.099804305283745731e-02 -1.940957948277093599e-08
8.904109589041089845e-02 -2.013670376702106515e-08
8.708414872798424244e-02 -2.086382805749271418e-08
8.512720156555768358e-02 -2.159095234796436321e-08
8.317025440313102758e-02 -2.231807663843601224e-08
8.121330724070446871e-02 -2.304520092268614471e-08
7.925636007827781271e-02 -2.377232521937931029e-08
7.729941291585125385e-02 -2.449944950362944277e-08
7.534246575342459784e-02 -2.522657379410109180e-08
7.338551859099795571e-02 -2.595369807835122096e-08
7.142857142857129971e-02 -2.668082237504438985e-08
6.947162426614464370e-02 -2.740794665929451902e-08
6.751467710371808484e-02 -2.813507094976616804e-08
6.555772994129142883e-02 -2.886219524023781707e-08
6.360078277886486997e-02 -2.958931953070946610e-08
6.164383561643822090e-02 -3.031644381495959857e-08
5.968688845401166204e-02 -3.104356810543124760e-08
5.772994129158500604e-02 -3.177069239590289663e-08
5.577299412915844717e-02 -3.249781668637454566e-08
5.381604696673179117e-02 -3.359566829568562149e-08
5.185909980430523231e-02 -3.533893939378879362e-08
4.990215264187858324e-02 -3.708221048567044259e-08
4.794520547945192723e-02 -3.882548158999513128e-08
4.598825831702536837e-02 -4.056875268187678687e-08
4.403131115459871237e-02 -4.231202377997995901e-08
4.207436399217215350e-02 -4.405529487186160797e-08
4.011741682974550444e-02 -4.579856596996478011e-08
3.816046966731893864e-02 -4.754183706806795225e-08
3.620352250489228957e-02 -4.928510815994960121e-08
3.424657534246564050e-02 -5.102837925805277335e-08
3.228962818003898450e-02 -5.277165035615594549e-08
3.033268101761242563e-02 -5.451492144803760107e-08
2.837573385518577310e-02 -5.625819255236228977e-08
2.641878669275921077e-02 -5.800146364424393873e-08
2.446183953033255823e-02 -5.974473474234711087e-08
2.250489236790590569e-02 -6.149610243759679130e-08
2.054794520547934683e-02 -6.474530590754086133e-08
1.859099804305269429e-02 -6.799450938992796448e-08
1.663405088062613196e-02 -7.124371286609354445e-08
1.467710371819948116e-02 -7.449291634225913766e-08
1.272015655577291883e-02 -7.774211981842473087e-08
1.076320939334626803e-02 -8.099132329459031084e-08
8.806262230919707432e-03 -8.424052676453438088e-08
6.849315068493054028e-03 -8.748973024069997409e-08
4.892367906066493431e-03 -9.073893371686555406e-08
2.935420743639841328e-03 -9.398813719303114727e-08
9.784735812132805150e-04 -9.723734066919674048e-08
-9.784735812133715880e-04 -1.004865441453623205e-07
-2.935420743640114981e-03 -1.037357476153063905e-07
-4.892367906066675577e-03 -1.069849510976934936e-07
-6.849315068493328114e-03 -1.102341545676375637e-07
-8.806262230919889578e-03 -1.134833580500246800e-07
-1.076320939334654038e-02 -1.183800479350791538e-07
-1.272015655577310271e-02 -1.241798694180261042e-07
-1.467710371819975351e-02 -1.299796909071945909e-07
-1.663405088062631584e-02 -1.357795123963630777e-07
-1.859099804305296838e-02 -1.415793338793100281e-07
-2.054794520547952724e-02 -1.473791553684785149e-07
-2.250489236790617978e-02 -1.531789768576469752e-07
-2.446183953033274211e-02 -1.589787983405939520e-07
-2.641878669275939465e-02 -1.647786198297624123e-07
-2.837573385518604718e-02 -1.705784413127093627e-07
-3.033268101761260604e-02 -1.763782628018778495e-07
-3.228962818003926205e-02 -1.821780842848247998e-07
-3.424657534246582091e-02 -1.879779057677717767e-07
-3.620352250489246998e-02 -1.937777272569402370e-07
-3.816046966731912599e-02 -2.004256522877915727e-07
-4.011741682974577505e-02 -2.097025639684304883e-07
-4.207436399217233391e-02 -2.189794756615124502e-07
-4.403131115459898992e-02 -2.282563873545943856e-07
-4.598825831702554878e-02 -2.375332990476763475e-07
-4.794520547945220479e-02 -2.468102107407583094e-07
-4.990215264187876365e-02 -2.560871224338402184e-07
-5.185909980430541272e-02 -2.653640341207006703e-07
-5.381604696673206872e-02 -2.746409458137826322e-07
-5.577299412915862759e-02 -2.839178575068645412e-07
-5.772994129158528359e-02 -2.931947691937249931e-07
-5.968688845401184245e-02 -3.029232109555721325e-07
-6.164383561643849152e-02 -3.168326587078467124e-07
-6.360078277886505038e-02 -3.307421064601212922e-07
-6.555772994129170639e-02 -3.446515542123959251e-07
-6.751467710371826525e-02 -3.585610019646705050e-07
-6.947162426614492126e-02 -3.724704497107235749e-07
-7.142857142857148012e-02 -3.863798974629981548e-07
-7.338551859099813612e-02 -4.002893452152727347e-07
-7.534246575342477825e-02 -4.141987929675473675e-07
-7.729941291585143426e-02 -4.281082407198219474e-07
-7.925636007827809026e-02 -4.466641441898350139e-07
-8.121330724070464913e-02 -4.653611546994524745e-07
-8.317025440313130513e-02 -4.840581652028484251e-07
-8.512720156555786399e-02 -5.027551757062443227e-07
-8.708414872798452000e-02 -5.214521862158617833e-07
-8.904109589041107886e-02 -5.401491967192576809e-07
-9.099804305283773487e-02 -5.588462072226536845e-07
-9.295499021526429373e-02 -5.811206962504968008e-07
-9.491193737769093586e-02 -6.053225956316789100e-07
-9.686888454011750860e-02 -6.295244950253041450e-07
-9.882583170254415073e-02 -6.537263944064862542e-07
-1.007827788649707096e-01 -6.779282937938898204e-07
-1.027397260273973656e-01 -7.021301931812934924e-07
-1.046966731898240216e-01 -7.277075771477945384e-07
-1.066536203522505805e-01 -7.579946228628530453e-07
-1.086105675146772365e-01 -7.882816685841329034e-07
-1.105675146771037953e-01 -8.185687142991914103e-07
-1.125244618395304513e-01 -8.488557600142498113e-07
-1.144814090019570935e-01 -8.791428057355297752e-07
-1.164383561643837495e-01 -9.141728396156345719e-07
-1.183953033268103083e-01 -9.517375670964939269e-07
-1.203522504892369643e-01 -9.893022945835748448e-07
-1.223091976516635232e-01 -1.026867022064434094e-06
-1.242661448140901792e-01 -1.064431749539071886e-06
-1.262230919765167381e-01 -1.106328642661435778e-06
-1.281800391389433802e-01 -1.150717544068354455e-06
-1.301369863013700501e-01 -1.195106445469051464e-06
-1.320939334637966089e-01 -1.239495346869748472e-06
-1.340508806262232511e-01 -1.285161953970764495e-06
-1.360078277886498099e-01 -1.337151134993868931e-06
-1.379647749510764798e-01 -1.389140316023194613e-06
-1.399217221135030387e-01 -1.441129497046298837e-06
-1.418786692759296808e-01 -1.494294205499635595e-06
-1.438356164383562397e-01 -1.554222334713010735e-06
-1.457925636007828818e-01 -1.614150463913942962e-06
-1.477495107632094684e-01 -1.674078593127318102e-06
-1.497064579256361938e-01 -1.738045895713136163e-06
-1.516634050880628637e-01 -1.805594631189487862e-06
-1.536203522504894226e-01 -1.873143366665839349e-06
-1.555772994129160647e-01 -1.940692102142190836e-06
-1.575342465753426235e-01 -2.018624354566435149e-06
-1.594911937377692657e-01 -2.097558584899510181e-06
-1.614481409001958245e-01 -2.176492815226363755e-06
-1.634050880626224944e-01 -2.260789042730137188e-06
-1.653620352250490533e-01 -2.347164432041614191e-06
-1.673189823874756954e-01 -2.433539821359313075e-06
-1.692759295499022543e-01 -2.527230739700873958e-06
-1.712328767123289242e-01 -2.627430471411555658e-06
-1.731898238747554830e-01 -2.727630203116015901e-06
-1.751467710371821251e-01 -2.833908538070389219e-06
-1.771037181996087673e-01 -2.942757636681917078e-06
-1.790606653620353539e-01 -3.051606735299666395e-06
-1.810176125244619960e-01 -3.170855617031792364e-06
-1.829745596868885549e-01 -3.291571427092088331e-06
-1.849315068493151970e-01 -3.412629254968996560e-06
-1.868884540117418669e-01 -3.542685077068257677e-06
-1.888454011741685090e-01 -3.677498482069425091e-06
-1.908023483365950679e-01 -3.817069469978720683e-06
-1.927592954990217378e-01 -3.961398040771256930e-06
-1.947162426614482966e-01 -4.110484194465699474e-06
-1.966731898238749388e-01 -4.265612039750176023e-06
-1.986301369863014976e-01 -4.428192959527607283e-06
-2.005870841487281397e-01 -4.596600216253029178e-06
-2.025440313111548096e-01 -4.770833809932664860e-06
-2.045009784735813685e-01 -4.950893740578955548e-06
-2.064579256360080106e-01 -5.136780008179459176e-06
-2.084148727984345695e-01 -5.330517628989413291e-06
-2.103718199608612394e-01 -5.531518704022333274e-06
-2.123287671232877982e-01 -5.739196597166680286e-06
-2.142857142857144404e-01 -5.953551308391346193e-06
-2.162426614481409992e-01 -6.174582837721217671e-06
-2.181996086105676413e-01 -6.402739809595470522e-06
-2.201565557729942280e-01 -6.642953168553772480e-06
-2.221135029354208701e-01 -6.891548493141019596e-06
-2.240704500978475122e-01 -7.148525783326102044e-06
-2.260273972602741821e-01 -7.413885039109020671e-06
-2.279843444227008242e-01 -7.687626260520881915e-06
-2.299412915851273831e-01 -7.971067699837881224e-06
-2.318982387475540252e-01 -8.265715048783519735e-06
-2.338551859099806118e-01 -8.570531087377144115e-06
-2.358121330724072540e-01 -8.885767764903194693e-06
-2.377690802348338128e-01 -9.211677030615010443e-06
-2.397260273972604550e-01 -9.548510833821920909e-06
-2.416829745596870138e-01 -9.896521123752374154e-06
-2.436399217221136837e-01 -1.025595984970325850e-05
-2.455968688845402426e-01 -1.062707896094657476e-05
-2.475538160469668847e-01 -1.101013040674810143e-05
-2.495107632093934436e-01 -1.140536613638606160e-05
-2.514677103718200857e-01 -1.181356962355191003e-05
-2.534246575342467556e-01 -1.223860255470912811e-05
-2.553816046966733144e-01 -1.267786797972941584e-05
-2.573385518590999843e-01 -1.313174029393986811e-05
-2.592954990215265432e-01 -1.360059389266757307e-05
-2.612524461839531575e-01 -1.408480317123339991e-05
-2.632093933463798274e-01 -1.458474252498932769e-05
-2.651663405088064973e-01 -1.510078634926866683e-05
-2.671232876712330562e-01 -1.563330903937984532e-05
-2.690802348336597261e-01 -1.618268499066861653e-05
-2.710371819960862849e-01 -1.674928859846207534e-05
-2.729941291585128993e-01 -1.733421767877622264e-05
-2.749510763209394582e-01 -1.793735936976175016e-05
-2.769080234833661280e-01 -1.855907874880229891e-05
-2.788649706457926869e-01 -1.919976834428251589e-05
-2.808219178082193568e-01 -1.985982068453727306e-05
-2.827788649706459712e-01 -2.053962829793255562e-05
-2.847358121330726410e-01 -2.123958371285923795e-05
-2.866927592954990889e-01 -2.196007945765840924e-05
-2.886497064579257588e-01 -2.270150806070228206e-05
-2.906066536203524286e-01 -2.346426205035683480e-05
-2.925636007827790430e-01 -2.424904729552990337e-05
-2.945205479452055464e-01 -2.505613168715178574e-05
-2.964774951076322163e-01 -2.588584300971024648e-05
-2.984344422700589416e-01 -2.673858415762907201e-05
-3.003913894324856115e-01 -2.761475802533203857e-05
-3.023483365949122259e-01 -2.851476750723049133e-05
-3.043052837573387293e-01 -2.943901549776065116e-05
-3.062622309197653436e-01 -3.038790489132141523e-05
-3.082191780821920135e-01 -3.136183858234278717e-05
-3.101761252446186834e-01 -3.236121946524233618e-05
-3.121330724070451312e-01 -3.338491481042218202e-05
-3.140900195694718011e-01 -3.443328528763114541e-05
-3.160469667318984155e-01 -3.550752168481968268e-05
-3.180039138943250854e-01 -3.660795985536205975e-05
-3.199608610567515332e-01 -3.773493565264499728e-05
-3.219178082191782031e-01 -3.888878493005519564e-05
-3.238747553816049285e-01 -4.006984354097936873e-05
-3.258317025440315429e-01 -4.127844733881045106e-05
-3.277886497064582683e-01 -4.251493217691648116e-05
-3.297455968688846606e-01 -4.377963390869973800e-05
-3.317025440313113860e-01 -4.507026974196620423e-05
-3.336594911937379448e-01 -4.638509347788935994e-05
-3.356164383561646702e-01 -4.772723158250856006e-05
-3.375733855185910626e-01 -4.909685536201805752e-05
-3.395303326810177880e-01 -5.049413612259340956e-05
-3.414872798434443468e-01 -5.191924517042575201e-05
-3.434442270058711277e-01 -5.337235381168754534e-05
-3.454011741682974646e-01 -5.485363335257924955e-05
-3.473581213307242455e-01 -5.636325509928265601e-05
-3.493150684931508043e-01 -5.790139035797023197e-05
-3.512720156555775297e-01 -5.946681294663111044e-05
-3.532289628180040886e-01 -6.105580442893367968e-05
-3.551859099804306474e-01 -6.267156557204660360e-05
-3.571428571428574283e-01 -6.431393346108920642e-05
-3.590998043052839872e-01 -6.598272554492666216e-05
-3.610567514677107126e-01 -6.767773963617610008e-05
-3.630136986301371049e-01 -6.939875391120359596e-05
-3.649706457925638303e-01 -7.114552691012098731e-05
-3.669275929549903892e-01 -7.291779753679836879e-05
-3.688845401174171146e-01 -7.471528505883294848e-05
-3.708414872798435069e-01 -7.653694258294926086e-05
-3.727984344422702323e-01 -7.837311477028756953e-05
-3.747553816046967912e-01 -8.022977371305019213e-05
-3.767123287671235721e-01 -8.210599360354796361e-05
-3.786692759295501309e-01 -8.400079536706743684e-05
-3.806262230919766898e-01 -8.591314666182109057e-05
-3.825831702544032487e-01 -8.784196187901892750e-05
-3.845401174168299741e-01 -8.978610214282491640e-05
-3.864970645792565329e-01 -9.174437531032583488e-05
-3.884540117416830918e-01 -9.371553597159975029e-05
-3.904109589041098727e-01 -9.569828544968179962e-05
-3.923679060665364315e-01 -9.771511127126437392e-05
-3.943248532289631569e-01 -9.975209213916870726e-05
-3.962818003913895493e-01 -1.018071606724275751e-04
-3.982387475538162747e-01 -1.038803086071938241e-04
-4.001956947162428335e-01 -1.059715594966249120e-04
-4.021526418786695589e-01 -1.080809687107956699e-04
-4.041095890410961178e-01 -1.102086234367575265e-04
-4.060665362035226766e-01 -1.123546426784917390e-04
-4.080234833659492910e-01 -1.145191772569499280e-04
-4.099804305283760164e-01 -1.167024098100446995e-04
-4.119373776908025753e-01 -1.188586892263375348e-04
-4.138943248532291341e-01 -1.209978955753764253e-04
-4.158512720156556930e-01 -1.231308553041231756e-04
-4.178082191780824184e-01 -1.252542232740289216e-04
-4.197651663405089772e-01 -1.273644772503721790e-04
-4.217221135029355361e-01 -1.294579179022866810e-04
-4.236790606653620950e-01 -1.315306688027303560e-04
-4.256360078277888759e-01 -1.335786764285382372e-04
-4.275929549902154347e-01 -1.355977101603663272e-04
-4.295499021526421601e-01 -1.375833622827291394e-04
-4.315068493150687190e-01 -1.395876056692345909e-04
-4.334637964774952779e-01 -1.416227209923093331e-04
-4.354207436399220033e-01 -1.436520152438192544e-04
-4.373776908023486176e-01 -1.456764133718791722e-04
-4.393346379647751765e-01 -1.476970120087523018e-04
-4.412915851272017354e-01 -1.497150794709466680e-04
-4.432485322896284607e-01 -1.517320557591653684e-04
-4.452054794520550196e-01 -1.537495525583251667e-04
-4.471624266144815785e-01 -1.557693532375534304e-04
-4.491193737769081373e-01 -1.577934128501850403e-04
-4.510763209393348627e-01 -1.597732134947544441e-04
-4.530332681017614216e-01 -1.616463114896274844e-04
-4.549902152641882025e-01 -1.634756478856292630e-04
-4.569471624266145393e-01 -1.652558204204684347e-04
-4.589041095890413202e-01 -1.669811293510172487e-04
-4.608610567514678791e-01 -1.686455774532958014e-04
-4.628180039138946045e-01 -1.702428700224909006e-04
-4.647749510763211633e-01 -1.717664148729433811e-04
-4.667318982387477222e-01 -1.732093223381530375e-04
-4.686888454011745031e-01 -1.745644052707783802e-04
-4.706457925636010620e-01 -1.758762907752195708e-04
-4.726027397260276208e-01 -1.773402790948274419e-04
-4.745596868884541797e-01 -1.787977840597954309e-04
-4.765166340508809051e-01 -1.802559920025611378e-04
-4.784735812133074639e-01 -1.817227088639971429e-04
-4.804305283757341893e-01 -1.832063601934342905e-04
-4.823874755381605817e-01 -1.847159911486415227e-04
-4.843444227005873071e-01 -1.862612664958476717e-04
-4.863013698630138659e-01 -1.878524706097148972e-04
-4.882583170254406468e-01 -1.895005074733559518e-04
-4.902152641878670392e-01 -1.911963271230639107e-04
-4.921722113502937646e-01 -1.922625227746547929e-04
-4.941291585127203234e-01 -1.932037181241943330e-04
-4.960861056751470488e-01 -1.940095671581355656e-04
-4.980430528375734411e-01 -1.946697238629191385e-04
-5.000000000000002220e-01 -1.951738422249903345e-04
-5.000000000000000000e-01 -1.951738422249903345e-04
-4.980430528375733301e-01 -1.864184984878242233e-04
-4.960861056751467713e-01 -1.810237959697942719e-04
-4.941291585127201569e-01 -1.760054358407491177e-04
-4.921722113502935980e-01 -1.713022652416758393e-04
-4.902152641878669281e-01 -1.668222532554518571e-04
-4.882583170254402583e-01 -1.625606618594958549e-04
-4.863013698630136994e-01 -1.584922082664222691e-04
-4.843444227005870295e-01 -1.546149580028786258e-04
-4.823874755381604706e-01 -1.509133749330193611e-04
-4.804305283757338563e-01 -1.473342809339572997e-04
-4.784735812133071864e-01 -1.439000152597703095e-04
-4.765166340508806275e-01 -1.406105779104583633e-04
-4.745596868884539576e-01 -1.374530164547488320e-04
-4.726027397260273988e-01 -1.343703836110183333e-04
-4.706457925636007844e-01 -1.314024291124820385e-04
-4.686888454011742255e-01 -1.285491529591368577e-04
-4.667318982387475557e-01 -1.257759881861394784e-04
-4.647749510763208858e-01 -1.230605106224122772e-04
-4.628180039138943269e-01 -1.204276622227048451e-04
-4.608610567514677125e-01 -1.178774429870202856e-04
-4.589041095890410982e-01 -1.153790880589891584e-04
-4.569471624266144838e-01 -1.129418796708881085e-04
-4.549902152641878139e-01 -1.105708206712349961e-04
-4.530332681017612551e-01 -1.082625100655879664e-04
-4.510763209393345852e-01 -1.059923950672061603e-04
-4.491193737769080263e-01 -1.037758067617656029e-04
-4.471624266144814119e-01 -1.016127451492755912e-04
-4.452054794520547421e-01 -9.949815865922332085e-05
-4.432485322896281832e-01 -9.742456416492122182e-05
-4.412915851272015133e-01 -9.539391651699620739e-05
-4.393346379647749544e-01 -9.340415769984955973e-05
-4.373776908023483401e-01 -9.145322969788256102e-05
-4.354207436399216702e-01 -8.953907449550270047e-05
-4.334637964774951113e-01 -8.765963407711281879e-05
-4.315068493150684414e-01 -8.581329115419259281e-05
-4.295499021526418826e-01 -8.400388569745693339e-05
-4.275929549902152127e-01 -8.222584050108411628e-05
-4.256360078277886538e-01 -8.047748776249241936e-05
-4.236790606653620395e-01 -7.875715967910319694e-05
-4.217221135029353696e-01 -7.706318844833156916e-05
-4.197651663405088107e-01 -7.539390626760046241e-05
-4.178082191780821408e-01 -7.374764533432499685e-05
-4.158512720156555820e-01 -7.213768052267975660e-05
-4.138943248532289676e-01 -7.056061734736847238e-05
-4.119373776908022977e-01 -6.901076949093798744e-05
-4.099804305283757389e-01 -6.748748191058058640e-05
-4.080234833659490690e-01 -6.599009956349322949e-05
-4.060665362035224546e-01 -6.451796740686665632e-05
-4.041095890410958957e-01 -6.307043039789626859e-05
-4.021526418786692814e-01 -6.164780122932853154e-05
-4.001956947162426670e-01 -6.025115694534875571e-05
-3.982387475538159971e-01 -5.887843715298847171e-05
-3.962818003913894382e-01 -5.752913544902138807e-05
-3.943248532289627684e-01 -5.620274543021657832e-05
-3.923679060665361540e-01 -5.489876069335243336e-05
-3.904109589041095951e-01 -5.361667483520423381e-05
-3.884540117416829252e-01 -5.235598145254415672e-05
-3.864970645792563664e-01 -5.111759580921434879e-05
-3.845401174168296965e-01 -4.990019834638395423e-05
-3.825831702544030821e-01 -4.870330553225189426e-05
-3.806262230919765233e-01 -4.752647859242714856e-05
-3.786692759295498534e-01 -4.636927875253893069e-05
-3.767123287671232945e-01 -4.523126723820399269e-05
-3.747553816046966246e-01 -4.411200527503287275e-05
-3.727984344422700103e-01 -4.301257689128079289e-05
-3.708414872798433959e-01 -4.193310975883266482e-05
-3.688845401174168370e-01 -4.087261075918165084e-05
-3.669275929549902227e-01 -3.983093463080379757e-05
-3.649706457925635528e-01 -3.880795843324170974e-05
-3.630136986301369384e-01 -3.780358154707499896e-05
-3.610567514677103240e-01 -3.681772567393737340e-05
-3.590998043052837096e-01 -3.585097096773707761e-05
-3.571428571428571508e-01 -3.490586549569872903e-05
-3.551859099804304809e-01 -3.398095339435913659e-05
-3.532289628180038665e-01 -3.307659901704783741e-05
-3.512720156555772522e-01 -3.219321669512217480e-05
-3.493150684931506378e-01 -3.133127073794399474e-05
-3.473581213307240789e-01 -3.049127543289985944e-05
-3.454011741682974090e-01 -2.967379504538547887e-05
-3.434442270058708502e-01 -2.887482789426018125e-05
-3.414872798434441803e-01 -2.809633033186679661e-05
-3.395303326810175659e-01 -2.733913034210880378e-05
-3.375733855185909515e-01 -2.660339463286696206e-05
-3.356164383561643372e-01 -2.588929531606415680e-05
-3.336594911937377783e-01 -2.519700990765139963e-05
-3.317025440313111084e-01 -2.452672132762338673e-05
-3.297455968688844941e-01 -2.387327157917232135e-05
-3.277886497064578797e-01 -2.323197252943490511e-05
-3.258317025440312653e-01 -2.260647006926378051e-05
-3.238747553816047065e-01 -2.199565515424534384e-05
-3.219178082191780366e-01 -2.139832334128623491e-05
-3.199608610567514777e-01 -2.081317478859310313e-05
-3.180039138943248078e-01 -2.023881425568195536e-05
-3.160469667318981379e-01 -1.967375110336725631e-05
-3.140900195694715791e-01 -1.911639929378682450e-05
-3.121330724070449647e-01 -1.856507739037071569e-05
-3.101761252446184058e-01 -1.801800855786145000e-05
-3.082191780821917360e-01 -1.747332056231400856e-05
-3.062622309197651216e-01 -1.692904577107094425e-05
-3.043052837573385072e-01 -1.638312115281216692e-05
-3.023483365949118928e-01 -1.583338827749892743e-05
-3.003913894324852785e-01 -1.533701129601288779e-05
-2.984344422700586641e-01 -1.487300648588219611e-05
-2.964774951076320497e-01 -1.442162335538065431e-05
-2.945205479452054353e-01 -1.398278468877796728e-05
-2.925636007827788210e-01 -1.355641327033140205e-05
-2.906066536203522066e-01 -1.314243188430755659e-05
-2.886497064579256477e-01 -1.274076331496991346e-05
-2.866927592954989779e-01 -1.235133034657885171e-05
-2.847358121330723080e-01 -1.197405576340407960e-05
-2.827788649706456936e-01 -1.160886234970596939e-05
-2.808219178082191347e-01 -1.125567288975112244e-05
-2.788649706457925204e-01 -1.091441016779991270e-05
-2.769080234833659060e-01 -1.058499696811582614e-05
-2.749510763209392916e-01 -1.026278545306986654e-05
-2.729941291585126772e-01 -9.945187599128120189e-06
-2.710371819960860629e-01 -9.636862568993359332e-06
-2.690802348336594485e-01 -9.337579048916995738e-06
-2.671232876712328341e-01 -9.047105725156661784e-06
-2.651663405088062198e-01 -8.765211283951326326e-06
-2.632093933463796054e-01 -8.491664411546177133e-06
-2.612524461839529355e-01 -8.226233794208179194e-06
-2.592954990215263211e-01 -7.968688118173192751e-06
-2.573385518590997623e-01 -7.718796069701957101e-06
-2.553816046966731479e-01 -7.476326335030331639e-06
-2.534246575342465335e-01 -7.241047600415948745e-06
-2.514677103718199191e-01 -7.012728552110219340e-06
-2.495107632093933048e-01 -6.791227706267267490e-06
-2.475538160469666626e-01 -6.576687545557333378e-06
-2.455968688845400483e-01 -6.368530671850263608e-06
-2.436399217221134617e-01 -6.166533902779126854e-06
-2.416829745596868473e-01 -5.970474055955215424e-06
-2.397260273972602329e-01 -5.780127949020928909e-06
-2.377690802348336185e-01 -5.595272399590671612e-06
-2.358121330724069764e-01 -5.415684225285066754e-06
-2.338551859099803620e-01 -5.241140243743404469e-06
-2.318982387475537754e-01 -5.071417272583198519e-06
-2.299412915851271055e-01 -4.906292129425073819e-06
-2.279843444227005189e-01 -4.745541631895876741e-06
-2.260273972602739045e-01 -4.588942597619341657e-06
-2.240704500978472902e-01 -4.436271844225427785e-06
-2.221135029354206758e-01 -4.291816427790514371e-06
-2.201565557729940892e-01 -4.152305746787046415e-06
-2.181996086105674748e-01 -4.017209130708322122e-06
-2.162426614481408604e-01 -3.886379484293794520e-06
-2.142857142857142461e-01 -3.759669712295361669e-06
-2.123287671232876039e-01 -3.636932719455587748e-06
-2.103718199608609618e-01 -3.518021410526369545e-06
-2.084148727984343474e-01 -3.402788690234718870e-06
-2.064579256360077331e-01 -3.291087463338753119e-06
-2.045009784735811464e-01 -3.182770634590370352e-06
-2.025440313111545321e-01 -3.077691108697915889e-06
-2.005870841487279177e-01 -2.975701790447506226e-06
-1.986301369863013033e-01 -2.876655584563040747e-06
-1.966731898238747167e-01 -2.781946417072516316e-06
-1.947162426614481023e-01 -2.691183186353471459e-06
-1.927592954990214602e-01 -2.603489441485482293e-06
-1.908023483365948458e-01 -2.518756151205107120e-06
-1.888454011741682315e-01 -2.436874284270677225e-06
-1.868884540117416448e-01 -2.357734809434303707e-06
-1.849315068493149750e-01 -2.281228695457429850e-06
-1.829745596868883606e-01 -2.207246911095277058e-06
-1.810176125244617740e-01 -2.135680425090624244e-06
-1.790606653620351596e-01 -2.066420206214246453e-06
-1.771037181996085452e-01 -1.999357223205811446e-06
-1.751467710371819031e-01 -1.934382444823651780e-06
-1.731898238747552887e-01 -1.871386839822989281e-06
-1.712328767123286744e-01 -1.810636264059848509e-06
-1.692759295499020877e-01 -1.752476943486448542e-06
-1.673189823874754734e-01 -1.696281452639278654e-06
-1.653620352250488590e-01 -1.641976537623066240e-06
-1.634050880626222724e-01 -1.589490587365620540e-06
-1.614481409001956025e-01 -1.538753633633386708e-06
-1.594911937377690159e-01 -1.489697351050110394e-06
-1.575342465753424015e-01 -1.442255057037733056e-06
-1.555772994129157316e-01 -1.396361711894161229e-06
-1.536203522504891450e-01 -1.351953918740383933e-06
-1.516634050880625306e-01 -1.308969923542247345e-06
-1.497064579256359163e-01 -1.267349615091790005e-06
-1.477495107632093296e-01 -1.227034525035241070e-06
-1.457925636007827153e-01 -1.187993480037037743e-06
-1.438356164383561009e-01 -1.150416416675392808e-06
-1.418786692759294865e-01 -1.114058580572103359e-06
-1.399217221135028999e-01 -1.078877372034618693e-06
-1.379647749510762300e-01 -1.044832266483244030e-06
-1.360078277886495879e-01 -1.011884814497801870e-06
-1.340508806262229735e-01 -9.799986417865242827e-07
-1.320939334637963869e-01 -9.491394491860527992e-07
-1.301369863013697725e-01 -9.192750126832145733e-07
-1.281800391389431582e-01 -8.903751833776918382e-07
-1.262230919765165438e-01 -8.624118875349063029e-07
-1.242661448140899433e-01 -8.353591265331350736e-07
-1.223091976516633428e-01 -8.091929769101728519e-07
-1.203522504892367284e-01 -7.838915903011159883e-07
-1.183953033268100863e-01 -7.592584358438015941e-07
-1.164383561643834719e-01 -7.353625810514357388e-07
-1.144814090019568714e-01 -7.122132829339196185e-07
-1.125244618395302570e-01 -6.897897405189986806e-07
-1.105675146771036566e-01 -6.680729018090500454e-07
-1.086105675146770005e-01 -6.470454637375317771e-07
-1.066536203522504417e-01 -6.266918721689829902e-07
-1.046966731898237857e-01 -6.069983219207994782e-07
-1.027397260273972268e-01 -5.879527567445683897e-07
-1.007827788649705292e-01 -5.695448693447335523e-07
-9.882583170254388705e-02 -5.517661013537090091e-07
-9.686888454011731431e-02 -5.346096433536545422e-07
-9.491193737769067218e-02 -5.180704348702536861e-07
-9.295499021526411332e-02 -5.021451643571607201e-07
-9.099804305283745731e-02 -4.868322692302181530e-07
-8.904109589041089845e-02 -4.721319358332390798e-07
-8.708414872798424244e-02 -4.580460994504498840e-07
-8.512720156555768358e-02 -4.445784443158225291e-07
-8.317025440313102758e-02 -4.317344036006314328e-07
-8.121330724070446871e-02 -4.195211594258968573e-07
-7.925636007827781271e-02 -4.079476428188338634e-07
-7.729941291585125385e-02 -3.970245338061753832e-07
-7.534246575342459784e-02 -3.867642613146277963e-07
-7.338551859099795571e-02 -3.771810032175322804e-07
-7.142857142857129971e-02 -3.682906863535293950e-07
-6.947162426614464370e-02 -3.601109864674548684e-07
-6.751467710371808484e-02 -3.518721020468328109e-07
-6.555772994129142883e-02 -3.421301968286201748e-07
-6.360078277886486997e-02 -3.326786720144319445e-07
-6.164383561643822090e-02 -3.235058292829287776e-07
-5.968688845401166204e-02 -3.146005699738371915e-07
-5.772994129158500604e-02 -3.059523951719402395e-07
-5.577299412915844717e-02 -2.975514056355298547e-07
-5.381604696673179117e-02 -2.893883018337361747e-07
-5.185909980430523231e-02 -2.814543839185305085e-07
-4.990215264187858324e-02 -2.737415517776084092e-07
-4.794520547945192723e-02 -2.662423049815066013e-07
-4.598825831702536837e-02 -2.589497427898246495e-07
-4.403131115459871237e-02 -2.518575641823324556e-07
-4.207436399217215350e-02 -2.449600678371950526e-07
-4.011741682974550444e-02 -2.382521521247509632e-07
-3.816046966731893864e-02 -2.317293151292874838e-07
-3.620352250489228957e-02 -2.253876546241547777e-07
-3.424657534246564050e-02 -2.192238680842088417e-07
-3.228962818003898450e-02 -2.132352527075867644e-07
-3.033268101761242563e-02 -2.074197053690453489e-07
-2.837573385518577310e-02 -2.017757226417365035e-07
-2.641878669275921077e-02 -1.963024008314255197e-07
-2.446183953033255823e-02 -1.909994359049436286e-07
-2.250489236790590569e-02 -1.858671235679570603e-07
-2.054794520547934683e-02 -1.809063592027516535e-07
-1.859099804305269429e-02 -1.761186378993406964e-07
-1.663405088062613196e-02 -1.715060544523540127e-07
-1.467710371819948116e-02 -1.665451084996865283e-07
-1.272015655577291883e-02 -1.614968431981345520e-07
-1.076320939334626803e-02 -1.565264419215510081e-07
-8.806262230919707432e-03 -1.516317349277828799e-07
-6.849315068493054028e-03 -1.468109802071884250e-07
-4.892367906066493431e-03 -1.420628634390868175e-07
-2.935420743639841328e-03 -1.373864980073118168e-07
-9.784735812132805150e-04 -1.327814249815471319e-07
9.784735812133715880e-04 -1.282476131608772559e-07
2.935420743640114981e-03 -1.237854590209043930e-07
4.892367906066675577e-03 -1.193957867417453330e-07
6.849315068493328114e-03 -1.150798482391390930e-07
8.806262230919889578e-03 -1.108393230804563355e-07
1.076320939334654038e-02 -1.066763185593576858e-07
1.272015655577310271e-02 -1.025933696864613476e-07
1.467710371819975351e-02 -9.859343914268181898e-08
1.663405088062631584e-02 -9.467991733522348119e-08
1.859099804305296838e-02 -9.085662235091924791e-08
2.054794520547952724e-02 -8.712780000289194269e-08
2.250489236790617978e-02 -8.349812378078215326e-08
2.446183953033274211e-02 -7.997269491296343678e-08
2.641878669275939465e-02 -7.655704227633022725e-08
2.837573385518604718e-02 -7.325712249895301414e-08
3.033268101761260604e-02 -7.007931987919846177e-08
3.228962818003926205e-02 -6.703044643550170056e-08
3.424657534246582091e-02 -6.411774187836936025e-08
3.620352250489246998e-02 -6.107099431823063179e-08
3.816046966731912599e-02 -5.696889543079728601e-08
4.011741682974577505e-02 -5.282659193636841285e-08
4.207436399217233391e-02 -4.864103884956056384e-08
4.403131115459898992e-02 -4.440932993107560241e-08
4.598825831702554878e-02 -4.012869772814054494e-08
4.794520547945220479e-02 -3.579651353095695811e-08
4.990215264187876365e-02 -3.141028741003006486e-08
5.185909980430541272e-02 -2.696766819439341989e-08
5.381604696673206872e-02 -2.246644346849815803e-08
5.577299412915862759e-02 -1.790453961265285839e-08
5.772994129158528359e-02 -1.328002172836532926e-08
5.968688845401184245e-02 -8.591093719222346394e-09
6.164383561643849152e-02 -3.836098228674466842e-09
6.360078277886505038e-02 9.864833350778996903e-10
6.555772994129170639e-02 5.878030771087651655e-09
6.751467710371826525e-02 1.083978513543314588e-08
6.947162426614492126e-02 1.587284872877516737e-08
7.142857142857148012e-02 2.097818507147083722e-08
7.338551859099813612e-02 2.615661891601667488e-08
7.534246575342477825e-02 3.140883627815617104e-08
7.729941291585143426e-02 3.673538435600005415e-08
7.925636007827809026e-02 4.213667165445665800e-08
8.121330724070464913e-02 4.761296783591547801e-08
8.317025440313130513e-02 5.316440386023134669e-08
8.512720156555786399e-02 5.879097190695544030e-08
8.708414872798452000e-02 6.449252535978148413e-08
8.904109589041107886e-02 7.087493121208417795e-08
9.099804305283773487e-02 7.774819142637959763e-08
9.295499021526429373e-02 8.482895764108214135e-08
9.491193737769093586e-02 9.212440056072538865e-08
9.686888454011750860e-02 9.964173966343767515e-08
9.882583170254415073e-02 1.073882432320495892e-07
1.007827788649707096e-01 1.153712283416510448e-07
1.027397260273973656e-01 1.235980608471481424e-07
1.046966731898240216e-01 1.320761553770417386e-07
1.066536203522505805e-01 1.408129753738672076e-07
1.086105675146772365e-01 1.498160330724192890e-07
1.105675146771037953e-01 1.590928894624228161e-07
1.125244618395304513e-01 1.686511543445264115e-07
1.144814090019570935e-01 1.784984863209703545e-07
1.164383561643837495e-01 1.886425927613680380e-07
1.183953033268103083e-01 1.990912298338136244e-07
1.203522504892369643e-01 2.098522024924391312e-07
1.223091976516635232e-01 2.209333644805249482e-07
1.242661448140901792e-01 2.323426183242785919e-07
1.262230919765167381e-01 2.440879153514989972e-07
1.281800391389433802e-01 2.561772556729122523e-07
1.301369863013700501e-01 2.686186881915034932e-07
1.320939334637966089e-01 2.814203105807420420e-07
1.340508806262232511e-01 2.945902693281316328e-07
1.360078277886498099e-01 3.081367596947707820e-07
1.379647749510764798e-01 3.220680257371281001e-07
1.399217221135030387e-01 3.365224037975129462e-07
1.418786692759296808e-01 3.524296317045964938e-07
1.438356164383562397e-01 3.689072646461000171e-07
1.457925636007828818e-01 3.859733712090945370e-07
1.477495107632094684e-01 4.036463011901789807e-07
1.497064579256361938e-01 4.219446855985909638e-07
1.516634050880628637e-01 4.408874366499852268e-07
1.536203522504894226e-01 4.604937477508799404e-07
1.555772994129160647e-01 4.807830935110997774e-07
1.575342465753426235e-01 5.017752297655509603e-07
1.594911937377692657e-01 5.234901935337817898e-07
1.614481409001958245e-01 5.459483030386467518e-07
1.634050880626224944e-01 5.691701577187499605e-07
1.653620352250490533e-01 5.931766382128911984e-07
1.673189823874756954e-01 6.179889063445118501e-07
1.692759295499022543e-01 6.436284051808000144e-07
1.712328767123289242e-01 6.701168589611421609e-07
1.731898238747554830e-01 6.974762731282316850e-07
1.751467710371821251e-01 7.257289343529538896e-07
1.771037181996087673e-01 7.548974104908364205e-07
1.790606653620353539e-01 7.850045506038239431e-07
1.810176125244619960e-01 8.160734849602781421e-07
1.829745596868885549e-01 8.481276250411996022e-07
1.849315068493151970e-01 8.811906635122307217e-07
1.868884540117418669e-01 9.152865742454311303e-07
1.888454011741685090e-01 9.504396123410526825e-07
1.908023483365950679e-01 9.866743140808787414e-07
1.927592954990217378e-01 1.025041948928537896e-06
1.947162426614482966e-01 1.065517562314000803e-06
1.966731898238749388e-01 1.107451844846653899e-06
1.986301369863014976e-01 1.150893524610802317e-06
2.005870841487281397e-01 1.195892565209678649e-06
2.025440313111548096e-01 1.242500182933722098e-06
2.045009784735813685e-01 1.290768863894641931e-06
2.064579256360080106e-01 1.340752381199918509e-06
2.084148727984345695e-01 1.392505812065089951e-06
2.103718199608612394e-01 1.446085554963369236e-06
2.123287671232877982e-01 1.501549346806366054e-06
2.142857142857144404e-01 1.558956280031489122e-06
2.162426614481409992e-01 1.618366819810665012e-06
2.181996086105676413e-01 1.679842821147072662e-06
2.201565557729942280e-01 1.743447546037200631e-06
2.221135029354208701e-01 1.809245680626685880e-06
2.240704500978475122e-01 1.877303352338154073e-06
2.260273972602741821e-01 1.947688147027056238e-06
2.279843444227008242e-01 2.020469126143729201e-06
2.299412915851273831e-01 2.095716843827015346e-06
2.318982387475540252e-01 2.173503364119207553e-06
2.338551859099806118e-01 2.253902278034782704e-06
2.358121330724072540e-01 2.336988720787788478e-06
2.377690802348338128e-01 2.422839388885463744e-06
2.397260273972604550e-01 2.511532557265413382e-06
2.416829745596870138e-01 2.603148096485662528e-06
2.436399217221136837e-01 2.697823651338736267e-06
2.455968688845402426e-01 2.797290411390074275e-06
2.475538160469668847e-01 2.900204678436582822e-06
2.495107632093934436e-01 3.006674357320216986e-06
2.514677103718200857e-01 3.116809934172315083e-06
2.534246575342467556e-01 3.230724509869816557e-06
2.553816046966733144e-01 3.348533833488364908e-06
2.573385518590999843e-01 3.470356335811408807e-06
2.592954990215265432e-01 3.596313162761530771e-06
2.612524461839531575e-01 3.726528208921989079e-06
2.632093933463798274e-01 3.861128150971159714e-06
2.651663405088064973e-01 4.000242481154305354e-06
2.671232876712330562e-01 4.144003540808227165e-06
2.690802348336597261e-01 4.292546553755267704e-06
2.710371819960862849e-01 4.446009659846627079e-06
2.729941291585128993e-01 4.604533948387469749e-06
2.749510763209394582e-01 4.768263491646026484e-06
2.769080234833661280e-01 4.937345378288035465e-06
2.788649706457926869e-01 5.111929746898278693e-06
2.808219178082193568e-01 5.292169819396364640e-06
2.827788649706459712e-01 5.478221934567598965e-06
2.847358121330726410e-01 5.670245581497427304e-06
2.866927592954990889e-01 5.868403433027649344e-06
2.886497064579257588e-01 6.072861379312177908e-06
2.906066536203524286e-01 6.283788561189269714e-06
2.925636007827790430e-01 6.501357403712395240e-06
2.945205479452055464e-01 6.725743649612676805e-06
2.964774951076322163e-01 6.955652389387581248e-06
2.984344422700589416e-01 7.190865702976776731e-06
3.003913894324856115e-01 7.432936485038792117e-06
3.023483365949122259e-01 7.682015179526095126e-06
3.043052837573387293e-01 7.938254102766496663e-06
3.062622309197653436e-01 8.201807447902200617e-06
3.082191780821920135e-01 8.472831289316418374e-06
3.101761252446186834e-01 8.751483587134634034e-06
3.121330724070451312e-01 9.037924191644993233e-06
3.140900195694718011e-01 9.332314847784023608e-06
3.160469667318984155e-01 9.634819199560128844e-06
3.180039138943250854e-01 9.945602794539302368e-06
3.199608610567515332e-01 1.026483308826552124e-05
3.219178082191782031e-01 1.059267944878378692e-05
3.238747553816049285e-01 1.092931316099519256e-05
3.258317025440315429e-01 1.127490743120484623e-05
3.277886497064582683e-01 1.162963739151115496e-05
3.297455968688846606e-01 1.199368010432887396e-05
3.317025440313113860e-01 1.236721456676904625e-05
3.336594911937379448e-01 1.275042171515894492e-05
3.356164383561646702e-01 1.314348442944379167e-05
3.375733855185910626e-01 1.354658753768802880e-05
3.395303326810177880e-01 1.395991782052680940e-05
3.414872798434443468e-01 1.438366401556151385e-05
3.434442270058711277e-01 1.481801682189832860e-05
3.454011741682974646e-01 1.526316890455621064e-05
3.473581213307242455e-01 1.571931489893081387e-05
3.493150684931508043e-01 1.616430274576456040e-05
3.512720156555775297e-01 1.661590710938461212e-05
3.532289628180040886e-01 1.707511930448049462e-05
3.551859099804306474e-01 1.754184126243730986e-05
3.571428571428574283e-01 1.801596457560864219e-05
3.590998043052839872e-01 1.849737028170359661e-05
3.610567514677107126e-01 1.898592864816765359e-05
3.630136986301371049e-01 1.948149895658213840e-05
3.649706457925638303e-01 1.998392928700152153e-05
3.669275929549903892e-01 2.049305630240579021e-05
3.688845401174171146e-01 2.100870503300350848e-05
3.708414872798435069e-01 2.153068866069665358e-05
3.727984344422702323e-01 2.205880830338365233e-05
3.747553816046967912e-01 2.259285279941489338e-05
3.767123287671235721e-01 2.313259849192067310e-05
3.786692759295501309e-01 2.367780901322622650e-05
3.806262230919766898e-01 2.422823506919836539e-05
3.825831702544032487e-01 2.478361422367607100e-05
3.845401174168299741e-01 2.534367068285131838e-05
3.864970645792565329e-01 2.590811507959081176e-05
3.884540117416830918e-01 2.647664425786659076e-05
3.904109589041098727e-01 2.704894105713996508e-05
3.923679060665364315e-01 2.762467409674546271e-05
3.943248532289631569e-01 2.820349756023743084e-05
3.962818003913895493e-01 2.878505097982999664e-05
3.982387475538162747e-01 2.936895902072498942e-05
4.001956947162428335e-01 2.996109287397374658e-05
4.021526418786695589e-01 3.056615750773968487e-05
4.041095890410961178e-01 3.117589134359603125e-05
4.060665362035226766e-01 3.179020378693767491e-05
4.080234833659492910e-01 3.240900424315327431e-05
4.099804305283760164e-01 3.303220211765328033e-05
4.119373776908025753e-01 3.365970681582946850e-05
4.138943248532291341e-01 3.429142774307672464e-05
4.158512720156556930e-01 3.492727430480858963e-05
4.178082191780824184e-01 3.556715590641063869e-05
4.197651663405089772e-01 3.621098195328084765e-05
4.217221135029355361e-01 3.685866185082968093e-05
4.236790606653620950e-01 3.751010500443645253e-05
4.256360078277888759e-01 3.816522081951783394e-05
4.275929549902154347e-01 3.882391870145626976e-05
4.295499021526421601e-01 3.948610805566530766e-05
4.315068493150687190e-01 4.015169828753050254e-05
4.334637964774952779e-01 4.077890837012833802e-05
4.354207436399220033e-01 4.127545320655807070e-05
4.373776908023486176e-01 4.174823474333472950e-05
4.393346379647751765e-01 4.219591391105257413e-05
4.412915851272017354e-01 4.261715164031209852e-05
4.432485322896284607e-01 4.301060886168890733e-05
4.452054794520550196e-01 4.337494650578660476e-05
4.471624266144815785e-01 4.370882550318389904e-05
4.491193737769081373e-01 4.401090678448440113e-05
4.510763209393348627e-01 4.427985128026681248e-05
4.530332681017614216e-01 4.451431992112853022e-05
4.549902152641882025e-01 4.472626655041905754e-05
4.569471624266145393e-01 4.495048733527288656e-05
4.589041095890413202e-01 4.515074190108870619e-05
4.608610567514678791e-01 4.532670667043801335e-05
4.628180039138946045e-01 4.547805806586123581e-05
4.647749510763211633e-01 4.560447250991122225e-05
4.667318982387477222e-01 4.570562642514704871e-05
4.686888454011745031e-01 4.578119623409668141e-05
4.706457925636010620e-01 4.583085835933164439e-05
4.726027397260276208e-01 4.585428922339856571e-05
4.745596868884541797e-01 4.585116524885029404e-05
4.765166340508809051e-01 4.582857272758990438e-05
4.784735812133074639e-01 4.580918899235120949e-05
4.804305283757341893e-01 4.577177142833429040e-05
4.823874755381605817e-01 4.571677157936370183e-05
4.843444227005873071e-01 4.564464098928264679e-05
4.863013698630138659e-01 4.555583120193432828e-05
4.882583170254406468e-01 4.545079376114328747e-05
4.902152641878670392e-01 4.532998021077140952e-05
4.921722113502937646e-01 4.519384209465567004e-05
4.941291585127203234e-01 4.504283095660816899e-05
4.960861056751470488e-01 4.487080263743084590e-05
4.980430528375734411e-01 4.466629889289330742e-05
5.000000000000002220e-01 4.444155965266632230e-05
