5.000000000000000000e-01 -0.000000000000000000e+00
4.980430528375733301e-01 -2.452908348618511192e-12
4.960861056751467713e-01 -1.957734576049200448e-12
4.941291585127201569e-01 -1.841757693281688244e-12
4.921722113502935980e-01 -1.743621014971272333e-12
4.902152641878669281e-01 -1.771557188663853187e-12
4.882583170254402583e-01 -1.812883625666908026e-12
4.863013698630136994e-01 -1.854208507290324395e-12
4.843444227005870295e-01 -1.895534944293379234e-12
4.823874755381604706e-01 -2.009058993370495299e-12
4.804305283757338563e-01 -2.139735769104355722e-12
4.784735812133072974e-01 -2.270415655597493487e-12
4.765166340508806275e-01 -2.401093986710992581e-12
4.745596868884539576e-01 -2.531772317824491676e-12
4.726027397260273988e-01 -2.662450648937990770e-12
4.706457925636007844e-01 -2.793128980051489864e-12
4.686888454011742255e-01 -2.923808866544627629e-12
4.667318982387475557e-01 -3.188360278549731816e-12
4.647749510763208858e-01 -3.536368695834208033e-12
4.628180039138943269e-01 -3.884375557739045579e-12
4.608610567514677125e-01 -4.232382419643882721e-12
4.589041095890410982e-01 -4.580390836928359342e-12
4.569471624266144838e-01 -4.928397698833196484e-12
4.549902152641878139e-01 -5.276406116117673105e-12
4.530332681017612551e-01 -5.624411422642871576e-12
4.510763209393345852e-01 -5.972419839927348197e-12
4.491193737769080263e-01 -6.320428257211824010e-12
4.471624266144814119e-01 -6.668435119116661960e-12
4.452054794520548531e-01 -7.016443536401138581e-12
4.432485322896281832e-01 -7.364448842926336245e-12
4.412915851272015133e-01 -7.712458815590452344e-12
4.393346379647749544e-01 -8.060465677495289486e-12
4.373776908023483401e-01 -8.408472539400126629e-12
4.354207436399216702e-01 -9.200243210672845895e-12
4.334637964774951113e-01 -1.146104195396360606e-11
4.315068493150684414e-01 -1.372183758649509051e-11
4.295499021526418826e-01 -1.598263166364693386e-11
4.275929549902152127e-01 -1.824342885155805616e-11
4.256360078277886538e-01 -2.050422292870989951e-11
4.236790606653620395e-01 -2.276502011662102182e-11
4.217221135029353696e-01 -2.502581574915250465e-11
4.197651663405088107e-01 -2.728661138168398748e-11
4.178082191780821408e-01 -2.954740701421547354e-11
4.158512720156555265e-01 -3.180820109136731365e-11
4.138943248532289676e-01 -3.406899827927843919e-11
4.119373776908022977e-01 -3.632979391180992202e-11
4.099804305283757389e-01 -3.859058954434140485e-11
4.080234833659491245e-01 -4.085138673225252392e-11
4.060665362035224546e-01 -4.311218080940437050e-11
4.041095890410958957e-01 -4.537297644193585333e-11
4.021526418786692814e-01 -4.763377207446733616e-11
4.001956947162426670e-01 -4.989456926237846170e-11
3.982387475538159971e-01 -5.215536489490994453e-11
3.962818003913894382e-01 -5.441615897206178464e-11
3.943248532289627684e-01 -5.667695615997291018e-11
3.923679060665362095e-01 -5.893775023712475030e-11
3.904109589041095951e-01 -6.119854742503587584e-11
3.884540117416829808e-01 -6.345934305756735867e-11
3.864970645792563664e-01 -6.572013869009884150e-11
3.845401174168296965e-01 -6.798093276725068161e-11
3.825831702544031376e-01 -7.024172839978216444e-11
3.806262230919765233e-01 -7.250252714307293269e-11
3.786692759295498534e-01 -7.476332122022477281e-11
3.767123287671232945e-01 -7.702411840813589835e-11
3.747553816046966246e-01 -7.928491248528773846e-11
3.727984344422700103e-01 -8.154570811781922129e-11
3.708414872798433959e-01 -1.401143854312111527e-10
3.688845401174168370e-01 -2.637283719815727882e-10
3.669275929549902227e-01 -3.873423600873140794e-10
3.649706457925635528e-01 -5.109563450822960075e-10
3.630136986301369939e-01 -6.345703316326576948e-10
3.610567514677103240e-01 -7.581843197383989342e-10
3.590998043052837096e-01 -8.817983062887606214e-10
3.571428571428571508e-01 -1.005412291283742550e-09
3.551859099804304809e-01 -1.129026279389483789e-09
3.532289628180039220e-01 -1.252640265939845476e-09
3.512720156555772522e-01 -1.376254252490207163e-09
3.493150684931506378e-01 -1.499868240595948403e-09
3.473581213307240789e-01 -1.623482225590930331e-09
3.454011741682974646e-01 -1.747096212141292018e-09
3.434442270058707947e-01 -1.870710200247033465e-09
3.414872798434441803e-01 -1.994324186797394945e-09
3.395303326810176214e-01 -2.117938171792376873e-09
3.375733855185909515e-01 -2.241552159898118319e-09
3.356164383561643372e-01 -2.365166146448479800e-09
3.336594911937377783e-01 -2.488780132998841280e-09
3.317025440313111084e-01 -2.612394119549203174e-09
3.297455968688845496e-01 -2.736008106099564655e-09
3.277886497064578797e-01 -2.859622092649926135e-09
3.258317025440312653e-01 -2.983236080755667581e-09
3.238747553816047065e-01 -3.106850065750649510e-09
3.219178082191780366e-01 -3.230464052301011404e-09
3.199608610567514222e-01 -3.354078038851372884e-09
3.180039138943248078e-01 -3.477692026957113917e-09
3.160469667318982490e-01 -3.601306011952096258e-09
3.140900195694715791e-01 -3.724920000057837291e-09
3.121330724070449647e-01 -3.848533988163578737e-09
3.101761252446184058e-01 -3.972147974713940631e-09
3.082191780821917360e-01 -4.095761959708922560e-09
3.062622309197651216e-01 -4.219375947814663592e-09
3.043052837573385072e-01 -4.342989934365025486e-09
3.023483365949118928e-01 -4.466603920915386553e-09
3.003913894324853340e-01 -4.590217909021128413e-09
2.984344422700586641e-01 -4.713831894016110341e-09
2.964774951076320497e-01 -4.837445880566471408e-09
2.945205479452054353e-01 -4.961059868672213268e-09
2.925636007827788210e-01 -5.084673855222574335e-09
2.906066536203522066e-01 -5.208287840217556263e-09
2.886497064579256477e-01 -5.331901828323298123e-09
2.866927592954989779e-01 -5.455515814873659189e-09
2.847358121330723635e-01 -5.579129801424021083e-09
2.827788649706457491e-01 -5.702743787974382977e-09
2.808219178082191347e-01 -5.826357774524744044e-09
2.788649706457925759e-01 -5.949971761075105938e-09
2.769080234833659615e-01 -6.073585749180846971e-09
2.749510763209392916e-01 -6.197199734175828899e-09
2.729941291585126772e-01 -6.320813720726190793e-09
2.710371819960860629e-01 -6.444427708831931826e-09
2.690802348336594485e-01 -6.568041695382293720e-09
2.671232876712328896e-01 -6.691655680377275648e-09
2.651663405088062753e-01 -6.815269668483016681e-09
2.632093933463796054e-01 -6.938883655033378575e-09
2.612524461839529910e-01 -7.062497641583740469e-09
2.592954990215263766e-01 -7.186111628134102363e-09
2.573385518590997623e-01 -7.309725614684463430e-09
2.553816046966732034e-01 -7.433339601234825324e-09
2.534246575342465335e-01 -7.556953587785187218e-09
2.514677103718199191e-01 -7.680567575890928250e-09
2.495107632093933048e-01 -7.804181560885909351e-09
2.475538160469667182e-01 -7.927795547436271245e-09
2.455968688845400483e-01 -8.051409535542012278e-09
2.436399217221134617e-01 -8.175023522092374172e-09
2.416829745596868473e-01 -9.715403442064422979e-09
2.397260273972602329e-01 -1.136570485634798425e-08
2.377690802348336185e-01 -1.301600627218692465e-08
2.358121330724070319e-01 -1.466630768647048427e-08
2.338551859099803620e-01 -1.631660909919866640e-08
2.318982387475537754e-01 -1.796691051659298594e-08
2.299412915851271610e-01 -1.961721193087654721e-08
2.279843444227005467e-01 -2.126751334516010848e-08
2.260273972602739323e-01 -2.291781476099904723e-08
2.240704500978473457e-01 -2.456811617683798598e-08
2.221135029354206758e-01 -2.621841759267692804e-08
2.201565557729940892e-01 -2.805524225789459924e-08
2.181996086105674748e-01 -3.050685787761239230e-08
2.162426614481408604e-01 -3.295847350044094032e-08
2.142857142857142461e-01 -3.541008912171411747e-08
2.123287671232876039e-01 -3.786170474454266549e-08
2.103718199608609896e-01 -4.031332036426045854e-08
2.084148727984344029e-01 -4.276493598553362908e-08
2.064579256360077886e-01 -4.521655160680680624e-08
2.045009784735811742e-01 -4.766816722963535426e-08
2.025440313111545876e-01 -5.011978285246390890e-08
2.005870841487279177e-01 -5.257139847218170195e-08
1.986301369863013033e-01 -5.502301409345487248e-08
1.966731898238747167e-01 -5.974675421616254997e-08
1.947162426614481023e-01 -6.642523729616676441e-08
1.927592954990214880e-01 -7.310372037772635632e-08
1.908023483365949013e-01 -7.978220345928594824e-08
1.888454011741682315e-01 -8.646068654084554016e-08
1.868884540117415893e-01 -9.313916962084975459e-08
1.849315068493150305e-01 -9.983712552665811328e-08
1.829745596868884161e-01 -1.066026964590629400e-07
1.810176125244617740e-01 -1.133682673899123759e-07
1.790606653620352151e-01 -1.201338383223172158e-07
1.771037181996085452e-01 -1.268994092531666385e-07
1.751467710371819586e-01 -1.336649801855714784e-07
1.731898238747553720e-01 -1.404305511164209011e-07
1.712328767123286744e-01 -1.494715516759990379e-07
1.692759295499021155e-01 -1.587385396923588265e-07
1.673189823874754734e-01 -1.680055277087186415e-07
1.653620352250488590e-01 -1.772725157235230923e-07
1.634050880626222169e-01 -1.865395037398829074e-07
1.614481409001956580e-01 -1.958064917546873317e-07
1.594911937377690436e-01 -2.069088164885548771e-07
1.575342465753424015e-01 -2.199682175618084669e-07
1.555772994129158426e-01 -2.339193878440649365e-07
1.536203522504891728e-01 -2.487623273384350145e-07
1.516634050880625861e-01 -2.644970360449187536e-07
1.497064579256359163e-01 -2.811235139619607104e-07
1.477495107632093296e-01 -2.983771107756307707e-07
1.457925636007827708e-01 -3.156653547688531843e-07
1.438356164383561009e-01 -3.335605631644421372e-07
1.418786692759294865e-01 -3.520627359592867949e-07
1.399217221135028444e-01 -3.711718731596087733e-07
1.379647749510762855e-01 -3.908879747576310922e-07
1.360078277886496712e-01 -4.112110407595753147e-07
1.340508806262230290e-01 -4.326809331756758279e-07
1.320939334637964702e-01 -4.549264795918789334e-07
1.301369863013697725e-01 -4.779321974652931123e-07
1.281800391389432137e-01 -5.016980868052507620e-07
1.262230919765165438e-01 -5.262241476086411010e-07
1.242661448140899433e-01 -5.515103798770194934e-07
1.223091976516633844e-01 -5.793684155676191186e-07
1.203522504892367284e-01 -6.096031944934961106e-07
1.183953033268101279e-01 -6.413933942524079614e-07
1.164383561643834719e-01 -6.747390148427995185e-07
1.144814090019569131e-01 -7.096400562631152060e-07
1.125244618395302570e-01 -7.460965185195765867e-07
1.105675146771036566e-01 -7.842564752454070781e-07
1.086105675146770561e-01 -8.243988592831524078e-07
1.066536203522504000e-01 -8.663284934144383867e-07
1.046966731898238412e-01 -9.100756667492799540e-07
1.027397260273971852e-01 -9.556706683976920488e-07
1.007827788649705847e-01 -1.003143787466578670e-06
9.882583170254401195e-02 -1.052513957615614017e-06
9.686888454011736982e-02 -1.103285645452902170e-06
9.491193737769075545e-02 -1.155786516624316238e-06
9.295499021526411332e-02 -1.210014189471893459e-06
9.099804305283754058e-02 -1.265966282337671285e-06
8.904109589041089845e-02 -1.323640413560576015e-06
8.708414872798424244e-02 -1.383034201485755617e-06
8.512720156555768358e-02 -1.445479313028623354e-06
8.317025440313102758e-02 -1.510910000100316939e-06
8.121330724070446871e-02 -1.579015805512427712e-06
7.925636007827781271e-02 -1.649914283708631053e-06
7.729941291585125385e-02 -1.723722989145045468e-06
7.534246575342459784e-02 -1.800559476273123368e-06
7.338551859099795571e-02 -1.880467162520038768e-06
7.142857142857138297e-02 -1.963463897190774831e-06
6.947162426614474084e-02 -2.049742519443034881e-06
6.751467710371818198e-02 -2.139407804055679015e-06
6.555772994129152598e-02 -2.232564525818455304e-06
6.360078277886486997e-02 -2.329317459508668904e-06
6.164383561643831111e-02 -2.429783878502006545e-06
5.968688845401166204e-02 -2.534231871523284580e-06
5.772994129158509624e-02 -2.642671448109292553e-06
5.577299412915844717e-02 -2.755218338182728860e-06
5.381604696673188831e-02 -2.871988271658516559e-06
5.185909980430523231e-02 -2.993096978464020772e-06
4.990215264187858324e-02 -3.118660188511052560e-06
4.794520547945201744e-02 -3.249087762159088689e-06
4.598825831702536837e-02 -3.384484105848204179e-06
4.403131115459880951e-02 -3.524951367313273022e-06
4.207436399217215350e-02 -3.670662791628797113e-06
4.011741682974550444e-02 -3.821796522464347981e-06
3.816046966731884843e-02 -3.978535602104786741e-06
3.620352250489228957e-02 -4.141067971422267108e-06
3.424657534246573071e-02 -4.309586469902676383e-06
3.228962818003907470e-02 -4.484288835626972773e-06
3.033268101761251584e-02 -4.665377705286736068e-06
2.837573385518577310e-02 -4.853060614160840358e-06
2.641878669275921077e-02 -5.047549996143448467e-06
2.446183953033255823e-02 -5.249042995389137374e-06
2.250489236790599937e-02 -5.457631299087221724e-06
2.054794520547943704e-02 -5.673635936053772301e-06
1.859099804305278450e-02 -5.897280218421042589e-06
1.663405088062613196e-02 -6.128791806952783115e-06
1.467710371819948116e-02 -6.368402711064456743e-06
1.272015655577291883e-02 -6.616349288807686296e-06
1.076320939334635823e-02 -6.872872246871810561e-06
8.806262230919707432e-03 -7.138216640596326354e-06
6.849315068493054028e-03 -7.412631873956890449e-06
4.892367906066402358e-03 -7.696371699571541891e-06
2.935420743639841328e-03 -7.989694218694477144e-06
9.784735812131892252e-04 -8.293027718683041453e-06
-9.784735812133715880e-04 -8.606582228525175052e-06
-2.935420743639932401e-03 -8.930598077581336714e-06
-4.892367906066584504e-03 -9.265361000754966639e-06
-6.849315068493237041e-03 -9.611161629306384547e-06
-8.806262230919889578e-03 -9.968295490890116719e-06
-1.076320939334645017e-02 -1.033706300952845502e-05
-1.272015655577310271e-02 -1.071776950561612237e-05
-1.467710371819966331e-02 -1.111072519592960871e-05
-1.663405088062631584e-02 -1.151624519362561080e-05
-1.859099804305296838e-02 -1.193464950821925836e-05
-2.054794520547952724e-02 -1.236598198910709424e-05
-2.250489236790617978e-02 -1.281029521767405008e-05
-2.446183953033274211e-02 -1.326823440110115187e-05
-2.641878669275930097e-02 -1.374010677528603336e-05
-2.837573385518595351e-02 -1.422622279374796084e-05
-3.033268101761260604e-02 -1.472689612759206630e-05
-3.228962818003926205e-02 -1.524244366553733511e-05
-3.424657534246582091e-02 -1.577318551391195071e-05
-3.620352250489246998e-02 -1.631944499663306918e-05
-3.816046966731903578e-02 -1.688154865524258945e-05
-4.011741682974568485e-02 -1.745982624886982621e-05
-4.207436399217233391e-02 -1.805451182272621344e-05
-4.403131115459889972e-02 -1.866366486981189639e-05
-4.598825831702554878e-02 -1.928922189264942451e-05
-4.794520547945210764e-02 -1.993141976051726182e-05
-4.990215264187876365e-02 -2.059049287264836224e-05
-5.185909980430532251e-02 -2.126667315822548384e-05
-5.381604696673197852e-02 -2.196019007636253035e-05
-5.577299412915862759e-02 -2.267127061612945059e-05
-5.772994129158518645e-02 -2.340013929652732548e-05
-5.968688845401184245e-02 -2.414701816651017413e-05
-6.164383561643840131e-02 -2.491212680497715428e-05
-6.360078277886505038e-02 -2.569568232075701423e-05
-6.555772994129170639e-02 -2.649529033946859899e-05
-6.751467710371826525e-02 -2.731151442243858959e-05
-6.947162426614492126e-02 -2.814543109191046570e-05
-7.142857142857148012e-02 -2.899706756716323292e-05
-7.338551859099813612e-02 -2.986643923635623205e-05
-7.534246575342477825e-02 -3.075354965653070776e-05
-7.729941291585135099e-02 -3.165839055361758435e-05
-7.925636007827799312e-02 -3.258094182241725217e-05
-8.121330724070456586e-02 -3.352117152663066729e-05
-8.317025440313120799e-02 -3.447903589882822810e-05
-8.512720156555776685e-02 -3.545447934047314665e-05
-8.708414872798442286e-02 -3.644578472855636064e-05
-8.904109589041107886e-02 -3.744982993827260665e-05
-9.099804305283763772e-02 -3.846930389586371497e-05
-9.295499021526429373e-02 -3.950384924390800946e-05
-9.491193737769085259e-02 -4.055308330640519340e-05
-9.686888454011750860e-02 -4.161659808874832274e-05
-9.882583170254415073e-02 -4.269396027774092307e-05
-1.007827788649708067e-01 -4.378471124158457540e-05
-1.027397260273973656e-01 -4.488836702989442031e-05
-1.046966731898239245e-01 -4.600441837367120584e-05
-1.066536203522505805e-01 -4.713233068534014261e-05
-1.086105675146771393e-01 -4.827154405872137281e-05
-1.105675146771037953e-01 -4.941917002661891232e-05
-1.125244618395304513e-01 -5.057591557271072828e-05
-1.144814090019570102e-01 -5.174108325108411156e-05
-1.164383561643836523e-01 -5.291383750299987295e-05
-1.183953033268102251e-01 -5.409330173195093312e-05
-1.203522504892368672e-01 -5.527855769160801758e-05
-1.223091976516635232e-01 -5.646864487372333871e-05
-1.242661448140900821e-01 -5.766255989608554713e-05
-1.262230919765168213e-01 -5.885925589042657148e-05
-1.281800391389433802e-01 -6.005764189037813503e-05
-1.301369863013699391e-01 -6.125658221936612722e-05
-1.320939334637964979e-01 -6.244988937961994298e-05
-1.340508806262231678e-01 -6.363526990798827631e-05
-1.360078277886498932e-01 -6.481381108572504971e-05
-1.379647749510764798e-01 -6.598355769893048865e-05
-1.399217221135030387e-01 -6.714244850677841716e-05
-1.418786692759295975e-01 -6.828831332829646218e-05
-1.438356164383562397e-01 -6.941887012924581482e-05
-1.457925636007828818e-01 -7.053172210891060984e-05
-1.477495107632095517e-01 -7.162435478698392106e-05
-1.497064579256361105e-01 -7.269413309035102860e-05
-1.516634050880626694e-01 -7.373829843998465719e-05
-1.536203522504892283e-01 -7.476558091332489650e-05
-1.555772994129159814e-01 -7.581447293114949957e-05
-1.575342465753426235e-01 -7.685162444031609164e-05
-1.594911937377691824e-01 -7.787777960657459573e-05
-1.614481409001957413e-01 -7.889392106700534538e-05
-1.634050880626224944e-01 -7.990128210771226468e-05
-1.653620352250490533e-01 -8.090135884151148109e-05
-1.673189823874756121e-01 -8.189592238561985691e-05
-1.692759295499022543e-01 -8.288703103934125759e-05
-1.712328767123288131e-01 -8.387704246176207624e-05
-1.731898238747555663e-01 -8.486862584943282632e-05
-1.751467710371821251e-01 -8.586477411406916855e-05
-1.771037181996086840e-01 -8.669198805140733411e-05
-1.790606653620353539e-01 -8.743762297006050317e-05
-1.810176125244619127e-01 -8.812078879493857669e-05
-1.829745596868886381e-01 -8.873510055000528960e-05
-1.849315068493151970e-01 -8.927386726975041083e-05
-1.868884540117417559e-01 -8.973009199919836272e-05
-1.888454011741683425e-01 -9.009647179389880197e-05
-1.908023483365949846e-01 -9.036539771993605226e-05
-1.927592954990216267e-01 -9.052895485392124374e-05
-1.947162426614482966e-01 -9.057892228299701577e-05
-1.966731898238748555e-01 -9.050677310483598549e-05
-1.986301369863014143e-01 -9.048352390575591683e-05
-2.005870841487281397e-01 -9.059575088633680144e-05
-2.025440313111546986e-01 -9.069222947439798484e-05
-2.045009784735813685e-01 -9.078077266839574514e-05
-2.064579256360079274e-01 -9.086980999748043881e-05
-2.084148727984344862e-01 -9.096838752150154220e-05
-2.103718199608612394e-01 -9.108616783100415503e-05
-2.123287671232877982e-01 -9.123343004722974574e-05
-2.142857142857143571e-01 -9.130208870090087336e-05
-2.162426614481409992e-01 -9.126297321364291526e-05
-2.181996086105675581e-01 -9.118654913467949140e-05
-2.201565557729943112e-01 -9.106979286943863382e-05
-2.221135029354208701e-01 -9.090934366280622699e-05
-2.240704500978474289e-01 -9.070150359912644144e-05
-2.260273972602740711e-01 -9.044223760220201837e-05
-2.279843444227006299e-01 -9.012717343529048854e-05
-2.299412915851273831e-01 -8.977734649973023934e-05
-2.318982387475539420e-01 -8.939094283512069583e-05
-2.338551859099805008e-01 -8.895467811252095829e-05
-2.358121330724070597e-01 -8.846644832074245792e-05
-2.377690802348338128e-01 -8.792405518244069611e-05
-2.397260273972604550e-01 -8.732520615410937614e-05
-2.416829745596870138e-01 -8.666751442608415729e-05
-2.436399217221135727e-01 -8.594849892254083877e-05
-2.455968688845401593e-01 -8.528643279174502449e-05
-2.475538160469668847e-01 -8.467052293893065731e-05
-2.495107632093934436e-01 -8.407619673481306441e-05
-2.514677103718200857e-01 -8.351671135688209548e-05
-2.534246575342466445e-01 -8.300637203886042359e-05
-2.553816046966732034e-01 -8.256053207070645909e-05
-2.573385518590999843e-01 -8.219559279861167965e-05
-2.592954990215265432e-01 -8.192900362500266326e-05
-2.612524461839531575e-01 -8.145508229934341838e-05
-2.632093933463797164e-01 -8.089121524169322482e-05
-2.651663405088063308e-01 -8.029982802406534083e-05
-2.671232876712330562e-01 -7.967741294455725454e-05
-2.690802348336596150e-01 -7.902046230126757900e-05
-2.710371819960861739e-01 -7.832546839229265038e-05
-2.729941291585128438e-01 -7.758892351573104106e-05
-2.749510763209394582e-01 -7.690459125409702717e-05
-2.769080234833661280e-01 -7.625515608102616304e-05
-2.788649706457926869e-01 -7.561336432324882481e-05
-2.808219178082192458e-01 -7.498228305943772714e-05
-2.827788649706459156e-01 -7.436497936826569311e-05
-2.847358121330725300e-01 -7.376452032840524764e-05
-2.866927592954991999e-01 -7.318397301852959326e-05
-2.886497064579257588e-01 -7.260264009081506215e-05
-2.906066536203523176e-01 -7.202188792394484005e-05
-2.925636007827788765e-01 -7.145341219634935442e-05
-2.945205479452056019e-01 -7.089835000641608680e-05
-2.964774951076322163e-01 -7.035783845253185467e-05
-2.984344422700588306e-01 -6.983301463308361104e-05
-3.003913894324853895e-01 -6.932501564645822758e-05
-3.023483365949119483e-01 -6.881275997196498835e-05
-3.043052837573387293e-01 -6.829004237170529102e-05
-3.062622309197652881e-01 -6.776956230041924741e-05
-3.082191780821919025e-01 -6.725037519370174479e-05
-3.101761252446184614e-01 -6.673153648714745360e-05
-3.121330724070452423e-01 -6.621210161635103075e-05
-3.140900195694718011e-01 -6.569112601690737705e-05
-3.160469667318983600e-01 -6.519684097368929091e-05
-3.180039138943249188e-01 -6.474786310626887826e-05
-3.199608610567515332e-01 -6.432204567579494540e-05
-3.219178082191782031e-01 -6.392165748731766907e-05
-3.238747553816047620e-01 -6.354896734588734799e-05
-3.258317025440315429e-01 -6.320624405655367100e-05
-3.277886497064581017e-01 -6.289575642436712655e-05
-3.297455968688846606e-01 -6.255015986271563768e-05
-3.317025440313113860e-01 -6.209256951120004119e-05
-3.336594911937379448e-01 -6.159552908984122993e-05
-3.356164383561645037e-01 -6.105206370949207940e-05
-3.375733855185910626e-01 -6.047227280267652581e-05
-3.395303326810176214e-01 -6.001573917325861277e-05
-3.414872798434443468e-01 -5.960156147080808019e-05
-3.434442270058709057e-01 -5.924006654910553629e-05
-3.454011741682974646e-01 -5.894158126193156899e-05
-3.473581213307242455e-01 -5.860848552210969108e-05
-3.493150684931508043e-01 -5.826927420201224539e-05
-3.512720156555775297e-01 -5.794180253259276220e-05
-3.532289628180040886e-01 -5.762607051385123472e-05
-3.551859099804306474e-01 -5.729524980500251574e-05
-3.571428571428572063e-01 -5.696339894980315523e-05
-3.590998043052839872e-01 -5.663159199751912839e-05
-3.610567514677105461e-01 -5.630107170324184985e-05
-3.630136986301371049e-01 -5.598812482964861159e-05
-3.649706457925636638e-01 -5.568267667581556639e-05
-3.669275929549902227e-01 -5.538472724174255840e-05
-3.688845401174169480e-01 -5.508881608082207178e-05
-3.708414872798435069e-01 -5.477317693326225011e-05
-3.727984344422702323e-01 -5.445270449211386262e-05
-3.747553816046967912e-01 -5.412739875737694996e-05
-3.767123287671233500e-01 -5.382598282276804193e-05
-3.786692759295501309e-01 -5.359956082942597645e-05
-3.806262230919766898e-01 -5.340730967698297600e-05
-3.825831702544032487e-01 -5.314661206668376976e-05
-3.845401174168298075e-01 -5.284183893836170331e-05
-3.864970645792565329e-01 -5.253990553082127916e-05
-3.884540117416830918e-01 -5.229802928326414738e-05
-3.904109589041096506e-01 -5.208280212971596142e-05
-3.923679060665362095e-01 -5.181223708369685655e-05
-3.943248532289629904e-01 -5.153898352215771162e-05
-3.962818003913895493e-01 -5.128949027928227030e-05
-3.982387475538162747e-01 -5.106372405492135474e-05
-4.001956947162428335e-01 -5.083834415831765878e-05
-4.021526418786693924e-01 -5.062271246885242660e-05
-4.041095890410959512e-01 -5.040708077938723508e-05
-4.060665362035226766e-01 -5.018339947252643211e-05
-4.080234833659492910e-01 -4.995379006501169842e-05
-4.099804305283758499e-01 -4.972606434201774816e-05
-4.119373776908024087e-01 -4.951302812308767867e-05
-4.138943248532291341e-01 -4.929999190415760240e-05
-4.158512720156556930e-01 -4.909041598203137227e-05
-4.178082191780822519e-01 -4.888269162807591374e-05
-4.197651663405089772e-01 -4.867536008681246990e-05
-4.217221135029355361e-01 -4.847064314524486691e-05
-4.236790606653623170e-01 -4.826749230938886338e-05
-4.256360078277888759e-01 -4.806590757924448642e-05
-4.275929549902154347e-01 -4.786588895481172246e-05
-4.295499021526419936e-01 -4.766908474103951694e-05
-4.315068493150685525e-01 -4.747994204013744981e-05
-4.334637964774952779e-01 -4.729476513275805981e-05
-4.354207436399218367e-01 -4.711355401890141470e-05
-4.373776908023483956e-01 -4.693630869856747382e-05
-4.393346379647749544e-01 -4.675908997215828816e-05
-4.412915851272017354e-01 -4.657525259383353859e-05
-4.432485322896284607e-01 -4.639098324289616781e-05
-4.452054794520550196e-01 -4.620628191934618938e-05
-4.471624266144815785e-01 -4.602114862318361008e-05
-4.491193737769081373e-01 -4.584088553010292125e-05
-4.510763209393348627e-01 -4.567102027059421430e-05
-4.530332681017614216e-01 -4.550549857819101998e-05
-4.549902152641879804e-01 -4.534432045289335186e-05
-4.569471624266145393e-01 -4.518748589470117605e-05
-4.589041095890410982e-01 -4.502825551072304284e-05
-4.608610567514678791e-01 -4.486261507764766011e-05
-4.628180039138944379e-01 -4.469625303370627927e-05
-4.647749510763211633e-01 -4.452916937889889355e-05
-4.667318982387477222e-01 -4.436136411322549617e-05
-4.686888454011742811e-01 -4.420749960497019968e-05
-4.706457925636010620e-01 -4.407149581788875881e-05
-4.726027397260276208e-01 -4.394419052792679402e-05
-4.745596868884541797e-01 -4.382558373508430532e-05
-4.765166340508807385e-01 -4.371567543936126559e-05
-4.784735812133072974e-01 -4.357160628729796095e-05
-4.804305283757340228e-01 -4.340523710288175032e-05
-4.823874755381605817e-01 -4.323886791846556001e-05
-4.843444227005871405e-01 -4.307249873404936971e-05
-4.863013698630138659e-01 -4.291410258462216234e-05
-4.882583170254404248e-01 -4.278562560079759720e-05
-4.902152641878672057e-01 -4.265714861697303883e-05
-4.921722113502937646e-01 -4.252867163314849402e-05
-4.941291585127203234e-01 -4.240093513866797213e-05
-4.960861056751468823e-01 -4.227332661738100907e-05
-4.980430528375736077e-01 -4.214571809609405278e-05
-5.000000000000002220e-01 -4.201921817342154768e-05
-5.000000000000000000e-01 -4.201921817342154768e-05
-4.980430528375733301e-01 -4.186833012461440537e-05
-4.960861056751467713e-01 -4.173176252668114471e-05
-4.941291585127201569e-01 -4.160053532901259262e-05
-4.921722113502935980e-01 -4.146957032750366761e-05
-4.902152641878669281e-01 -4.134451826004876374e-05
-4.882583170254402583e-01 -4.122009411479430165e-05
-4.863013698630136994e-01 -4.109566996953983278e-05
-4.843444227005870295e-01 -4.097124582428536392e-05
-4.823874755381604706e-01 -4.085086950803760276e-05
-4.804305283757338563e-01 -4.073145505214785934e-05
-4.784735812133072974e-01 -4.061204059625811593e-05
-4.765166340508806275e-01 -4.049262614036838607e-05
-4.745596868884539576e-01 -4.037622166363743137e-05
-4.726027397260273988e-01 -4.026103470656620671e-05
-4.706457925636007844e-01 -4.014584774949497527e-05
-4.686888454011742255e-01 -4.003066079242373029e-05
-4.667318982387475557e-01 -3.991630808094739940e-05
-4.647749510763208858e-01 -3.980293987970697693e-05
-4.628180039138943269e-01 -3.969014650647881124e-05
-4.608610567514677125e-01 -3.957792796126290234e-05
-4.589041095890410982e-01 -3.946628424405926376e-05
-4.569471624266144838e-01 -3.935521535486788874e-05
-4.549902152641878139e-01 -3.924472129368878406e-05
-4.530332681017612551e-01 -3.913480206052194293e-05
-4.510763209393345852e-01 -3.902575403070065747e-05
-4.491193737769080263e-01 -3.891779897818843328e-05
-4.471624266144814119e-01 -3.881058100959088503e-05
-4.452054794520548531e-01 -3.870410012490801271e-05
-4.432485322896281832e-01 -3.859835632413980279e-05
-4.412915851272015133e-01 -3.849334960728627558e-05
-4.393346379647749544e-01 -3.838907997434742430e-05
-4.373776908023483401e-01 -3.828554742532322864e-05
-4.354207436399216702e-01 -3.818266331834806496e-05
-4.334637964774951113e-01 -3.808016698183730101e-05
-4.315068493150684414e-01 -3.797831701770103204e-05
-4.295499021526418826e-01 -3.787711342593927838e-05
-4.275929549902152127e-01 -3.777655620655201972e-05
-4.256360078277886538e-01 -3.767664535953927637e-05
-4.236790606653620395e-01 -3.757738088490102801e-05
-4.217221135029353696e-01 -3.747876278263731530e-05
-4.197651663405088107e-01 -3.738073453597011854e-05
-4.178082191780821408e-01 -3.728181775606418291e-05
-4.158512720156555265e-01 -3.718320407364249214e-05
-4.138943248532289676e-01 -3.708489348870502590e-05
-4.119373776908022977e-01 -3.698688600125183161e-05
-4.099804305283757389e-01 -3.688918161128288217e-05
-4.080234833659491245e-01 -3.679178031879817081e-05
-4.060665362035224546e-01 -3.669468212379772463e-05
-4.041095890410958957e-01 -3.659788702628150975e-05
-4.021526418786692814e-01 -3.650139502624957360e-05
-4.001956947162426670e-01 -3.640520612370186197e-05
-3.982387475538159971e-01 -3.630932031863842231e-05
-3.962818003913894382e-01 -3.621373761105920039e-05
-3.943248532289627684e-01 -3.611845800096425720e-05
-3.923679060665362095e-01 -3.602348148835354531e-05
-3.904109589041095951e-01 -3.592880807322707828e-05
-3.884540117416829808e-01 -3.583443775558487642e-05
-3.864970645792563664e-01 -3.573975743445021407e-05
-3.845401174168296965e-01 -3.564496787880486661e-05
-3.825831702544031376e-01 -3.555037172520393249e-05
-3.806262230919765233e-01 -3.545596897364739814e-05
-3.786692759295498534e-01 -3.536175962413529747e-05
-3.767123287671232945e-01 -3.526774367666757624e-05
-3.747553816046966246e-01 -3.517392113124426836e-05
-3.727984344422700103e-01 -3.508029198786538736e-05
-3.708414872798433959e-01 -3.498685624653090614e-05
-3.688845401174168370e-01 -3.489361390724083148e-05
-3.669275929549902227e-01 -3.480056496999516338e-05
-3.649706457925635528e-01 -3.470770943479390861e-05
-3.630136986301369939e-01 -3.461504730163706041e-05
-3.610567514677103240e-01 -3.452257857052460521e-05
-3.590998043052837096e-01 -3.443030324145658367e-05
-3.571428571428571508e-01 -3.433385561691869699e-05
-3.551859099804304809e-01 -3.423658658312102012e-05
-3.532289628180039220e-01 -3.413889836041932301e-05
-3.512720156555772522e-01 -3.404079094881353113e-05
-3.493150684931506378e-01 -3.394226434830374613e-05
-3.473581213307240789e-01 -3.384331855888991379e-05
-3.454011741682974646e-01 -3.374395358057201378e-05
-3.434442270058707947e-01 -3.364416941335008677e-05
-3.414872798434441803e-01 -3.354396605722409887e-05
-3.395303326810176214e-01 -3.344334351219410429e-05
-3.375733855185909515e-01 -3.334230177826001494e-05
-3.356164383561643372e-01 -3.324084085542189859e-05
-3.336594911937377783e-01 -3.313896074367973489e-05
-3.317025440313111084e-01 -3.303666144303355775e-05
-3.297455968688845496e-01 -3.293374110258917971e-05
-3.277886497064578797e-01 -3.282928291758207580e-05
-3.258317025440312653e-01 -3.272424125252021984e-05
-3.238747553816047065e-01 -3.261861610740359829e-05
-3.219178082191780366e-01 -3.251240748223229924e-05
-3.199608610567514222e-01 -3.240561537700624813e-05
-3.180039138943248078e-01 -3.229823979172543143e-05
-3.160469667318982490e-01 -3.219028072638986269e-05
-3.140900195694715791e-01 -3.208173818099957579e-05
-3.121330724070449647e-01 -3.197261215555459104e-05
-3.101761252446184058e-01 -3.186290265005483393e-05
-3.082191780821917360e-01 -3.175260966450033155e-05
-3.062622309197651216e-01 -3.164173319889111100e-05
-3.043052837573385072e-01 -3.152942727336455978e-05
-3.023483365949118928e-01 -3.140937943122728600e-05
-3.003913894324853340e-01 -3.128762699815848492e-05
-2.984344422700586641e-01 -3.116416997415835986e-05
-2.964774951076320497e-01 -3.103900835922678204e-05
-2.945205479452054353e-01 -3.091214215336380569e-05
-2.925636007827788210e-01 -3.078357135656935626e-05
-2.906066536203522066e-01 -3.065329596884344731e-05
-2.886497064579256477e-01 -3.052131599018619403e-05
-2.866927592954989779e-01 -3.038763142059750834e-05
-2.847358121330723635e-01 -3.025224226007730213e-05
-2.827788649706457491e-01 -3.011514850862569400e-05
-2.808219178082191347e-01 -2.997635016624275510e-05
-2.788649706457925759e-01 -2.983588329677967736e-05
-2.769080234833659615e-01 -2.969428051685785768e-05
-2.749510763209392916e-01 -2.955105844673256671e-05
-2.729941291585126772e-01 -2.940621708640355373e-05
-2.710371819960860629e-01 -2.925975643587092376e-05
-2.690802348336594485e-01 -2.911167649513467343e-05
-2.671232876712328896e-01 -2.896197726419470447e-05
-2.651663405088062753e-01 -2.881065874305111513e-05
-2.632093933463796054e-01 -2.865772093170395625e-05
-2.612524461839529910e-01 -2.850316383015312618e-05
-2.592954990215263766e-01 -2.834698743839867574e-05
-2.573385518590997623e-01 -2.818878180014944482e-05
-2.553816046966732034e-01 -2.802850012796845127e-05
-2.534246575342465335e-01 -2.786646162981506293e-05
-2.514677103718199191e-01 -2.770266630568932724e-05
-2.495107632093933048e-01 -2.753711415559115271e-05
-2.475538160469667182e-01 -2.736980517952083074e-05
-2.455968688845400483e-01 -2.720073937747796491e-05
-2.436399217221134617e-01 -2.702991674946271107e-05
-2.416829745596868473e-01 -2.685733729547520475e-05
-2.397260273972602329e-01 -2.668300101551531042e-05
-2.377690802348336185e-01 -2.650673189379955697e-05
-2.358121330724070319e-01 -2.631416362497794587e-05
-2.338551859099803620e-01 -2.611729031970890723e-05
-2.318982387475537754e-01 -2.591611197799259690e-05
-2.299412915851271610e-01 -2.571062859982895730e-05
-2.279843444227005467e-01 -2.550084018521804263e-05
-2.260273972602739323e-01 -2.528674673415985289e-05
-2.240704500978473457e-01 -2.506834824665428644e-05
-2.221135029354206758e-01 -2.484564472270134666e-05
-2.201565557729940892e-01 -2.461863616230112843e-05
-2.181996086105674748e-01 -2.438732256545363513e-05
-2.162426614481408604e-01 -2.415693325491326376e-05
-2.142857142857142461e-01 -2.392918702734270699e-05
-2.123287671232876039e-01 -2.369908407087033297e-05
-2.103718199608609896e-01 -2.346662438549633481e-05
-2.084148727984344029e-01 -2.323180797122013653e-05
-2.064579256360077886e-01 -2.299463482804231412e-05
-2.045009784735811742e-01 -2.275510495596218995e-05
-2.025440313111545876e-01 -2.251321835498034678e-05
-2.005870841487279177e-01 -2.226897502509658810e-05
-1.986301369863013033e-01 -2.202349994371984124e-05
-1.966731898238747167e-01 -2.177816687677135038e-05
-1.947162426614481023e-01 -2.153114552813872152e-05
-1.927592954990214880e-01 -2.128243589782235107e-05
-1.908023483365949013e-01 -2.103203798582184262e-05
-1.888454011741682315e-01 -2.077995179213730121e-05
-1.868884540117415893e-01 -2.052617731676881831e-05
-1.849315068493150305e-01 -2.027071455971620080e-05
-1.829745596868884161e-01 -2.001356352097983832e-05
-1.810176125244617740e-01 -1.975489905714849316e-05
-1.790606653620352151e-01 -1.949526146212322180e-05
-1.771037181996085452e-01 -1.923410387782591957e-05
-1.751467710371819586e-01 -1.897142630425619684e-05
-1.731898238747553720e-01 -1.870722874141463976e-05
-1.712328767123286744e-01 -1.844151118930085191e-05
-1.692759295499021155e-01 -1.817427364791445382e-05
-1.673189823874754734e-01 -1.790551611725660762e-05
-1.653620352250488590e-01 -1.763523859732634092e-05
-1.634050880626222169e-01 -1.736366088858741976e-05
-1.614481409001956580e-01 -1.709308977661367797e-05
-1.594911937377690436e-01 -1.682153135330667116e-05
-1.575342465753424015e-01 -1.654898561866756826e-05
-1.555772994129158426e-01 -1.627545257269578650e-05
-1.536203522504891728e-01 -1.600093221539171552e-05
-1.516634050880625861e-01 -1.572542454675496568e-05
-1.497064579256359163e-01 -1.544892956678514396e-05
-1.477495107632093296e-01 -1.517144727548283820e-05
-1.457925636007827708e-01 -1.489297767284843634e-05
-1.438356164383561009e-01 -1.461352075888096599e-05
-1.418786692759294865e-01 -1.433307653358139954e-05
-1.399217221135028444e-01 -1.405164499694895941e-05
-1.379647749510762855e-01 -1.376922614898383873e-05
-1.360078277886496712e-01 -1.348581998968603919e-05
-1.340508806262230290e-01 -1.320142651905594874e-05
-1.320939334637964702e-01 -1.291604573709317943e-05
-1.301369863013697725e-01 -1.262967764379811751e-05
-1.281800391389432137e-01 -1.234232223917018360e-05
-1.262230919765165438e-01 -1.207920267381839409e-05
-1.242661448140899433e-01 -1.182340046042709575e-05
-1.223091976516633844e-01 -1.156981723977926960e-05
-1.203522504892367284e-01 -1.131845301187452429e-05
-1.183953033268101279e-01 -1.106930777671266842e-05
-1.164383561643834719e-01 -1.082238153429428472e-05
-1.144814090019569131e-01 -1.057767428461898358e-05
-1.125244618395302570e-01 -1.033518602768715462e-05
-1.105675146771036566e-01 -1.009491676349763063e-05
-1.086105675146770561e-01 -9.856866492051966761e-06
-1.066536203522504000e-01 -9.621035213349775079e-06
-1.046966731898238412e-01 -9.383378015248290978e-06
-1.027397260273971852e-01 -9.140050165310940203e-06
-1.007827788649705847e-01 -8.897133402303506041e-06
-9.882583170254401195e-02 -8.654627726222485166e-06
-9.686888454011736982e-02 -8.412533137070213693e-06
-9.491193737769075545e-02 -8.170849634846691622e-06
-9.295499021526411332e-02 -7.929577219551527624e-06
-9.099804305283754058e-02 -7.688715891185111335e-06
-8.904109589041089845e-02 -7.448265649745888449e-06
-8.708414872798424244e-02 -7.208226495235414118e-06
-8.512720156555768358e-02 -6.968598427654076283e-06
-8.317025440313102758e-02 -6.729381446999931852e-06
-8.121330724070446871e-02 -6.488098217953881462e-06
-7.925636007827781271e-02 -6.246632536726229015e-06
-7.729941291585125385e-02 -6.005148782931288623e-06
-7.534246575342459784e-02 -5.763646956569449074e-06
-7.338551859099795571e-02 -5.522127057641488790e-06
-7.142857142857138297e-02 -5.280589086146241408e-06
-6.947162426614474084e-02 -5.039033042084873292e-06
-6.751467710371818198e-02 -4.797458925456606019e-06
-6.555772994129152598e-02 -4.555866736261050800e-06
-6.360078277886486997e-02 -4.314256474499764482e-06
-6.164383561643831111e-02 -4.072628140170801431e-06
-5.968688845401166204e-02 -3.832110159930592134e-06
-5.772994129158509624e-02 -3.593051965976945022e-06
-5.577299412915844717e-02 -3.354364129447194668e-06
-5.381604696673188831e-02 -3.116046650340175980e-06
-5.185909980430523231e-02 -2.878099528656665686e-06
-4.990215264187858324e-02 -2.640522764395497422e-06
-4.794520547945201744e-02 -2.403316357557449188e-06
-4.598825831702536837e-02 -2.166480308142131771e-06
-4.403131115459880951e-02 -1.930014616150323597e-06
-4.207436399217215350e-02 -1.693919281580857240e-06
-4.011741682974550444e-02 -1.458194304435288278e-06
-3.816046966731884843e-02 -1.222643323504488249e-06
-3.620352250489228957e-02 -9.822197594562177581e-07
-3.424657534246573071e-02 -7.408095212001799156e-07
-3.228962818003907470e-02 -4.983039324381730334e-07
-3.033268101761251584e-02 -2.545943168766619924e-07
-2.837573385518577310e-02 -9.571998215889865643e-09
-2.641878669275921077e-02 2.368716998392338898e-07
-2.446183953033255823e-02 4.848454535853552740e-07
-2.250489236790599937e-02 7.344579393198981011e-07
-2.054794520547943704e-02 9.858178333375641725e-07
-1.859099804305278450e-02 1.239033811938110011e-06
-1.663405088062613196e-02 1.494214551413126955e-06
-1.467710371819948116e-02 1.754683617154622772e-06
-1.272015655577291883e-02 2.020632167793259995e-06
-1.076320939334635823e-02 2.290365454129450313e-06
-8.806262230919707432e-03 2.564106708725337102e-06
-6.849315068493054028e-03 2.842079164141509646e-06
-4.892367906066402358e-03 3.124506052943221840e-06
-2.935420743639841328e-03 3.411610607692617695e-06
-9.784735812131892252e-04 3.703616060950286496e-06
9.784735812133715880e-04 4.000745645281481713e-06
2.935420743639932401e-03 4.303222593246015477e-06
4.892367906066584504e-03 4.611270137409142105e-06
6.849315068493237041e-03 4.924906984632853027e-06
8.806262230919889578e-03 5.243188977065857000e-06
1.076320939334645017e-02 5.567324636053593516e-06
1.272015655577310271e-02 5.897506498225426313e-06
1.467710371819966331e-02 6.233927100212274278e-06
1.663405088062631584e-02 6.576778978650500179e-06
1.859099804305296838e-02 6.926254670168691024e-06
2.054794520547952724e-02 7.282546711399320005e-06
2.250489236790617978e-02 7.645847638977973162e-06
2.446183953033274211e-02 8.016349989534015077e-06
2.641878669275930097e-02 8.394246299697586216e-06
2.837573385518595351e-02 8.779729106106603652e-06
3.033268101761260604e-02 9.173595773742502677e-06
3.228962818003926205e-02 9.575876133653661053e-06
3.424657534246582091e-02 9.986557089443976455e-06
3.620352250489246998e-02 1.040584916225927827e-05
3.816046966731903578e-02 1.083396287323995792e-05
4.011741682974568485e-02 1.127110874353573438e-05
4.207436399217233391e-02 1.171749729428544224e-05
4.403131115459889972e-02 1.217333904663491087e-05
4.598825831702554878e-02 1.263884452173075231e-05
4.794520547945210764e-02 1.311422424071568736e-05
4.990215264187876365e-02 1.359968872473243846e-05
5.185909980430532251e-02 1.409465014592514274e-05
5.381604696673197852e-02 1.459730775293028119e-05
5.577299412915862759e-02 1.510981153231490531e-05
5.772994129158518645e-02 1.563230350988292867e-05
5.968688845401184245e-02 1.616492571144292857e-05
6.164383561643840131e-02 1.670782016279648416e-05
6.360078277886505038e-02 1.726112888975372790e-05
6.555772994129170639e-02 1.782499391811624402e-05
6.751467710371826525e-02 1.839955727369260306e-05
6.947162426614492126e-02 1.898496098228517190e-05
7.142857142857148012e-02 1.958134706970252108e-05
7.338551859099813612e-02 2.018885756174778657e-05
7.534246575342477825e-02 2.080356732836576432e-05
7.729941291585135099e-02 2.142730082646960020e-05
7.925636007827799312e-02 2.206078558180336318e-05
8.121330724070456586e-02 2.270393442523128261e-05
8.317025440313120799e-02 2.335664842256737043e-05
8.512720156555776685e-02 2.401881687456993577e-05
8.708414872798442286e-02 2.469031731693929123e-05
8.904109589041107886e-02 2.537101552032861853e-05
9.099804305283763772e-02 2.606076549033152400e-05
9.295499021526429373e-02 2.675940946748594165e-05
9.491193737769085259e-02 2.746677792727879184e-05
9.686888454011750860e-02 2.817995953865347824e-05
9.882583170254415073e-02 2.889510630133325877e-05
1.007827788649708067e-01 2.961568831051941098e-05
1.027397260273973656e-01 3.034113214683155962e-05
1.046966731898239245e-01 3.107083387983674877e-05
1.066536203522505805e-01 3.180415906802454247e-05
1.086105675146771393e-01 3.254044275882805821e-05
1.105675146771037953e-01 3.327898948861305044e-05
1.125244618395304513e-01 3.401907328268723125e-05
1.144814090019570102e-01 3.475993765529254546e-05
1.164383561643836523e-01 3.550079560960355787e-05
1.183953033268102251e-01 3.624082963773527308e-05
1.203522504892368672e-01 3.698509352582169594e-05
1.223091976516635232e-01 3.772926191245354175e-05
1.242661448140900821e-01 3.847226704176360049e-05
1.262230919765168213e-01 3.921345958156717125e-05
1.281800391389433802e-01 3.995217450371835302e-05
1.301369863013699391e-01 4.068773108410227222e-05
1.320939334637964979e-01 4.141943290265063431e-05
1.340508806262231678e-01 4.214656784330750360e-05
1.360078277886498932e-01 4.286840809407441286e-05
1.379647749510764798e-01 4.358421014697457787e-05
1.399217221135030387e-01 4.429321479806693109e-05
1.418786692759295975e-01 4.498376874736073074e-05
1.438356164383562397e-01 4.564844286819959225e-05
1.457925636007828818e-01 4.629564029723286055e-05
1.477495107632095517e-01 4.692345409976557316e-05
1.497064579256361105e-01 4.752990497131173345e-05
1.516634050880626694e-01 4.811294123764406198e-05
1.536203522504892283e-01 4.867043885475201749e-05
1.555772994129159814e-01 4.920020140886356908e-05
1.575342465753426235e-01 4.969996011643741028e-05
1.594911937377691824e-01 5.016737382417385527e-05
1.614481409001957413e-01 5.060002900900083234e-05
1.634050880626224944e-01 5.099734254296714220e-05
1.653620352250490533e-01 5.142906591896346239e-05
1.673189823874756121e-01 5.184220659254745430e-05
1.692759295499022543e-01 5.223728442084705776e-05
1.712328767123288131e-01 5.261491925550106666e-05
1.731898238747555663e-01 5.297583094269023193e-05
1.751467710371821251e-01 5.332083932312171008e-05
1.771037181996086840e-01 5.365086423204773176e-05
1.790606653620353539e-01 5.396692549923294021e-05
1.810176125244619127e-01 5.427014294898547392e-05
1.829745596868886381e-01 5.456173640014612468e-05
1.849315068493151970e-01 5.484302566607740742e-05
1.868884540117417559e-01 5.506132908172697019e-05
1.888454011741683425e-01 5.520993247166991274e-05
1.908023483365949846e-01 5.531925856566179811e-05
1.927592954990216267e-01 5.538668315425520592e-05
1.947162426614482966e-01 5.540945638580420694e-05
1.966731898238748555e-01 5.538470276650172750e-05
1.986301369863014143e-01 5.530942116036396402e-05
2.005870841487281397e-01 5.518048478923196870e-05
2.025440313111546986e-01 5.499464123277162915e-05
2.045009784735813685e-01 5.474851242846435107e-05
2.064579256360079274e-01 5.443859467163659593e-05
2.084148727984344862e-01 5.409177573578834370e-05
2.103718199608612394e-01 5.390018433803843407e-05
2.123287671232877982e-01 5.370023097034958736e-05
2.142857142857143571e-01 5.349417079525299460e-05
2.162426614481409992e-01 5.328425897524875055e-05
2.181996086105675581e-01 5.307275067285874244e-05
2.201565557729943112e-01 5.286190105060326505e-05
2.221135029354208701e-01 5.263320006372138347e-05
2.240704500978474289e-01 5.233105457136440620e-05
2.260273972602740711e-01 5.200170755693506549e-05
2.279843444227006299e-01 5.164383016534261059e-05
2.299412915851273831e-01 5.125609354150869809e-05
2.318982387475539420e-01 5.083716883034567402e-05
2.338551859099805008e-01 5.038572717676744291e-05
2.358121330724070597e-01 4.991953022621894331e-05
2.377690802348338128e-01 4.946342470558645166e-05
2.397260273972604550e-01 4.899467313493982253e-05
2.416829745596870138e-01 4.851483424601139345e-05
2.436399217221135727e-01 4.802546677052107424e-05
2.455968688845401593e-01 4.752812944019963712e-05
2.475538160469668847e-01 4.702438098677632960e-05
2.495107632093934436e-01 4.652353500457134713e-05
2.514677103718200857e-01 4.603175916897812950e-05
2.534246575342466445e-01 4.554550223905625035e-05
2.553816046966732034e-01 4.506718790274411908e-05
2.573385518590999843e-01 4.459923984799724159e-05
2.592954990215265432e-01 4.414408176276645498e-05
2.612524461839531575e-01 4.370413733499482393e-05
2.632093933463797164e-01 4.325331918046884655e-05
2.651663405088063308e-01 4.279061130872921812e-05
2.671232876712330562e-01 4.232916674281101310e-05
2.690802348336596150e-01 4.186891565597666587e-05
2.710371819960861739e-01 4.140978822147306607e-05
2.729941291585128438e-01 4.095171461255799278e-05
2.749510763209394582e-01 4.049462500248767334e-05
2.769080234833661280e-01 4.006315785212101514e-05
2.788649706457926869e-01 3.965233253159277586e-05
2.808219178082192458e-01 3.925750112157140413e-05
2.827788649706459156e-01 3.888035633357074387e-05
2.847358121330725300e-01 3.852259087912328724e-05
2.866927592954991999e-01 3.818589746975687116e-05
2.886497064579257588e-01 3.787196881699465010e-05
2.906066536203523176e-01 3.745917576390381959e-05
2.925636007827788765e-01 3.700210858492448816e-05
2.945205479452056019e-01 3.650828277867554004e-05
2.964774951076322163e-01 3.598109002221839869e-05
2.984344422700588306e-01 3.558706038755852987e-05
3.003913894324853895e-01 3.525453865661595283e-05
3.023483365949119483e-01 3.499737666255726802e-05
3.043052837573387293e-01 3.478272873240584686e-05
3.062622309197652881e-01 3.443664489207694842e-05
3.082191780821919025e-01 3.403029343512476129e-05
3.101761252446184614e-01 3.354255615865656159e-05
3.121330724070452423e-01 3.314530541384511542e-05
3.140900195694718011e-01 3.296846695187007439e-05
3.160469667318983600e-01 3.279162848989659190e-05
3.180039138943249188e-01 3.252587900354891453e-05
3.199608610567515332e-01 3.222021331305339841e-05
3.219178082191782031e-01 3.191812961111868051e-05
3.238747553816047620e-01 3.162863607498161555e-05
3.258317025440315429e-01 3.133914253884299204e-05
3.277886497064581017e-01 3.105839807101099545e-05
3.297455968688846606e-01 3.077765630090876765e-05
3.317025440313113860e-01 3.051179847777465580e-05
3.336594911937379448e-01 3.025019039163001638e-05
3.356164383561645037e-01 2.998986094172422702e-05
3.375733855185910626e-01 2.973055217639950537e-05
3.395303326810176214e-01 2.947304978469941108e-05
3.414872798434443468e-01 2.922196525566537887e-05
3.434442270058709057e-01 2.897510870550059766e-05
3.454011741682974646e-01 2.873248013420972951e-05
3.473581213307242455e-01 2.849407954178500543e-05
3.493150684931508043e-01 2.825624570689257471e-05
3.512720156555775297e-01 2.802073361022215707e-05
3.532289628180040886e-01 2.778790832403242069e-05
3.551859099804306474e-01 2.755776984831869670e-05
3.571428571428572063e-01 2.733363580273024529e-05
3.590998043052839872e-01 2.711848691563567337e-05
3.610567514677105461e-01 2.690905932454899915e-05
3.630136986301371049e-01 2.670535302947645340e-05
3.649706457925636638e-01 2.650731471320320637e-05
3.669275929549902227e-01 2.629636633091681403e-05
3.688845401174169480e-01 2.608428322835658987e-05
3.708414872798435069e-01 2.587106540552253729e-05
3.727984344422702323e-01 2.565671286241465290e-05
3.747553816046967912e-01 2.546677291341570360e-05
3.767123287671233500e-01 2.531000459278892782e-05
3.786692759295501309e-01 2.517034017771822355e-05
3.806262230919766898e-01 2.504777966820358740e-05
3.825831702544032487e-01 2.491811283393786261e-05
3.845401174168298075e-01 2.461204299992739416e-05
3.864970645792565329e-01 2.434022872552749509e-05
3.884540117416830918e-01 2.420687201799651974e-05
3.904109589041096506e-01 2.406263191758357210e-05
3.923679060665362095e-01 2.390788665544479460e-05
3.943248532289629904e-01 2.375310223931907967e-05
3.962818003913895493e-01 2.359830919029976703e-05
3.982387475538162747e-01 2.344351614127734409e-05
4.001956947162428335e-01 2.329085624247974966e-05
4.021526418786693924e-01 2.314090736579644999e-05
4.041095890410959512e-01 2.299095848911003663e-05
4.060665362035226766e-01 2.284141022102104885e-05
4.080234833659492910e-01 2.269798996432491824e-05
4.099804305283758499e-01 2.255456970762879102e-05
4.119373776908024087e-01 2.241114945093266041e-05
4.138943248532291341e-01 2.226923994749978620e-05
4.158512720156556930e-01 2.212895078501200997e-05
4.178082191780822519e-01 2.198975188729030233e-05
4.197651663405089772e-01 2.185164325433154619e-05
4.217221135029355361e-01 2.171462488613730009e-05
4.236790606653623170e-01 2.157869678270756743e-05
4.256360078277888759e-01 2.144385894403923450e-05
4.275929549902154347e-01 2.131461327303482258e-05
4.295499021526419936e-01 2.118804606274324754e-05
4.315068493150685525e-01 2.106383699556288333e-05
4.334637964774952779e-01 2.094198607149217820e-05
4.354207436399218367e-01 2.082249329053268390e-05
4.373776908023483956e-01 2.070535865268440383e-05
4.393346379647749544e-01 2.058916329681955351e-05
4.412915851272017354e-01 2.046678192273743168e-05
4.432485322896284607e-01 2.034429588526184878e-05
4.452054794520550196e-01 2.022170518439125303e-05
4.471624266144815785e-01 2.009900982012719620e-05
4.491193737769081373e-01 1.997620979246501961e-05
4.510763209393348627e-01 1.985330510141249225e-05
4.530332681017614216e-01 1.973469890058423076e-05
4.549902152641879804e-01 1.962448468013066946e-05
4.569471624266145393e-01 1.951717455859866798e-05
4.589041095890410982e-01 1.941276853598511263e-05
4.608610567514678791e-01 1.931126661228845166e-05
4.628180039138944379e-01 1.921266878751179535e-05
4.647749510763211633e-01 1.911697506165047487e-05
4.667318982387477222e-01 1.901909882421808442e-05
4.686888454011742811e-01 1.891899645058444011e-05
4.706457925636010620e-01 1.881889407695079919e-05
4.726027397260276208e-01 1.871879170331715487e-05
4.745596868884541797e-01 1.861868932968351056e-05
4.765166340508807385e-01 1.851858695604831448e-05
4.784735812133072974e-01 1.841848458241467017e-05
4.804305283757340228e-01 1.832710149116472827e-05
4.823874755381605817e-01 1.823676916972047935e-05
4.843444227005871405e-01 1.814643684827623382e-05
4.863013698630138659e-01 1.805610452683043313e-05
4.882583170254404248e-01 1.796577220538774275e-05
4.902152641878672057e-01 1.787782938303694475e-05
4.921722113502937646e-01 1.779172102098145185e-05
4.941291585127203234e-01 1.770561265892595557e-05
4.960861056751468823e-01 1.761950429686890413e-05
4.980430528375736077e-01 1.753339593481340785e-05
5.000000000000002220e-01 1.744828066336436153e-05
