5.000000000000000000e-01 1.000000000000000000e+00 0.000000000000000000e+00
4.980430528375733301e-01 9.999999962237273721e-01 3.776272504139700856e-09
4.960861056751467713e-01 9.999999959242099612e-01 4.075789464473425135e-09
4.941291585127201569e-01 9.999999955886421654e-01 4.411357388959798574e-09
4.921722113502935980e-01 9.999999952512770296e-01 4.748722494820432495e-09
4.902152641878669281e-01 9.999999948323141652e-01 5.167685593385628294e-09
4.882583170254402583e-01 9.999999944046856770e-01 5.595313965512370942e-09
4.863013698630136994e-01 9.999999939770574109e-01 6.022942337639114416e-09
4.843444227005870295e-01 9.999999935494292558e-01 6.450570709765857890e-09
4.823874755381604706e-01 9.999999929087570738e-01 7.091242588157718402e-09
4.804305283757338563e-01 9.999999922174611644e-01 7.782538666058122035e-09
4.784735812133071864e-01 9.999999915261651440e-01 8.473834743958524013e-09
4.765166340508806275e-01 9.999999908348689015e-01 9.165130821858925992e-09
4.745596868884539576e-01 9.999999901435729921e-01 9.856426899759326316e-09
4.726027397260273988e-01 9.999999894522770827e-01 1.054772297765972829e-08
4.706457925636007844e-01 9.999999887609807292e-01 1.123901905556013193e-08
4.686888454011742255e-01 9.999999880696848198e-01 1.193031513346053225e-08
4.667318982387475557e-01 9.999999866646813729e-01 1.333531854073311356e-08
4.647749510763208858e-01 9.999999848147694825e-01 1.518523041306887198e-08
4.628180039138943269e-01 9.999999829648575922e-01 1.703514228540463040e-08
4.608610567514677125e-01 9.999999811149455908e-01 1.888505415774038882e-08
4.589041095890410982e-01 9.999999792650337005e-01 2.073496603007614063e-08
4.569471624266144838e-01 9.999999774151218102e-01 2.258487790241190567e-08
4.549902152641878139e-01 9.999999755652099198e-01 2.443478977474766078e-08
4.530332681017612551e-01 9.999999737152978074e-01 2.628470164708341589e-08
4.510763209393345852e-01 9.999999718653860281e-01 2.813461351941918424e-08
4.491193737769080263e-01 9.999999700154741378e-01 2.998452539175493274e-08
4.471624266144814119e-01 9.999999681655622474e-01 3.183443726409068785e-08
4.452054794520547421e-01 9.999999663156503571e-01 3.368434913642644296e-08
4.432485322896281832e-01 9.999999644657384668e-01 3.553426100876221131e-08
4.412915851272015133e-01 9.999999626158266874e-01 3.738417288109796642e-08
4.393346379647749544e-01 9.999999607659147971e-01 3.923408475343373477e-08
4.373776908023483401e-01 9.999999589160029068e-01 4.108399662576948326e-08
4.354207436399216702e-01 9.999999541412143422e-01 4.585878484939681557e-08
4.334637964774951113e-01 9.999999396840769661e-01 6.031592237385171969e-08
4.315068493150684414e-01 9.999999252269392569e-01 7.477305989830650470e-08
4.295499021526418826e-01 9.999999107698018808e-01 8.923019742276131618e-08
4.275929549902152127e-01 9.999998963126643936e-01 1.036873349472161541e-07
4.256360078277886538e-01 9.999998818555266844e-01 1.181444724716710185e-07
4.236790606653620395e-01 9.999998673983889752e-01 1.326016099961257241e-07
4.217221135029353696e-01 9.999998529412514880e-01 1.470587475205805753e-07
4.197651663405088107e-01 9.999998384841142229e-01 1.615158850450354265e-07
4.178082191780821408e-01 9.999998240269765137e-01 1.759730225694902247e-07
4.158512720156555820e-01 9.999998095698390266e-01 1.904301600939450230e-07
4.138943248532289676e-01 9.999997951127015394e-01 2.048872976183998212e-07
4.119373776908022977e-01 9.999997806555639412e-01 2.193444351428546724e-07
4.099804305283757389e-01 9.999997661984264541e-01 2.338015726673093648e-07
4.080234833659490690e-01 9.999997517412890780e-01 2.482587101917642954e-07
4.060665362035224546e-01 9.999997372841513688e-01 2.627158477162190671e-07
4.041095890410958957e-01 9.999997228270138816e-01 2.771729852406738919e-07
4.021526418786692814e-01 9.999997083698763944e-01 2.916301227651287695e-07
4.001956947162426670e-01 9.999996939127390183e-01 3.060872602895835942e-07
3.982387475538159971e-01 9.999996794556014201e-01 3.205443978140383131e-07
3.962818003913894382e-01 9.999996649984637109e-01 3.350015353384931907e-07
3.943248532289627684e-01 9.999996505413262238e-01 3.494586728629478566e-07
3.923679060665361540e-01 9.999996360841885146e-01 3.639158103874028401e-07
3.904109589041095951e-01 9.999996216270511384e-01 3.783729479118577178e-07
3.884540117416829252e-01 9.999996071699136513e-01 3.928300854363124366e-07
3.864970645792563664e-01 9.999995927127762751e-01 4.072872229607672084e-07
3.845401174168296965e-01 9.999995782556385659e-01 4.217443604852219802e-07
3.825831702544030821e-01 9.999995637985010788e-01 4.362014980096768049e-07
3.806262230919765233e-01 9.999995493413635916e-01 4.506586355341317355e-07
3.786692759295498534e-01 9.999995348842259935e-01 4.651157730585865602e-07
3.767123287671232945e-01 9.999995204270885063e-01 4.795729105830413849e-07
3.747553816046966246e-01 9.999995059699511302e-01 4.940300481074961037e-07
3.727984344422700103e-01 9.999994915128134210e-01 5.084871856319509285e-07
3.708414872798433959e-01 9.999994474461788574e-01 5.525538200451093696e-07
3.688845401174168370e-01 9.999993691754707204e-01 6.308245284503900704e-07
3.669275929549902227e-01 9.999992909047621392e-01 7.090952368556718299e-07
3.649706457925635528e-01 9.999992126340537801e-01 7.873659452609527424e-07
3.630136986301369384e-01 9.999991343633454211e-01 8.656366536662336550e-07
3.610567514677103240e-01 9.999990560926370620e-01 9.439073620715145675e-07
3.590998043052837096e-01 9.999989778219287029e-01 1.022178070476795692e-06
3.571428571428571508e-01 9.999988995512201218e-01 1.100448778882075969e-06
3.551859099804304809e-01 9.999988212805117627e-01 1.178719487287358364e-06
3.532289628180038665e-01 9.999987430098036256e-01 1.256990195692638853e-06
3.512720156555772522e-01 9.999986647390950445e-01 1.335260904097919765e-06
3.493150684931506378e-01 9.999985864683864634e-01 1.413531612503200678e-06
3.473581213307240789e-01 9.999985081976783263e-01 1.491802320908481590e-06
3.454011741682974090e-01 9.999984299269699672e-01 1.570073029313762503e-06
3.434442270058708502e-01 9.999983516562616082e-01 1.648343737719043415e-06
3.414872798434441803e-01 9.999982733855531380e-01 1.726614446124325175e-06
3.395303326810175659e-01 9.999981825910262412e-01 1.817408972988665005e-06
3.375733855185909515e-01 9.999979477725871035e-01 2.052227412132160363e-06
3.356164383561643372e-01 9.999977129541481879e-01 2.287045851275656569e-06
3.336594911937377783e-01 9.999974781357090503e-01 2.521864290419152774e-06
3.317025440313111084e-01 9.999972433172701347e-01 2.756682729562648979e-06
3.297455968688844941e-01 9.999970084988308860e-01 2.991501168706146032e-06
3.277886497064578797e-01 9.999967736803917484e-01 3.226319607849642660e-06
3.258317025440312653e-01 9.999965388619527218e-01 3.461138046993138019e-06
3.238747553816047065e-01 9.999963040435135841e-01 3.695956486136633801e-06
3.219178082191780366e-01 9.999960692250745575e-01 3.930774925280130006e-06
3.199608610567514777e-01 9.999958344066354199e-01 4.165593364423625364e-06
3.180039138943248078e-01 9.999955995881963933e-01 4.400411803567124111e-06
3.160469667318981379e-01 9.999953647697574777e-01 4.635230242710619469e-06
3.140900195694715791e-01 9.999951279690004746e-01 4.872030999645739388e-06
3.121330724070449647e-01 9.999946495599081331e-01 5.350440091947692971e-06
3.101761252446184058e-01 9.999941711508160136e-01 5.828849184249645707e-06
3.082191780821917360e-01 9.999936927417236721e-01 6.307258276551597595e-06
3.062622309197651216e-01 9.999932143326313305e-01 6.785667368853548637e-06
3.043052837573385072e-01 9.999927359235389890e-01 7.264076461155507302e-06
3.023483365949118928e-01 9.999922575144467585e-01 7.742485553457460038e-06
3.003913894324852785e-01 9.999917791053543059e-01 8.220894645759412774e-06
2.984344422700586641e-01 9.999913006962619644e-01 8.699303738061363816e-06
2.964774951076320497e-01 9.999908222871697339e-01 9.177712830363313163e-06
2.945205479452054353e-01 9.999903438780773923e-01 9.656121922665265899e-06
2.925636007827788210e-01 9.999898654689852728e-01 1.013453101496721863e-05
2.906066536203522066e-01 9.999893870598927093e-01 1.061294010726917137e-05
2.886497064579256477e-01 9.999889086508007008e-01 1.109134919957112411e-05
2.866927592954989779e-01 9.999879464103629267e-01 1.205358963717357451e-05
2.847358121330723080e-01 9.999869512397147053e-01 1.304876028552089661e-05
2.827788649706456936e-01 9.999859560690663729e-01 1.404393093386821364e-05
2.808219178082191347e-01 9.999849608984179294e-01 1.503910158221553235e-05
2.788649706457925204e-01 9.999839657277695970e-01 1.603427223056284938e-05
2.769080234833659060e-01 9.999829705571213756e-01 1.702944287891016979e-05
2.749510763209392916e-01 9.999819753864730432e-01 1.802461352725748681e-05
2.729941291585126772e-01 9.999809802158244887e-01 1.901978417560480384e-05
2.710371819960860629e-01 9.999799850451762673e-01 2.001495482395212764e-05
2.690802348336594485e-01 9.999789898745279348e-01 2.101012547229944466e-05
2.671232876712328341e-01 9.999779947038793804e-01 2.200529612064676508e-05
2.651663405088062198e-01 9.999769995332311590e-01 2.300046676899408549e-05
2.632093933463796054e-01 9.999760043625829375e-01 2.399563741734139912e-05
2.612524461839529355e-01 9.999704685221344480e-01 2.953147786565192795e-05
2.592954990215263211e-01 9.999642204619167973e-01 3.577953808343105379e-05
2.573385518590997623e-01 9.999579724016989246e-01 4.202759830121017962e-05
2.553816046966731479e-01 9.999521661935903971e-01 4.783380640954687328e-05
2.534246575342465335e-01 9.999480351911131937e-01 5.196480888684985476e-05
2.514677103718199191e-01 9.999439041886361013e-01 5.609581136415285656e-05
2.495107632093933048e-01 9.999397731861587868e-01 6.022681384145585836e-05
2.475538160469666626e-01 9.999349430871063982e-01 6.505691289381634889e-05
2.455968688845400483e-01 9.999300510203273928e-01 6.994897967277076498e-05
2.436399217221134617e-01 9.999251589535484985e-01 7.484104645172519462e-05
2.416829745596868473e-01 9.999194168242695469e-01 8.058317573067622390e-05
2.397260273972602329e-01 9.999131721124387973e-01 8.682788756135907183e-05
2.377690802348336185e-01 9.999069274006078256e-01 9.307259939204191976e-05
2.358121330724069764e-01 9.999002063570276988e-01 9.979364297213209130e-05
2.338551859099803620e-01 9.998920343649151388e-01 1.079656350849187232e-04
2.318982387475537754e-01 9.998830863007892589e-01 1.169136992105989357e-04
2.299412915851271055e-01 9.998733594761758381e-01 1.266405238239530658e-04
2.279843444227005189e-01 9.998627859449595867e-01 1.372140550402294317e-04
2.260273972602739045e-01 9.998514029104187406e-01 1.485970895810847787e-04
2.240704500978472902e-01 9.998392103725530777e-01 1.607896274465190527e-04
2.221135029354206758e-01 9.998261949194047205e-01 1.738050805949252313e-04
2.201565557729940892e-01 9.998123579984395937e-01 1.876420015601814174e-04
2.181996086105674748e-01 9.997977028330307103e-01 2.022971669692095000e-04
2.162426614481408604e-01 9.997821157439685802e-01 2.178842560315167915e-04
2.142857142857142461e-01 9.997654862427878264e-01 2.345137572122864668e-04
2.123287671232876039e-01 9.997479092015065794e-01 2.520907984934298582e-04
2.103718199608609618e-01 9.997291435701072260e-01 2.708564298928314937e-04
2.084148727984343474e-01 9.997075506275552303e-01 2.924493724451956338e-04
2.064579256360077331e-01 9.996834592194332458e-01 3.165407805672640655e-04
2.045009784735811464e-01 9.996565222204736312e-01 3.434777795274112809e-04
2.025440313111545321e-01 9.996282599699265470e-01 3.717400300746473776e-04
2.005870841487279177e-01 9.995983038972868773e-01 4.016961027144878458e-04
1.986301369863013033e-01 9.995665557520942990e-01 4.334442479066446543e-04
1.966731898238747167e-01 9.995327453507061310e-01 4.672546492949005694e-04
1.947162426614481023e-01 9.994966583372528746e-01 5.033416627477907065e-04
1.927592954990214602e-01 9.994583753687658056e-01 5.416246312345705718e-04
1.908023483365948458e-01 9.994174773374625564e-01 5.825226625379651682e-04
1.888454011741682315e-01 9.993727471859221723e-01 6.272528140782672717e-04
1.868884540117416448e-01 9.993243407381744436e-01 6.756592618259824479e-04
1.849315068493149750e-01 9.992719088933127436e-01 7.280911066877901591e-04
1.829745596868883606e-01 9.992145863262664740e-01 7.854136737338261037e-04
1.810176125244617740e-01 9.991521387500126306e-01 8.478612499877880579e-04
1.790606653620351596e-01 9.990841257277266463e-01 9.158742722736661849e-04
1.771037181996085452e-01 9.990105631679395692e-01 9.894368320605348432e-04
1.751467710371819031e-01 9.989313258683415464e-01 1.068674131658576979e-03
1.731898238747552887e-01 9.988461712065210829e-01 1.153828793479153448e-03
1.712328767123286744e-01 9.987549855494909368e-01 1.245014450509470891e-03
1.692759295499020877e-01 9.986576791578565260e-01 1.342320842143900116e-03
1.673189823874754734e-01 9.985542458968963420e-01 1.445754103103914778e-03
1.653620352250488590e-01 9.984443192583831728e-01 1.555680741617133846e-03
1.634050880626222724e-01 9.983241685804898902e-01 1.675831419510298266e-03
1.614481409001956025e-01 9.981936010890842814e-01 1.806398910915546843e-03
1.594911937377690159e-01 9.980509614439513344e-01 1.949038556048764701e-03
1.575342465753424015e-01 9.978980493723165202e-01 2.101950627683257800e-03
1.555772994129157316e-01 9.977339862583725072e-01 2.266013741627583011e-03
1.536203522504891450e-01 9.975580206382906878e-01 2.441979361709164728e-03
1.516634050880625306e-01 9.973686592701650477e-01 2.631340729835015147e-03
1.497064579256359163e-01 9.971652881515482569e-01 2.834711848451958172e-03
1.477495107632093296e-01 9.969471719509188645e-01 3.052828049081351448e-03
1.457925636007827153e-01 9.967118247362021233e-01 3.288175263797933102e-03
1.438356164383561009e-01 9.964579211019951588e-01 3.542078898004730192e-03
1.418786692759294865e-01 9.961836960746925929e-01 3.816303925307576277e-03
1.399217221135028999e-01 9.958875742649455631e-01 4.112425735054889633e-03
1.379647749510762300e-01 9.955674455859953031e-01 4.432554414005090634e-03
1.360078277886495879e-01 9.952211855352324221e-01 4.778814464768427889e-03
1.340508806262229735e-01 9.948505087560337579e-01 5.149491243967158072e-03
1.320939334637963869e-01 9.944536166918612752e-01 5.546383308139657235e-03
1.301369863013697725e-01 9.940298672461022056e-01 5.970132753897887216e-03
1.281800391389431582e-01 9.935731403981060694e-01 6.426859601893770979e-03
1.262230919765165438e-01 9.930824207314480345e-01 6.917579268551526592e-03
1.242661448140899433e-01 9.925546144578176744e-01 7.445385542181888472e-03
1.223091976516633428e-01 9.919860731263737685e-01 8.013926873625445632e-03
1.203522504892367284e-01 9.913730571611658604e-01 8.626942838833421417e-03
1.183953033268100863e-01 9.907124820651163066e-01 9.287517934882937032e-03
1.164383561643834719e-01 9.900009089825532183e-01 9.999091017446257862e-03
1.144814090019568714e-01 9.892343694090479644e-01 1.076563059095119596e-02
1.125244618395302570e-01 9.884120698827556506e-01 1.158793011724347857e-02
1.105675146771036566e-01 9.875307594136930600e-01 1.246924058630548629e-02
1.086105675146770005e-01 9.865883854805802544e-01 1.341161451941776279e-02
1.066536203522504417e-01 9.855835638151768663e-01 1.441643618482043969e-02
1.046966731898237857e-01 9.845147272167393826e-01 1.548527278325811593e-02
1.027397260273972268e-01 9.833767602704572841e-01 1.662323972954021442e-02
1.007827788649705292e-01 9.821648557931061951e-01 1.783514420689175095e-02
9.882583170254388705e-02 9.808391217677531193e-01 1.916087823224528475e-02
9.686888454011731431e-02 9.793746565258296677e-01 2.062534347416869474e-02
9.491193737769067218e-02 9.778445183737820567e-01 2.215548162621636466e-02
9.295499021526411332e-02 9.762068022042260651e-01 2.379319779577186711e-02
9.099804305283745731e-02 9.744542755851277605e-01 2.554572441486991502e-02
8.904109589041089845e-02 9.725798556659612792e-01 2.742014433403644827e-02
8.708414872798424244e-02 9.705754868066867047e-01 2.942451319331109566e-02
8.512720156555768358e-02 9.684325055969718044e-01 3.156749440302594745e-02
8.317025440313102758e-02 9.661428110061267560e-01 3.385718899387091252e-02
8.121330724070446871e-02 9.636966452898159119e-01 3.630335471018160398e-02
7.925636007827781271e-02 9.610855082629379265e-01 3.891449173705888165e-02
7.729941291585125385e-02 9.583004426057665226e-01 4.169955739422932794e-02
7.534246575342459784e-02 9.553303202359153534e-01 4.466967976408003915e-02
7.338551859099795571e-02 9.521651429343159778e-01 4.783485706567992823e-02
7.142857142857129971e-02 9.487933919230089330e-01 5.120660807698652200e-02
6.947162426614464370e-02 9.452044869754951950e-01 5.479551302449894162e-02
6.751467710371808484e-02 9.413862078544202872e-01 5.861379214557399520e-02
6.555772994129142883e-02 9.373273047918655454e-01 6.267269520813001371e-02
6.360078277886486997e-02 9.330153891013962530e-01 6.698461089859926443e-02
6.164383561643822090e-02 9.284383558565880712e-01 7.156164414340629443e-02
5.968688845401166204e-02 9.235838636121573852e-01 7.641613638783800733e-02
5.772994129158500604e-02 9.184394017078665318e-01 8.156059829213002654e-02
5.577299412915844717e-02 9.129925347218414977e-01 8.700746527815277076e-02
5.381604696673179117e-02 9.072304784369080721e-01 9.276952156308310160e-02
5.185909980430523231e-02 9.011402764308347191e-01 9.885972356916081227e-02
4.990215264187858324e-02 8.947094715454189107e-01 1.052905284545803677e-01
4.794520547945192723e-02 8.879258388408420855e-01 1.120741611591459796e-01
4.598825831702536837e-02 8.807776010728289862e-01 1.192223989271527229e-01
4.403131115459871237e-02 8.732533295239275350e-01 1.267466704760718543e-01
4.207436399217215350e-02 8.653441960696135471e-01 1.346558039303893395e-01
4.011741682974550444e-02 8.570396865686021881e-01 1.429603134313882085e-01
3.816046966731893864e-02 8.483301514191802228e-01 1.516698485808031793e-01
3.620352250489228957e-02 8.392058674631230897e-01 1.607941325368561214e-01
3.424657534246564050e-02 8.296600873450530322e-01 1.703399126549240972e-01
3.228962818003898450e-02 8.196850912109836518e-01 1.803149087889951430e-01
3.033268101761242563e-02 8.092793822145677440e-01 1.907206177854118834e-01
2.837573385518577310e-02 7.984407204383429102e-01 2.015592795616371058e-01
2.641878669275921077e-02 7.871775168815333679e-01 2.128224831184435395e-01
2.446183953033255823e-02 7.754845675389583359e-01 2.245154324610150187e-01
2.250489236790590569e-02 7.633590080083788587e-01 2.366409919915928861e-01
2.054794520547934683e-02 7.508024262873449484e-01 2.491975737126265467e-01
1.859099804305269429e-02 7.378261612738012953e-01 2.621738387261705050e-01
1.663405088062613196e-02 7.244457019578955936e-01 2.755542980420769839e-01
1.467710371819948116e-02 7.106714784116305861e-01 2.893285215883406036e-01
1.272015655577291883e-02 6.965153430529544831e-01 3.034846569470149857e-01
1.076320939334626803e-02 6.819912300915751402e-01 3.180087699083934405e-01
8.806262230919707432e-03 6.671170484216074614e-01 3.328829515783591209e-01
6.849315068493054028e-03 6.519175265754139081e-01 3.480824734245444585e-01
4.892367906066493431e-03 6.364221856608647254e-01 3.635778143390845929e-01
2.935420743639841328e-03 6.206609500402572310e-01 3.793390499596885901e-01
9.784735812132805150e-04 6.046648469732027742e-01 3.953351530267545932e-01
-9.784735812133715880e-04 5.884451208514509535e-01 4.115548791485111879e-01
-2.935420743640114981e-03 5.720356955863448167e-01 4.279643044136196561e-01
-4.892367906066675577e-03 5.554732280195846528e-01 4.445267719803771556e-01
-6.849315068493328114e-03 5.388046881968229229e-01 4.611953118031312804e-01
-8.806262230919889578e-03 5.220731581874540339e-01 4.779268418124954509e-01
-1.076320939334654038e-02 5.052840895795492893e-01 4.947159104203964763e-01
-1.272015655577310271e-02 4.884773271177612064e-01 5.115226728821836710e-01
-1.467710371819975351e-02 4.717106811559427237e-01 5.282893188439998777e-01
-1.663405088062631584e-02 4.550431588309080122e-01 5.449568411690333125e-01
-1.859099804305296838e-02 4.384425173359266514e-01 5.615574826640206130e-01
-2.054794520547952724e-02 4.219957127378359818e-01 5.780042872621112826e-01
-2.250489236790617978e-02 4.057273950121129680e-01 5.942726049878230832e-01
-2.446183953033274211e-02 3.896697154762818749e-01 6.103302845236453500e-01
-2.641878669275939465e-02 3.738531760774490564e-01 6.261468239224745602e-01
-2.837573385518604718e-02 3.583074677034775446e-01 6.416925322964366352e-01
-3.033268101761260604e-02 3.430598433449609796e-01 6.569401566549524230e-01
-3.228962818003926205e-02 3.281359124166705055e-01 6.718640875832462278e-01
-3.424657534246582091e-02 3.135586371078978307e-01 6.864413628920090771e-01
-3.620352250489246998e-02 2.993482705474720396e-01 7.006517294524238215e-01
-3.816046966731912599e-02 2.855222176459294992e-01 7.144777823539648631e-01
-4.011741682974577505e-02 2.720968677306527805e-01 7.279031322692504080e-01
-4.207436399217233391e-02 2.590844329450161521e-01 7.409155670548981387e-01
-4.403131115459898992e-02 2.464940171177064931e-01 7.535059828822133765e-01
-4.598825831702554878e-02 2.343340451364884225e-01 7.656659548634303647e-01
-4.794520547945220479e-02 2.226093033495309959e-01 7.773906966503840721e-01
-4.990215264187876365e-02 2.113222147391201622e-01 7.886777852607940176e-01
-5.185909980430541272e-02 2.004748085153679749e-01 7.995251914845347141e-01
-5.381604696673206872e-02 1.900640085652640643e-01 8.099359914346295763e-01
-5.577299412915862759e-02 1.800881210745846894e-01 8.199118789252971551e-01
-5.772994129158528359e-02 1.705425943000247191e-01 8.294574056998391676e-01
-5.968688845401184245e-02 1.614166979557070947e-01 8.385833020441475494e-01
-6.164383561643849152e-02 1.527128343499828678e-01 8.472871656498865978e-01
-6.360078277886505038e-02 1.444122403549198408e-01 8.555877596449538158e-01
-6.555772994129170639e-02 1.365038482974051948e-01 8.634961517024575262e-01
-6.751467710371826525e-02 1.289808012026345541e-01 8.710191987972113470e-01
-6.947162426614492126e-02 1.218354009210347449e-01 8.781645990787789735e-01
-7.142857142857148012e-02 1.150503780457134417e-01 8.849496219540686770e-01
-7.338551859099813612e-02 1.086125641661150054e-01 8.913874358336599801e-01
-7.534246575342477825e-02 1.025124072624991056e-01 8.974875927372787388e-01
-7.729941291585143426e-02 9.673285107727058740e-02 9.032671489225079231e-01
-7.925636007827809026e-02 9.126417879015746859e-02 9.087358212096197096e-01
-8.121330724070464913e-02 8.610121115802198133e-02 9.138987888417571259e-01
-8.317025440313130513e-02 8.120317080313357860e-02 9.187968291966258638e-01
-8.512720156555786399e-02 7.658719738598063209e-02 9.234128026137753409e-01
-8.708414872798452000e-02 7.222599167305167323e-02 9.277740083266992066e-01
-8.904109589041107886e-02 6.811101820646729699e-02 9.318889817932767272e-01
-9.099804305283773487e-02 6.422895444852869118e-02 9.357710455512142644e-01
-9.295499021526429373e-02 6.056778753554296207e-02 9.394322124642027205e-01
-9.491193737769093586e-02 5.711638107989279456e-02 9.428836189198512852e-01
-9.686888454011750860e-02 5.386369480938436871e-02 9.461363051903552979e-01
-9.882583170254415073e-02 5.079876750399059393e-02 9.492012324957479485e-01
-1.007827788649707096e-01 4.791189798760507601e-02 9.520881020121094718e-01
-1.027397260273973656e-01 4.519279733825078832e-02 9.548072026614450314e-01
-1.046966731898240216e-01 4.263209033189438446e-02 9.573679096677931710e-01
-1.066536203522505805e-01 4.022128640714895537e-02 9.597787135925404112e-01
-1.086105675146772365e-01 3.795148974218458260e-02 9.620485102575035974e-01
-1.105675146771037953e-01 3.581515957472054812e-02 9.641848404249603322e-01
-1.125244618395304513e-01 3.380380864584094092e-02 9.661961913538352764e-01
-1.144814090019570935e-01 3.191026394137565919e-02 9.680897360583063938e-01
-1.164383561643837495e-01 3.013051993026703845e-02 9.698694800694178664e-01
-1.183953033268103083e-01 2.845066955291417066e-02 9.715493304467655022e-01
-1.203522504892369643e-01 2.687072578216522303e-02 9.731292742174946220e-01
-1.223091976516635232e-01 2.538475661294903665e-02 9.746152433866837050e-01
-1.242661448140901792e-01 2.398616880402235779e-02 9.760138311955920409e-01
-1.262230919765167381e-01 2.266860119511397362e-02 9.773313988044889378e-01
-1.281800391389433802e-01 2.142810527217441433e-02 9.785718947274191226e-01
-1.301369863013700501e-01 2.025843861512908323e-02 9.797415613844563387e-01
-1.320939334637966089e-01 1.915570580366585118e-02 9.808442941959124584e-01
-1.340508806262232511e-01 1.812016637230658145e-02 9.818798336272680505e-01
-1.360078277886498099e-01 1.714280589988503856e-02 9.828571940996986278e-01
-1.379647749510764798e-01 1.622251119613750403e-02 9.837774888034540588e-01
-1.399217221135030387e-01 1.535523279320757765e-02 9.846447672063848300e-01
-1.418786692759296808e-01 1.453629211070297904e-02 9.854637078888828228e-01
-1.438356164383562397e-01 1.376686369233021123e-02 9.862331363072376345e-01
-1.457925636007828818e-01 1.303754056629775893e-02 9.869624594332537804e-01
-1.477495107632094684e-01 1.235230011026810376e-02 9.876476998892784742e-01
-1.497064579256361938e-01 1.170907391870349909e-02 9.882909260808474539e-01
-1.516634050880628637e-01 1.109308775844312922e-02 9.889069122411081603e-01
-1.536203522504894226e-01 1.051854193655499953e-02 9.894814580630069134e-01
-1.555772994129160647e-01 9.973238908927654217e-03 9.900267610906268168e-01
-1.575342465753426235e-01 9.459564772382944228e-03 9.905404352271859336e-01
-1.594911937377692657e-01 8.973603210355320103e-03 9.910263967892144477e-01
-1.614481409001958245e-01 8.515825525525785519e-03 9.914841744740449103e-01
-1.634050880626224944e-01 8.082527806050118085e-03 9.919174721934989059e-01
-1.653620352250490533e-01 7.675172485316168400e-03 9.923248275142069197e-01
-1.673189823874756954e-01 7.288074816627639063e-03 9.927119251828837587e-01
-1.692759295499022543e-01 6.920851303519458264e-03 9.930791486959746894e-01
-1.712328767123289242e-01 6.574846704337591365e-03 9.934251532951539065e-01
-1.731898238747554830e-01 6.248185878566547488e-03 9.937518141209229494e-01
-1.751467710371821251e-01 5.938313413536052375e-03 9.940616865859578377e-01
-1.771037181996087673e-01 5.645307341309869706e-03 9.943546926581866563e-01
-1.790606653620353539e-01 5.366986522927704416e-03 9.946330134765728470e-01
-1.810176125244619960e-01 5.105213587123575390e-03 9.948947864123669493e-01
-1.829745596868885549e-01 4.853602318970575910e-03 9.951463976805111633e-01
-1.849315068493151970e-01 4.618317751147382397e-03 9.953816822483367854e-01
-1.868884540117418669e-01 4.393092918030640573e-03 9.956069070814417277e-01
-1.888454011741685090e-01 4.184893952510368616e-03 9.958151060469504490e-01
-1.908023483365950679e-01 3.983739416161291222e-03 9.960162605832812988e-01
-1.927592954990217378e-01 3.791735604123731580e-03 9.962082643953156236e-01
-1.947162426614482966e-01 3.610249795016767967e-03 9.963897502044273269e-01
-1.966731898238749388e-01 3.441099514933443956e-03 9.965589004845116783e-01
-1.986301369863014976e-01 3.277472441804246857e-03 9.967225275576476751e-01
-2.005870841487281397e-01 3.123083668003868822e-03 9.968769163314107340e-01
-2.025440313111548096e-01 2.976142281064333896e-03 9.970238577183574424e-01
-2.045009784735813685e-01 2.836948737054154849e-03 9.971630512623670395e-01
-2.064579256360080106e-01 2.705009128379417312e-03 9.972949908710400102e-01
-2.084148727984345695e-01 2.579834073362936419e-03 9.974201659260578667e-01
-2.103718199608612394e-01 2.460058733644064979e-03 9.975399412657710574e-01
-2.123287671232877982e-01 2.344862535648859110e-03 9.976551374637514513e-01
-2.142857142857144404e-01 2.236533543254901318e-03 9.977634664561388922e-01
-2.162426614481409992e-01 2.135073742818180582e-03 9.978649262565792988e-01
-2.181996086105676413e-01 2.037800773399719035e-03 9.979621992259937180e-01
-2.201565557729942280e-01 1.944102839309840881e-03 9.980558971600697049e-01
-2.221135029354208701e-01 1.855897431490115355e-03 9.981441025678779999e-01
-2.240704500978475122e-01 1.773354735154385273e-03 9.982266452642059029e-01
-2.260273972602741821e-01 1.693112355080104731e-03 9.983068876442777739e-01
-2.279843444227008242e-01 1.613886278931326961e-03 9.983861137204323999e-01
-2.299412915851273831e-01 1.542088990212582122e-03 9.984579110091480469e-01
-2.318982387475540252e-01 1.480244655977315353e-03 9.985197553433651230e-01
-2.338551859099806118e-01 1.414760211464527028e-03 9.985852397878733910e-01
-2.358121330724072540e-01 1.345734577482671614e-03 9.986542654218644177e-01
-2.377690802348338128e-01 1.285206030421135555e-03 9.987147939689138276e-01
-2.397260273972604550e-01 1.228814451714050661e-03 9.987711855476028022e-01
-2.416829745596870138e-01 1.174455122837096644e-03 9.988255448764640221e-01
-2.436399217221136837e-01 1.122678559956831554e-03 9.988773214393376065e-01
-2.455968688845402426e-01 1.073355780053726703e-03 9.989266442192439310e-01
-2.475538160469668847e-01 1.026209321867612573e-03 9.989737906774494025e-01
-2.495107632093934436e-01 9.813040174796860016e-04 9.990186959818454504e-01
-2.514677103718200857e-01 9.385361371762690561e-04 9.990614638621377885e-01
-2.534246575342467556e-01 8.975743466111474941e-04 9.991024256526839231e-01
-2.553816046966733144e-01 8.586024356779648186e-04 9.991413975635989875e-01
-2.573385518590999843e-01 8.215766765769642356e-04 9.991784233226882472e-01
-2.592954990215265432e-01 7.861186704290850074e-04 9.992138813288209409e-01
-2.612524461839531575e-01 7.520856340654320966e-04 9.992479143651662454e-01
-2.632093933463798274e-01 7.194511302422330890e-04 9.992805488689705529e-01
-2.651663405088064973e-01 6.885415917614891822e-04 9.993114584074390683e-01
-2.671232876712330562e-01 6.591590987898091059e-04 9.993408409004047588e-01
-2.690802348336597261e-01 6.311448045729357685e-04 9.993688551946207088e-01
-2.710371819960862849e-01 6.040021369225704716e-04 9.993959978622692919e-01
-2.729941291585128993e-01 5.777723075432923162e-04 9.994222276916483461e-01
-2.749510763209394582e-01 5.525964231017119026e-04 9.994474035760907427e-01
-2.769080234833661280e-01 5.295060571317664489e-04 9.994704939420582246e-01
-2.788649706457926869e-01 5.082017332779633148e-04 9.994917982659075051e-01
-2.808219178082193568e-01 4.881227252120790960e-04 9.995118772739655100e-01
-2.827788649706459712e-01 4.658238375703303413e-04 9.995341761615972320e-01
-2.847358121330726410e-01 4.419488775857765683e-04 9.995580511215685915e-01
-2.866927592954990889e-01 4.171472888756149258e-04 9.995828527102630368e-01
-2.886497064579257588e-01 3.994091404700558182e-04 9.996005908586602651e-01
-2.906066536203524286e-01 3.867788880842003112e-04 9.996132211110426713e-01
-2.925636007827790430e-01 3.763210842656935888e-04 9.996236789148622570e-01
-2.945205479452055464e-01 3.615708370231869497e-04 9.996384291621072116e-01
-2.964774951076322163e-01 3.443130970007329209e-04 9.996556869021353542e-01
-2.984344422700589416e-01 3.295801875936163125e-04 9.996704198115526907e-01
-3.003913894324856115e-01 3.160512425320486166e-04 9.996839487566295812e-01
-3.023483365949122259e-01 3.027285320803640815e-04 9.996972714670910864e-01
-3.043052837573387293e-01 2.897569586704064684e-04 9.997102430405033768e-01
-3.062622309197653436e-01 2.776856889370633852e-04 9.997223143102442755e-01
-3.082191780821920135e-01 2.667930427648151047e-04 9.997332069564353052e-01
-3.101761252446186834e-01 2.560223212191067160e-04 9.997439776779946108e-01
-3.121330724070451312e-01 2.442440620636192328e-04 9.997557559371429425e-01
-3.140900195694718011e-01 2.326389140038804659e-04 9.997673610851864900e-01
-3.160469667318984155e-01 2.233698954466839873e-04 9.997766301037399606e-01
-3.180039138943250854e-01 2.154711488600846974e-04 9.997845288503279804e-01
-3.199608610567515332e-01 2.068422353211783922e-04 9.997931577638629053e-01
-3.219178082191782031e-01 1.984351480782333300e-04 9.998015648511003883e-01
-3.238747553816049285e-01 1.903021578380063861e-04 9.998096978413331115e-01
-3.258317025440315429e-01 1.824293980513661852e-04 9.998175706011098729e-01
-3.277886497064582683e-01 1.749411289677402052e-04 9.998250588701770303e-01
-3.297455968688846606e-01 1.677897629672887424e-04 9.998322102361559827e-01
-3.317025440313113860e-01 1.608671896867512000e-04 9.998391328094295982e-01
-3.336594911937379448e-01 1.542028732640701987e-04 9.998457971258540855e-01
-3.356164383561646702e-01 1.478204129219274493e-04 9.998521795861963213e-01
-3.375733855185910626e-01 1.417314208423008700e-04 9.998582685782675394e-01
-3.395303326810177880e-01 1.359429827815629519e-04 9.998640570163073171e-01
-3.414872798434443468e-01 1.304647144399508334e-04 9.998695352846107554e-01
-3.434442270058711277e-01 1.252105173328687659e-04 9.998747894816814030e-01
-3.454011741682974646e-01 1.200887500012600643e-04 9.998799112489997754e-01
-3.473581213307242455e-01 1.151363732081779612e-04 9.998848636257900990e-01
-3.493150684931508043e-01 1.103296582567617548e-04 9.998896703407528230e-01
-3.512720156555775297e-01 1.057048371498308780e-04 9.998942951618816632e-01
-3.532289628180040886e-01 1.014913018787270884e-04 9.998985086971573510e-01
-3.551859099804306474e-01 9.756738677713485200e-05 9.999024326122619710e-01
-3.571428571428574283e-01 9.394836240589734058e-05 9.999060516366324869e-01
-3.590998043052839872e-01 9.064949932585848486e-05 9.999093504997085269e-01
-3.610567514677107126e-01 8.681697740473991089e-05 9.999131830216263506e-01
-3.630136986301371049e-01 8.272199454814371973e-05 9.999172780044782716e-01
-3.649706457925638303e-01 7.830415127404023821e-05 9.999216958477448181e-01
-3.669275929549903892e-01 7.346818758414400043e-05 9.999265318114242129e-01
-3.688845401174171146e-01 6.963404135456317031e-05 9.999303659576448400e-01
-3.708414872798435069e-01 6.722479502176495220e-05 9.999327752039718353e-01
-3.727984344422702323e-01 6.589732121933941297e-05 9.999341026777701646e-01
-3.747553816046967912e-01 6.480910661507569091e-05 9.999351908923704846e-01
-3.767123287671235721e-01 6.227288552693730286e-05 9.999377271134526346e-01
-3.786692759295501309e-01 5.888664255860524659e-05 9.999411133564142240e-01
-3.806262230919766898e-01 5.488637947808760065e-05 9.999451136194866807e-01
-3.825831702544032487e-01 5.344143342874416776e-05 9.999465585655326061e-01
-3.845401174168299741e-01 5.359509965103842911e-05 9.999464048993096377e-01
-3.864970645792565329e-01 5.580313354018671523e-05 9.999441968654234625e-01
-3.884540117416830918e-01 5.367888426342705844e-05 9.999463211146979447e-01
-3.904109589041098727e-01 4.844884820195580980e-05 9.999515511507535148e-01
-3.923679060665364315e-01 4.345802906243086388e-05 9.999565419698858149e-01
-3.943248532289631569e-01 4.172039616415093664e-05 9.999582796027765008e-01
-3.962818003913895493e-01 4.186695947454213002e-05 9.999581330394577972e-01
-3.982387475538162747e-01 4.051902009012306981e-05 9.999594809788348027e-01
-4.001956947162428335e-01 3.835671019682487543e-05 9.999616432887219464e-01
-4.021526418786695589e-01 3.666171492869600354e-05 9.999633382839859808e-01
-4.041095890410961178e-01 3.497971473893012832e-05 9.999650202841749991e-01
-4.060665362035226766e-01 3.343055685013868270e-05 9.999665694420600826e-01
-4.080234833659492910e-01 3.211171624744940320e-05 9.999678882826519288e-01
-4.099804305283760164e-01 3.093308947060900531e-05 9.999690669094165596e-01
-4.119373776908025753e-01 2.959761304155081318e-05 9.999704023858453361e-01
-4.138943248532291341e-01 2.817293104829209343e-05 9.999718270678489285e-01
-4.158512720156556930e-01 2.720876866505448667e-05 9.999727912302416311e-01
-4.178082191780824184e-01 2.667285715115977427e-05 9.999733271417667879e-01
-4.197651663405089772e-01 2.555615825992538486e-05 9.999744438406619196e-01
-4.217221135029355361e-01 2.339988465358965215e-05 9.999766001142593730e-01
-4.236790606653620950e-01 2.141887437981718472e-05 9.999785811245169853e-01
-4.256360078277888759e-01 2.116468339375602963e-05 9.999788353154897003e-01
-4.275929549902154347e-01 2.145790678004765029e-05 9.999785420920888068e-01
-4.295499021526421601e-01 2.057028580575214014e-05 9.999794297130539800e-01
-4.315068493150687190e-01 1.926644085607266427e-05 9.999807335579966594e-01
-4.334637964774952779e-01 1.865439623890887289e-05 9.999813456026065417e-01
-4.354207436399220033e-01 1.851555546296098156e-05 9.999814844433754235e-01
-4.373776908023486176e-01 1.799090387252734371e-05 9.999820090949620432e-01
-4.393346379647751765e-01 1.655966644014360539e-05 9.999834403323948351e-01
-4.412915851272017354e-01 1.513706875862306372e-05 9.999848629300793768e-01
-4.432485322896284607e-01 1.567838916425473052e-05 9.999843216096737653e-01
-4.452054794520550196e-01 1.726788049962433864e-05 9.999827321183383244e-01
-4.471624266144815785e-01 1.459308441841358512e-05 9.999854069144186175e-01
-4.491193737769081373e-01 9.443173042916405691e-06 9.999905568257925204e-01
-4.510763209393348627e-01 7.319073785634166822e-06 9.999926809250527793e-01
-4.530332681017614216e-01 1.024627983167930925e-05 9.999897537190158836e-01
-4.549902152641882025e-01 1.272480148134861027e-05 9.999872751973719609e-01
-4.569471624266145393e-01 1.202069068880168116e-05 9.999879793081598578e-01
-4.589041095890413202e-01 1.133506440404049003e-05 9.999886649344418288e-01
-4.608610567514678791e-01 1.119575904361569830e-05 9.999888042398037413e-01
-4.628180039138946045e-01 1.064368456626994894e-05 9.999893563142823183e-01
-4.647749510763211633e-01 9.682730465385884847e-06 9.999903172683839436e-01
-4.667318982387477222e-01 9.511662803518582988e-06 9.999904883360455354e-01
-4.686888454011745031e-01 9.712286502853930033e-06 9.999902877123458822e-01
-4.706457925636010620e-01 8.698136531149359280e-06 9.999913018623152183e-01
-4.726027397260276208e-01 7.525925654753998564e-06 9.999924740731891415e-01
-4.745596868884541797e-01 8.743214407364767807e-06 9.999912567844400080e-01
-4.765166340508809051e-01 9.423969810895701203e-06 9.999905760290427326e-01
-4.784735812133074639e-01 4.813039246325369683e-06 9.999951869596160892e-01
-4.804305283757341893e-01 1.551407133494587219e-06 9.999984485917325916e-01
-4.823874755381605817e-01 5.623687280182807988e-06 9.999943763115750617e-01
-4.843444227005873071e-01 7.273901422559232548e-06 9.999927260974305065e-01
-4.863013698630138659e-01 6.408122573827021093e-06 9.999935918762850040e-01
-4.882583170254406468e-01 6.380367516116230119e-06 9.999936196313434777e-01
-4.902152641878670392e-01 6.064021748085715070e-06 9.999939359771137237e-01
-4.921722113502937646e-01 5.474018421536210217e-06 9.999945259804428055e-01
-4.941291585127203234e-01 5.182416145390342579e-06 9.999948175827149122e-01
-4.960861056751470488e-01 5.049501965569830331e-06 9.999949504968859149e-01
-4.980430528375734411e-01 5.005221748306440920e-06 9.999949947770911951e-01
-5.000000000000002220e-01 4.805814316168727750e-06 9.999951941845128811e-01
-5.000000000000000000e-01 4.805814316168727750e-06 9.999951941845128811e-01
-4.980430528375733301e-01 4.982353835767815327e-06 9.999950176450058681e-01
-4.960861056751467713e-01 5.165472773265207020e-06 9.999948345260598614e-01
-4.941291585127201569e-01 5.355461177019714587e-06 9.999946445376459714e-01
-4.921722113502935980e-01 5.552342121419766643e-06 9.999944476566906548e-01
-4.902152641878669281e-01 5.756952642407440687e-06 9.999942430461615794e-01
-4.882583170254402583e-01 5.969140590469370830e-06 9.999940308582080384e-01
-4.863013698630136994e-01 6.188846716533437202e-06 9.999938111520783046e-01
-4.843444227005870295e-01 6.416071020599531383e-06 9.999935839277724892e-01
-4.823874755381604706e-01 6.652523165606434412e-06 9.999933474756275142e-01
-4.804305283757338563e-01 6.897679839449016685e-06 9.999931023189558843e-01
-4.784735812133071864e-01 7.151217627459510208e-06 9.999928487811717837e-01
-4.765166340508806275e-01 7.413136529637914980e-06 9.999925868622756564e-01
-4.745596868884539576e-01 7.685717062125285715e-06 9.999923142817399579e-01
-4.726027397260273988e-01 7.968741657311860863e-06 9.999920312571342063e-01
-4.706457925636007844e-01 8.261479717793125677e-06 9.999917385190585373e-01
-4.686888454011742255e-01 8.563931243568538056e-06 9.999914360675133951e-01
-4.667318982387475557e-01 8.878492860175122084e-06 9.999911215058865377e-01
-4.647749510763208858e-01 9.205596248736233785e-06 9.999907944024997164e-01
-4.628180039138943269e-01 9.544064471807018474e-06 9.999904559342834842e-01
-4.608610567514677125e-01 9.893897529387259311e-06 9.999901061012375081e-01
-4.589041095890410982e-01 1.025713370951953762e-05 9.999897428650695863e-01
-4.569471624266144838e-01 1.063573901411026500e-05 9.999893642597728061e-01
-4.549902152641878139e-01 1.102899355965550506e-05 9.999889710052323188e-01
-4.530332681017612551e-01 1.143748217636339059e-05 9.999885625166164971e-01
-4.510763209393345852e-01 1.186178969444097019e-05 9.999881382090939352e-01
-4.491193737769080263e-01 1.230250094409572614e-05 9.999876974978333388e-01
-4.471624266144814119e-01 1.276020075553546598e-05 9.999872397980027472e-01
-4.452054794520547421e-01 1.323547395896723829e-05 9.999867645247704218e-01
-4.432485322896281832e-01 1.372882516205659129e-05 9.999862711735373333e-01
-4.412915851272015133e-01 1.424068816958555181e-05 9.999857593105154763e-01
-4.393346379647749544e-01 1.477176772804824657e-05 9.999852282309420470e-01
-4.373776908023483401e-01 1.532263501514074481e-05 9.999846773636404951e-01
-4.354207436399216702e-01 1.589386120855922416e-05 9.999841061374327156e-01
-4.334637964774951113e-01 1.648601748599942858e-05 9.999835139811411588e-01
-4.315068493150684414e-01 1.709967502515699362e-05 9.999829003235892744e-01
-4.295499021526418826e-01 1.773540500372863902e-05 9.999822645935985133e-01
-4.275929549902152127e-01 1.839391066948265190e-05 9.999816060879216373e-01
-4.256360078277886538e-01 1.907667742561227394e-05 9.999809233211514048e-01
-4.236790606653620395e-01 1.978362520649247676e-05 9.999802163733564342e-01
-4.217221135029353696e-01 2.051536754104656395e-05 9.999794846310080532e-01
-4.197651663405088107e-01 2.127251795819805596e-05 9.999787274805774784e-01
-4.178082191780821408e-01 2.205568998686971427e-05 9.999779443085352604e-01
-4.158512720156555820e-01 2.286549715598560142e-05 9.999771345013536150e-01
-4.138943248532289676e-01 2.370255299446837050e-05 9.999762974455026487e-01
-4.119373776908022977e-01 2.456747103124154192e-05 9.999754325274540223e-01
-4.099804305283757389e-01 2.546543574300603671e-05 9.999745345627369941e-01
-4.080234833659490690e-01 2.639439388236791608e-05 9.999736056045952504e-01
-4.060665362035224546e-01 2.735491495516571836e-05 9.999726450835233482e-01
-4.041095890410958957e-01 2.834779600930249083e-05 9.999716522024733045e-01
-4.021526418786692814e-01 2.937383409268063024e-05 9.999706261643976912e-01
-4.001956947162426670e-01 3.043382625320350914e-05 9.999695661722489692e-01
-3.982387475538159971e-01 3.152856953877352427e-05 9.999684714289795995e-01
-3.962818003913894382e-01 3.265886099729328924e-05 9.999673411375417098e-01
-3.943248532289627684e-01 3.383268018828245859e-05 9.999661673183621868e-01
-3.923679060665361540e-01 3.504896699932933193e-05 9.999649510315576917e-01
-3.904109589041095951e-01 3.630691130025395525e-05 9.999636930872606300e-01
-3.884540117416829252e-01 3.760768405018351593e-05 9.999623923145128934e-01
-3.864970645792563664e-01 3.895245620824552661e-05 9.999610475423541534e-01
-3.845401174168296965e-01 4.034239873356793363e-05 9.999596575998247472e-01
-3.825831702544030821e-01 4.177868258527803278e-05 9.999582213159654565e-01
-3.806262230919765233e-01 4.326247872250355356e-05 9.999567375198167296e-01
-3.786692759295498534e-01 4.482876743535312535e-05 9.999551712310943419e-01
-3.767123287671232945e-01 4.649285122979138121e-05 9.999535071472935854e-01
-3.747553816046966246e-01 4.823982999112080491e-05 9.999517601685269375e-01
-3.727984344422700103e-01 5.007645207780002643e-05 9.999499235464357483e-01
-3.708414872798433959e-01 5.200985457140875051e-05 9.999479901439394247e-01
-3.688845401174168370e-01 5.404756327664710612e-05 9.999459524352335427e-01
-3.669275929549902227e-01 5.619749272133456233e-05 9.999438025057918455e-01
-3.649706457925635528e-01 5.846794615641318082e-05 9.999415320523638018e-01
-3.630136986301369384e-01 6.086761555594284549e-05 9.999391323829762701e-01
-3.610567514677103240e-01 6.340558161710570760e-05 9.999365944169329445e-01
-3.590998043052837096e-01 6.609131376020369215e-05 9.999339086848146874e-01
-3.571428571428571508e-01 6.893078922501523487e-05 9.999310692093825725e-01
-3.551859099804304809e-01 7.178081252693106675e-05 9.999282191860956459e-01
-3.532289628180038665e-01 7.475446037623302217e-05 9.999252455382632299e-01
-3.512720156555772522e-01 7.785442374469669739e-05 9.999221455749127685e-01
-3.493150684931506378e-01 8.108327174173569039e-05 9.999189167269348921e-01
-3.473581213307240789e-01 8.444345161440105878e-05 9.999155565470827511e-01
-3.454011741682974090e-01 8.793728874738218713e-05 9.999120627099712388e-01
-3.434442270058708502e-01 9.156698666300516071e-05 9.999084330120779907e-01
-3.414872798434441803e-01 9.533462702123493386e-05 9.999046653717430511e-01
-3.395303326810175659e-01 9.924216961967305319e-05 9.999007578291682075e-01
-3.375733855185909515e-01 1.032914523935597175e-04 9.998967085464189886e-01
-3.356164383561643372e-01 1.074841914157723686e-04 9.998925158074214448e-01
-3.336594911937377783e-01 1.117915099028896336e-04 9.998882084889550992e-01
-3.317025440313111084e-01 1.161994248135374188e-04 9.998838005740593449e-01
-3.297455968688844941e-01 1.207326359379028375e-04 9.998792673629465222e-01
-3.277886497064578797e-01 1.253893544414119319e-04 9.998746106444507120e-01
-3.258317025440312653e-01 1.301675061629320321e-04 9.998698324927323133e-01
-3.238747553816047065e-01 1.350647316147678524e-04 9.998649352672781543e-01
-3.219178082191780366e-01 1.400783859826651781e-04 9.998599216129027134e-01
-3.199608610567514777e-01 1.452055391258080461e-04 9.998547944597440118e-01
-3.180039138943248078e-01 1.504429755768203715e-04 9.998495570232708296e-01
-3.160469667318981379e-01 1.557871945417659476e-04 9.998442128042750454e-01
-3.140900195694715791e-01 1.612344099001468195e-04 9.998387655888758552e-01
-3.121330724070449647e-01 1.667805502049055609e-04 9.998332194485207713e-01
-3.101761252446184058e-01 1.725320111916200938e-04 9.998274679875009952e-01
-3.082191780821917360e-01 1.784126261898900598e-04 9.998215873724679570e-01
-3.062622309197651216e-01 1.844189401766984249e-04 9.998155810584437031e-01
-3.043052837573385072e-01 1.905508341650309374e-04 9.998094491644156090e-01
-3.023483365949118928e-01 1.968081615853727170e-04 9.998031918369533200e-01
-3.003913894324852785e-01 2.031907482857057620e-04 9.997968092502091952e-01
-2.984344422700586641e-01 2.096983925315103582e-04 9.997903016059186410e-01
-2.964774951076320497e-01 2.163308650057650792e-04 9.997836691333983339e-01
-2.945205479452054353e-01 2.230879088089446176e-04 9.997769120895487749e-01
-2.925636007827788210e-01 2.299692394590230381e-04 9.997700307588516244e-01
-2.906066536203522066e-01 2.369745448914719341e-04 9.997630254533730332e-01
-2.886497064579256477e-01 2.442189076343279780e-04 9.997557810905878251e-01
-2.866927592954989779e-01 2.517985672145152832e-04 9.997482014309734266e-01
-2.847358121330723080e-01 2.595968166387690448e-04 9.997404031815195768e-01
-2.827788649706456936e-01 2.676256867748423585e-04 9.997323743113597505e-01
-2.808219178082191347e-01 2.758978284538383995e-04 9.997241021696641194e-01
-2.788649706457925204e-01 2.844265124702104229e-04 9.997155734856386644e-01
-2.769080234833659060e-01 2.932256295817604625e-04 9.997067743685275065e-01
-2.749510763209392916e-01 3.023096905096417158e-04 9.996976903076097987e-01
-2.729941291585126772e-01 3.116938259383565928e-04 9.996883061722029451e-01
-2.710371819960860629e-01 3.213937865157571495e-04 9.996786062116596039e-01
-2.690802348336594485e-01 3.314259428530457385e-04 9.996685740553711286e-01
-2.671232876712328341e-01 3.418072855247730572e-04 9.996581927127630163e-01
-2.651663405088062198e-01 4.121717707169757217e-04 9.995878282276349225e-01
-2.632093933463796054e-01 4.290778241333825620e-04 9.995709221742219430e-01
-2.612524461839529355e-01 4.466321332344469963e-04 9.995533678651420395e-01
-2.592954990215263211e-01 4.649265450599292119e-04 9.995350734533264836e-01
-2.573385518590997623e-01 4.839385467275847006e-04 9.995160614516643838e-01
-2.553816046966731479e-01 5.038853833192968000e-04 9.994961146150753706e-01
-2.534246575342465335e-01 5.247165118927140303e-04 9.994752834865017199e-01
-2.514677103718199191e-01 5.464399741013629573e-04 9.994535600242899775e-01
-2.495107632093933048e-01 5.691479914567189064e-04 9.994308520069368207e-01
-2.475538160469666626e-01 5.928521725044153153e-04 9.994071478258947927e-01
-2.455968688845400483e-01 6.176717483271211648e-04 9.993823282500631233e-01
-2.436399217221134617e-01 6.436251592549346433e-04 9.993563748391210977e-01
-2.416829745596868473e-01 6.708563407634610164e-04 9.993291436576058340e-01
-2.397260273972602329e-01 6.993130014138373811e-04 9.993006869969511818e-01
-2.377690802348336185e-01 7.289951412060640627e-04 9.992710048571571413e-01
-2.358121330724069764e-01 7.601987258022988112e-04 9.992398012725576262e-01
-2.338551859099803620e-01 7.928141844322233751e-04 9.992071858139239815e-01
-2.318982387475537754e-01 8.268096972597566239e-04 9.991731903010928617e-01
-2.299412915851271055e-01 8.623910016471658061e-04 9.991376089966991225e-01
-2.279843444227005189e-01 8.998604268211384850e-04 9.991001395715098932e-01
-2.260273972602739045e-01 9.389808371760308223e-04 9.990610191611353219e-01
-2.240704500978472902e-01 9.797522327118434685e-04 9.990202477655758528e-01
-2.221135029354206758e-01 1.022879874106517612e-03 9.989771201241769427e-01
-2.201565557729940892e-01 1.068069783594586403e-03 9.989319302146937307e-01
-2.181996086105674748e-01 1.115265281881623344e-03 9.988847347164195867e-01
-2.162426614481408604e-01 1.164835567204914896e-03 9.988351644311103117e-01
-2.142857142857142461e-01 1.217453518332996601e-03 9.987825464799855446e-01
-2.123287671232876039e-01 1.272973670203640792e-03 9.987270263281096128e-01
-2.103718199608609618e-01 1.331578790504492089e-03 9.986684212077923117e-01
-2.084148727984343474e-01 1.393235960555544006e-03 9.986067640377358501e-01
-2.064579256360077331e-01 1.458158036021762376e-03 9.985418419622682507e-01
-2.045009784735811464e-01 1.526498445327982220e-03 9.984735015529653257e-01
-2.025440313111545321e-01 1.598304827651876332e-03 9.984016951706473630e-01
-2.005870841487279177e-01 1.673567511181042310e-03 9.983264324871241602e-01
-1.986301369863013033e-01 1.752461713654308254e-03 9.982475382846588419e-01
-1.966731898238747167e-01 1.835086736914759127e-03 9.981649132614086595e-01
-1.947162426614481023e-01 1.921759842804580563e-03 9.980782401555226002e-01
-1.927592954990214602e-01 2.012539533210768328e-03 9.979874604651148839e-01
-1.908023483365948458e-01 2.107557804366164307e-03 9.978924421939523448e-01
-1.888454011741682315e-01 2.208117512233149018e-03 9.977918824860753100e-01
-1.868884540117416448e-01 2.315992334045939138e-03 9.976840076642560229e-01
-1.849315068493149750e-01 2.430987940010641279e-03 9.975690120582849651e-01
-1.829745596868883606e-01 2.553739675969187058e-03 9.974462603223210877e-01
-1.810176125244617740e-01 2.682543251844236344e-03 9.973174567464413443e-01
-1.790606653620351596e-01 2.818011724344046155e-03 9.971819882739381136e-01
-1.771037181996085452e-01 2.959860910280881410e-03 9.970401390879999326e-01
-1.751467710371819031e-01 3.109277487044048455e-03 9.968907225112368931e-01
-1.731898238747552887e-01 3.268050640066284471e-03 9.967319493582182943e-01
-1.712328767123286744e-01 3.435617235506640849e-03 9.965643827627848061e-01
-1.692759295499020877e-01 3.612415481095464578e-03 9.963875845172067702e-01
-1.673189823874754734e-01 3.800469438693851974e-03 9.961995305596169636e-01
-1.653620352250488590e-01 3.999799825421500310e-03 9.960002001728978094e-01
-1.634050880626222724e-01 4.211097409693659657e-03 9.957889025886336176e-01
-1.614481409001956025e-01 4.435165732076910838e-03 9.955648342662579697e-01
-1.594911937377690159e-01 4.672816618105222163e-03 9.953271833802366242e-01
-1.575342465753424015e-01 4.924718502701203385e-03 9.950752814956469461e-01
-1.555772994129157316e-01 5.191625271109527248e-03 9.948083747272438160e-01
-1.536203522504891450e-01 5.474898854623758658e-03 9.945251011437319377e-01
-1.516634050880625306e-01 5.775116934630522558e-03 9.942248830637245849e-01
-1.497064579256359163e-01 6.093121584043891328e-03 9.939068784143072488e-01
-1.477495107632093296e-01 6.431101198898886775e-03 9.935688987994472088e-01
-1.457925636007827153e-01 6.791153688774928879e-03 9.932088463095676278e-01
-1.438356164383561009e-01 7.173904827514095486e-03 9.928260951708250959e-01
-1.418786692759294865e-01 7.580714329935758083e-03 9.924192856684006525e-01
-1.399217221135028999e-01 8.013796866747965181e-03 9.919862031315851425e-01
-1.379647749510762300e-01 8.474473464099590084e-03 9.915255265342295399e-01
-1.360078277886495879e-01 8.964430360773569667e-03 9.910355696375507950e-01
-1.340508806262229735e-01 9.485248255796767392e-03 9.905147517425239023e-01
-1.320939334637963869e-01 1.003853843292831609e-02 9.899614615653913319e-01
-1.301369863013697725e-01 1.062609632421483014e-02 9.893739036741057147e-01
-1.281800391389431582e-01 1.124974810440189724e-02 9.887502518939227381e-01
-1.262230919765165438e-01 1.191216932012799032e-02 9.880878306781918363e-01
-1.242661448140899433e-01 1.261520640141226141e-02 9.873847935968960154e-01
-1.223091976516633428e-01 1.336109832484871571e-02 9.866389016734369299e-01
-1.203522504892367284e-01 1.415845854720300390e-02 9.858415414510577346e-01
-1.183953033268100863e-01 1.501613228074962121e-02 9.849838677174933554e-01
-1.164383561643834719e-01 1.593685978517033613e-02 9.840631402130604055e-01
-1.144814090019568714e-01 1.690934294826133832e-02 9.830906570499655661e-01
-1.125244618395302570e-01 1.793813435100055295e-02 9.820618656472348551e-01
-1.105675146771036566e-01 1.903424746195727865e-02 9.809657525362891484e-01
-1.086105675146770005e-01 2.020105413054416876e-02 9.797989458677143215e-01
-1.066536203522504417e-01 2.144480306354367913e-02 9.785551969347235923e-01
-1.046966731898237857e-01 2.277264125086916197e-02 9.772273587473969680e-01
-1.027397260273972268e-01 2.418603758042746354e-02 9.758139624178292504e-01
-1.007827788649705292e-01 2.568987051681627387e-02 9.743101294814207058e-01
-9.882583170254388705e-02 2.728835234359741971e-02 9.727116476546255885e-01
-9.686888454011731431e-02 2.898489945915974642e-02 9.710151005390652568e-01
-9.491193737769067218e-02 3.079032159635597399e-02 9.692096784018646716e-01
-9.295499021526411332e-02 3.271227688429707847e-02 9.672877231139092036e-01
-9.099804305283745731e-02 3.476187346692678759e-02 9.652381265312685032e-01
-8.904109589041089845e-02 3.694804780681728434e-02 9.630519521913666336e-01
-8.708414872798424244e-02 3.927091340999852576e-02 9.607290865881878972e-01
-8.512720156555768358e-02 4.173797482967189082e-02 9.582620251685313173e-01
-8.317025440313102758e-02 4.435740526895816382e-02 9.556425947292428447e-01
-8.121330724070446871e-02 4.713759136684088358e-02 9.528624086313426389e-01
-7.925636007827781271e-02 5.009227000770755112e-02 9.499077299904599148e-01
-7.729941291585125385e-02 5.323087319119614719e-02 9.467691268069642341e-01
-7.534246575342459784e-02 5.656432413070304477e-02 9.434356758674776744e-01
-7.338551859099795571e-02 6.010174564517915818e-02 9.398982543530187694e-01
-7.142857142857129971e-02 6.385271757479346610e-02 9.361472824234009504e-01
-6.947162426614464370e-02 6.782627601127115546e-02 9.321737239869273273e-01
-6.751467710371808484e-02 7.203240766701299314e-02 9.279675923311923036e-01
-6.555772994129142883e-02 7.648432223132116403e-02 9.235156777668895867e-01
-6.360078277886486997e-02 8.119502211687486259e-02 9.188049778813359714e-01
-6.164383561643822090e-02 8.618028032792376947e-02 9.138197196702795289e-01
-5.968688845401166204e-02 9.145403259903313320e-02 9.085459673991623797e-01
-5.772994129158500604e-02 9.702932112891138328e-02 9.029706788693017128e-01
-5.577299412915844717e-02 1.029009835964775771e-01 8.970990164017575985e-01
-5.381604696673179117e-02 1.090742840681206971e-01 8.909257159301262607e-01
-5.185909980430523231e-02 1.155851145040054373e-01 8.844148854942237570e-01
-4.990215264187858324e-02 1.224521236919761946e-01 8.775478763062312115e-01
-4.794520547945192723e-02 1.296758199281371760e-01 8.703241800700558528e-01
-4.598825831702536837e-02 1.372519603525637066e-01 8.627480396456281841e-01
-4.403131115459871237e-02 1.452017458883366197e-01 8.547982541098591014e-01
-4.207436399217215350e-02 1.535444960041180973e-01 8.464555039940711012e-01
-4.011741682974550444e-02 1.622813159211322909e-01 8.377186840770500798e-01
-3.816046966731893864e-02 1.714128754697559209e-01 8.285871245284340825e-01
-3.620352250489228957e-02 1.809487089890381706e-01 8.190512910091565235e-01
-3.424657534246564050e-02 1.909076950274631868e-01 8.090923049707339221e-01
-3.228962818003898450e-02 2.012894199502708870e-01 7.987105800479217255e-01
-3.033268101761242563e-02 2.120852507212897531e-01 7.879147492768963090e-01
-2.837573385518577310e-02 2.233038350874668176e-01 7.766961649107173571e-01
-2.641878669275921077e-02 2.349439233282505368e-01 7.650560766699314730e-01
-2.446183953033255823e-02 2.470051563891780821e-01 7.529948436089979324e-01
-2.250489236790590569e-02 2.594799012695416796e-01 7.405200987286283398e-01
-2.054794520547934683e-02 2.723643562253932893e-01 7.276356437727833359e-01
-1.859099804305269429e-02 2.856472837051397540e-01 7.143527162930269903e-01
-1.663405088062613196e-02 2.993196042597134898e-01 7.006803957384513115e-01
-1.467710371819948116e-02 3.133668560153535232e-01 6.866331439828164962e-01
-1.272015655577291883e-02 3.277739533249567350e-01 6.722260466732229434e-01
-1.076320939334626803e-02 3.425225168638397211e-01 6.574774831343441761e-01
-8.806262230919707432e-03 3.575914037342787788e-01 6.424085962639018987e-01
-6.849315068493054028e-03 3.729592888867216960e-01 6.270407111114650878e-01
-4.892367906066493431e-03 3.885983853754649830e-01 6.114016146227125859e-01
-2.935420743639841328e-03 4.044841919126445084e-01 5.955158080855293967e-01
-9.784735812132805150e-04 4.205861282688683755e-01 5.794138717293114693e-01
9.784735812133715880e-04 4.368740054511827120e-01 5.631259945470012962e-01
2.935420743640114981e-03 4.533140910941019230e-01 5.466859089040754238e-01
4.892367906066675577e-03 4.698730154200149167e-01 5.301269845781566570e-01
6.849315068493328114e-03 4.865160584343855010e-01 5.134839415637904025e-01
8.806262230919889578e-03 5.032061950736437250e-01 4.967938049245334553e-01
1.076320939334654038e-02 5.199082538055981306e-01 4.800917461925815477e-01
1.272015655577310271e-02 5.365836074123760957e-01 4.634163925857924804e-01
1.467710371819975351e-02 5.531974553831702224e-01 4.468025446150006852e-01
1.663405088062631584e-02 5.697118063038431046e-01 4.302881936943234176e-01
1.859099804305296838e-02 5.860923485966411661e-01 4.139076514015332942e-01
2.054794520547952724e-02 6.023026842789030999e-01 3.976973157192779107e-01
2.250489236790617978e-02 6.183109966376499900e-01 3.816890033605455645e-01
2.446183953033274211e-02 6.340841886440022890e-01 3.659158113541984836e-01
2.641878669275939465e-02 6.495920889997353065e-01 3.504079109984612472e-01
2.837573385518604718e-02 6.648079496364398544e-01 3.351920503617672464e-01
3.033268101761260604e-02 6.797022452605412379e-01 3.202977547376600898e-01
3.228962818003926205e-02 6.942574462977848526e-01 3.057425537004320182e-01
3.424657534246582091e-02 7.084426004420840695e-01 2.915573995561236420e-01
3.620352250489246998e-02 7.222533018576153818e-01 2.777466981406186974e-01
3.816046966731912599e-02 7.356536509199951279e-01 2.643463490782151926e-01
4.011741682974577505e-02 7.486540541174122598e-01 2.513459458808103841e-01
4.207436399217233391e-02 7.612211669118353896e-01 2.387788330863855890e-01
4.403131115459898992e-02 7.733586678653151525e-01 2.266413321329013297e-01
4.598825831702554878e-02 7.850778833950111668e-01 2.149221166032411479e-01
4.794520547945220479e-02 7.963204242551420453e-01 2.036795757430844289e-01
4.990215264187876365e-02 8.071352388522516907e-01 1.928647611459843314e-01
5.185909980430541272e-02 8.175112470812889720e-01 1.824887529169523792e-01
5.381604696673206872e-02 8.274483682340678659e-01 1.725516317641799524e-01
5.577299412915862759e-02 8.369508987078855267e-01 1.630491012903675652e-01
5.772994129158528359e-02 8.460204566603526377e-01 1.539795433379013145e-01
5.968688845401184245e-02 8.546749268379392195e-01 1.453250731603179802e-01
6.164383561643849152e-02 8.629075788943336711e-01 1.370924211039292739e-01
6.360078277886505038e-02 8.707478538423325531e-01 1.292521461559325846e-01
6.555772994129170639e-02 8.781964136115054664e-01 1.218035863867643065e-01
6.751467710371826525e-02 8.852614199032764475e-01 1.147385800949962120e-01
6.947162426614492126e-02 8.919613265911268130e-01 1.080386734071478450e-01
7.142857142857148012e-02 8.983074138247333362e-01 1.016925861735442638e-01
7.338551859099813612e-02 9.043129990427651865e-01 9.568700095551402329e-02
7.534246575342477825e-02 9.099888722045064160e-01 9.001112779377631878e-02
7.729941291585143426e-02 9.153552802457315396e-01 8.464471975255491443e-02
7.925636007827809026e-02 9.204134819580387372e-01 7.958651804024961807e-02
8.121330724070464913e-02 9.251891938744081223e-01 7.481080612388357753e-02
8.317025440313130513e-02 9.296924826932733144e-01 7.030751730502145247e-02
8.512720156555786399e-02 9.339336964757183335e-01 6.606630352258059669e-02
8.708414872798452000e-02 9.379262998157882336e-01 6.207370018251583133e-02
8.904109589041107886e-02 9.416834764574786298e-01 5.831652354083120826e-02
9.099804305283773487e-02 9.452185438877855894e-01 5.478145611052957775e-02
9.295499021526429373e-02 9.485421878064299595e-01 5.145781219188971800e-02
9.491193737769093586e-02 9.516660426746013091e-01 4.833395732372214315e-02
9.686888454011750860e-02 9.546011872299566825e-01 4.539881276837054447e-02
9.882583170254415073e-02 9.573585775557323929e-01 4.264142244259841452e-02
1.007827788649707096e-01 9.599471258702140242e-01 4.005287412812044701e-02
1.027397260273973656e-01 9.623773022580441872e-01 3.762269774029475961e-02
1.046966731898240216e-01 9.646589395914728637e-01 3.534106040687051697e-02
1.066536203522505805e-01 9.668007162985564618e-01 3.319928369979180394e-02
1.086105675146772365e-01 9.688098292580558102e-01 3.119017074029634823e-02
1.105675146771037953e-01 9.706946818791120091e-01 2.930531811924403165e-02
1.125244618395304513e-01 9.724629035955797418e-01 2.753709640277973020e-02
1.144814090019570935e-01 9.741207390012561751e-01 2.587926099710675942e-02
1.164383561643837495e-01 9.756746915690954758e-01 2.432530842927137574e-02
1.183953033268103083e-01 9.771334239273448130e-01 2.286657607102646553e-02
1.203522504892369643e-01 9.785030730351482742e-01 2.149692696322751811e-02
1.223091976516635232e-01 9.797861997640399112e-01 2.021380023434012768e-02
1.242661448140901792e-01 9.809887484257756585e-01 1.901125157260918214e-02
1.262230919765167381e-01 9.821180683171135684e-01 1.788193168127493599e-02
1.281800391389433802e-01 9.831772029617140696e-01 1.682279703667779319e-02
1.301369863013700501e-01 9.841699612310044198e-01 1.583003876739123503e-02
1.320939334637966089e-01 9.851013540836270899e-01 1.489864591477200496e-02
1.340508806262232511e-01 9.859756527191614328e-01 1.402434727924162759e-02
1.360078277886498099e-01 9.867950896728436838e-01 1.320491032556389902e-02
1.379647749510764798e-01 9.875639976579485557e-01 1.243600234046338820e-02
1.399217221135030387e-01 9.882878686206062469e-01 1.171213137781034266e-02
1.418786692759296808e-01 9.889683484220079812e-01 1.103165157641356267e-02
1.438356164383562397e-01 9.896046577862405158e-01 1.039534221218536836e-02
1.457925636007828818e-01 9.902013048697773101e-01 9.798695128653122505e-03
1.477495107632094684e-01 9.907621117133238453e-01 9.237888285111111458e-03
1.497064579256361938e-01 9.912889742594004350e-01 8.711025739038841254e-03
1.516634050880628637e-01 9.917844766472680984e-01 8.215523351175169423e-03
1.536203522504894226e-01 9.922497326744132984e-01 7.750267324033491799e-03
1.555772994129160647e-01 9.926869525441697206e-01 7.313047454280216346e-03
1.575342465753426235e-01 9.930982092666968963e-01 6.901790731756628043e-03
1.594911937377692657e-01 9.934851385955023595e-01 6.514861402955024645e-03
1.614481409001958245e-01 9.938483250222434062e-01 6.151674976217294706e-03
1.634050880626224944e-01 9.941899711030270925e-01 5.810028895436789888e-03
1.653620352250490533e-01 9.945133481386743135e-01 5.486651859793568314e-03
1.673189823874756954e-01 9.948170002051183181e-01 5.182999793354053225e-03
1.692759295499022543e-01 9.950988375885940762e-01 4.901162409882382082e-03
1.712328767123289242e-01 9.953657059719710487e-01 4.634294026509250264e-03
1.731898238747554830e-01 9.956200920183706504e-01 4.379907980112562882e-03
1.751467710371821251e-01 9.958576787108079920e-01 4.142321287678276190e-03
1.771037181996087673e-01 9.960796934421801696e-01 3.920306556309366766e-03
1.790606653620353539e-01 9.962912455575583248e-01 3.708754440934512297e-03
1.810176125244619960e-01 9.964909332798344010e-01 3.509066718661414588e-03
1.829745596868885549e-01 9.966768778379506699e-01 3.323122160548277332e-03
1.849315068493151970e-01 9.968530459712804381e-01 3.146954027221334112e-03
1.868884540117418669e-01 9.970226349097810470e-01 2.977365088723989139e-03
1.888454011741685090e-01 9.971812352509220601e-01 2.818764747585718235e-03
1.908023483365950679e-01 9.973287314760609368e-01 2.671268522450133149e-03
1.927592954990217378e-01 9.974682054619916638e-01 2.531794536522668278e-03
1.947162426614482966e-01 9.975998657161009309e-01 2.400134282416667691e-03
1.966731898238749388e-01 9.977245109517479671e-01 2.275489046772068320e-03
1.986301369863014976e-01 9.978425119803060461e-01 2.157488018216517645e-03
2.005870841487281397e-01 9.979535689831726675e-01 2.046431015352527874e-03
2.025440313111548096e-01 9.980586722398077093e-01 1.941327758720612882e-03
2.045009784735813685e-01 9.981587419403832317e-01 1.841258058148651173e-03
2.064579256360080106e-01 9.982525427596735668e-01 1.747457238861544479e-03
2.084148727984345695e-01 9.983398025648397844e-01 1.660197433698016927e-03
2.103718199608612394e-01 9.984253571568644237e-01 1.574642841676281201e-03
2.123287671232877982e-01 9.985082392234023718e-01 1.491760775141429953e-03
2.142857142857144404e-01 9.985765035485862917e-01 1.423496449960359777e-03
2.162426614481409992e-01 9.986408095991325951e-01 1.359190399417285625e-03
2.181996086105676413e-01 9.987192210222973765e-01 1.280778976255298384e-03
2.201565557729942280e-01 9.987859280414272956e-01 1.214071957127950624e-03
2.221135029354208701e-01 9.988425689013158415e-01 1.157431097242437625e-03
2.240704500978475122e-01 9.988987999078369207e-01 1.101200090723955353e-03
2.260273972602741821e-01 9.989538678093586865e-01 1.046132189204897808e-03
2.279843444227008242e-01 9.990053664345253104e-01 9.946335640403319942e-04
2.299412915851273831e-01 9.990539295768021688e-01 9.460704217661816857e-04
2.318982387475540252e-01 9.991000832803028642e-01 8.999167182686422170e-04
2.338551859099806118e-01 9.991438412897997168e-01 8.561587087741128442e-04
2.358121330724072540e-01 9.991853747402770214e-01 8.146252582989074644e-04
2.377690802348338128e-01 9.992247407122811786e-01 7.752592862970010112e-04
2.397260273972604550e-01 9.992620594829763059e-01 7.379405156039660699e-04
2.416829745596870138e-01 9.992975020578149792e-01 7.024979407670884236e-04
2.436399217221136837e-01 9.993311649052989409e-01 6.688350932852963737e-04
2.455968688845402426e-01 9.993630904186101560e-01 6.369095799757274476e-04
2.475538160469668847e-01 9.993933952994180636e-01 6.066046991696161456e-04
2.495107632093934436e-01 9.994221751622098804e-01 5.778248363800019341e-04
2.514677103718200857e-01 9.994495256214718237e-01 5.504743771199185334e-04
2.534246575342467556e-01 9.994754850648098765e-01 5.245149337836748542e-04
2.553816046966733144e-01 9.995001523651163566e-01 4.998476334789225166e-04
2.573385518590999843e-01 9.995236197425442226e-01 4.763802560526962876e-04
2.592954990215265432e-01 9.995459723677744268e-01 4.540276308237476983e-04
2.612524461839531575e-01 9.995671312107725637e-01 4.328687878275328015e-04
2.632093933463798274e-01 9.995872149907114590e-01 4.127850078905834089e-04
2.651663405088064973e-01 9.996062954239933740e-01 3.937045746110013960e-04
2.671232876712330562e-01 9.996244336472113190e-01 3.755663513954524786e-04
2.690802348336597261e-01 9.996417784885245350e-01 3.582215100842507010e-04
2.710371819960862849e-01 9.996583649576673558e-01 3.416350409436030725e-04
2.729941291585128993e-01 9.996742654146313356e-01 3.257345839812131544e-04
2.749510763209394582e-01 9.996895270187124982e-01 3.104729799015689632e-04
2.769080234833661280e-01 9.997035125151989554e-01 2.964874834171931121e-04
2.788649706457926869e-01 9.997165259538853821e-01 2.834740447328076580e-04
2.808219178082193568e-01 9.997285391533873300e-01 2.714608452331820085e-04
2.827788649706459712e-01 9.997397801599563483e-01 2.602198386665477859e-04
2.847358121330726410e-01 9.997529234472082305e-01 2.470765514170616874e-04
2.866927592954990889e-01 9.997670604426862617e-01 2.329395559416000882e-04
2.886497064579257588e-01 9.997825746118527146e-01 2.174253867778599969e-04
2.906066536203524286e-01 9.997984388670093647e-01 2.015611316239840139e-04
2.925636007827790430e-01 9.998064588388577700e-01 1.935411597777667372e-04
2.945205479452055464e-01 9.998098200868776875e-01 1.901799117600879580e-04
2.964774951076322163e-01 9.998129627895455673e-01 1.870372090941870924e-04
2.984344422700589416e-01 9.998197470976567525e-01 1.802529009845590903e-04
3.003913894324856115e-01 9.998292837685904821e-01 1.707162300523064249e-04
3.023483365949122259e-01 9.998371711702909170e-01 1.628288283535621285e-04
3.043052837573387293e-01 9.998447874516187550e-01 1.552125470273326693e-04
3.062622309197653436e-01 9.998519637633381807e-01 1.480362353095103110e-04
3.082191780821920135e-01 9.998584669418110193e-01 1.415330568379042850e-04
3.101761252446186834e-01 9.998644460955246061e-01 1.355539031256487639e-04
3.121330724070451312e-01 9.998705501049752753e-01 1.294498936761710566e-04
3.140900195694718011e-01 9.998765749154949756e-01 1.234250831580002662e-04
3.160469667318984155e-01 9.998818580773302100e-01 1.181419213238688601e-04
3.180039138943250854e-01 9.998864721549094448e-01 1.135278437453369300e-04
3.199608610567515332e-01 9.998914910790159816e-01 1.085089196400508505e-04
3.219178082191782031e-01 9.998971976950147278e-01 1.028023036431215337e-04
3.238747553816049285e-01 9.999022008177663734e-01 9.779918089368629108e-05
3.258317025440315429e-01 9.999044904849296866e-01 9.550951373266634847e-05
3.277886497064582683e-01 9.999054656602546221e-01 9.453433841011781285e-05
3.297455968688846606e-01 9.999105202009694882e-01 8.947979769709550005e-05
3.317025440313113860e-01 9.999171993481396070e-01 8.280065052846817715e-05
3.336594911937379448e-01 9.999213742125578896e-01 7.862578611184502589e-05
3.356164383561646702e-01 9.999244663612503192e-01 7.553363742081342126e-05
3.375733855185910626e-01 9.999277946206239776e-01 7.220537804873315094e-05
3.395303326810177880e-01 9.999311473407528350e-01 6.885265792230701835e-05
3.414872798434443468e-01 9.999340737063491247e-01 6.592629232788803015e-05
3.434442270058711277e-01 9.999365838629850067e-01 6.341613569387665773e-05
3.454011741682974646e-01 9.999393243098564366e-01 6.067568882417234081e-05
3.473581213307242455e-01 9.999423803094542595e-01 5.761968922806043943e-05
3.493150684931508043e-01 9.999452352485302953e-01 5.476475015382372205e-05
3.512720156555775297e-01 9.999474802792107653e-01 5.251971947509712427e-05
3.532289628180040886e-01 9.999495903044706147e-01 5.040969421670751446e-05
3.551859099804306474e-01 9.999521784306919514e-01 4.782156799663591935e-05
3.571428571428574283e-01 9.999545817314626772e-01 4.541826722700184312e-05
3.590998043052839872e-01 9.999558134468531367e-01 4.418655183771022553e-05
3.610567514677107126e-01 9.999566243845863234e-01 4.337561410546961205e-05
3.630136986301371049e-01 9.999585684388250240e-01 4.143155986775087785e-05
3.649706457925638303e-01 9.999610390267156257e-01 3.896097197832176914e-05
3.669275929549903892e-01 9.999625485266814273e-01 3.745147201426819771e-05
3.688845401174171146e-01 9.999636223532621937e-01 3.637764543472718362e-05
3.708414872798435069e-01 9.999653014086432590e-01 3.469859005470740448e-05
3.727984344422702323e-01 9.999670262278423927e-01 3.297377085615738664e-05
3.747553816046967912e-01 9.999683341840566175e-01 3.166581464331011484e-05
3.767123287671235721e-01 9.999695305008604596e-01 3.046949784060140783e-05
3.786692759295501309e-01 9.999712782462570893e-01 2.872175244540453891e-05
3.806262230919766898e-01 9.999731382337526675e-01 2.686176495090430863e-05
3.825831702544032487e-01 9.999733028660839906e-01 2.669713262103514447e-05
3.845401174168299741e-01 9.999726695534976173e-01 2.733044520842405241e-05
3.864970645792565329e-01 9.999768224582021858e-01 2.317754050560564411e-05
3.884540117416830918e-01 9.999837479463029588e-01 1.625205240644568517e-05
3.904109589041098727e-01 9.999835365022409217e-01 1.646349646989382284e-05
3.923679060665364315e-01 9.999793845670346126e-01 2.061543167856884524e-05
3.943248532289631569e-01 9.999789408355300724e-01 2.105916318445778422e-05
3.962818003913895493e-01 9.999805049340182439e-01 1.949506469807948342e-05
3.982387475538162747e-01 9.999811367800344186e-01 1.886321868316151668e-05
4.001956947162428335e-01 9.999817360841862790e-01 1.826391453202164290e-05
4.021526418786695589e-01 9.999827850391658224e-01 1.721495955374840407e-05
4.041095890410961178e-01 9.999837497522308105e-01 1.625024649022849873e-05
4.060665362035226766e-01 9.999840834517531585e-01 1.591654696899878155e-05
4.080234833659492910e-01 9.999847421604874942e-01 1.525783823584295337e-05
4.099804305283760164e-01 9.999861319992392472e-01 1.386799948525869802e-05
4.119373776908025753e-01 9.999863086396767464e-01 1.369135904834295221e-05
4.138943248532291341e-01 9.999852981931012241e-01 1.470180562437438821e-05
4.158512720156556930e-01 9.999878208469050733e-01 1.217915182206454321e-05
4.178082191780824184e-01 9.999908902707694835e-01 9.109727959424711308e-06
4.197651663405089772e-01 9.999850047867890890e-01 1.499521194142791006e-05
4.217221135029355361e-01 9.999794610732462008e-01 2.053892548553072628e-05
4.236790606653620950e-01 9.999874350652661059e-01 1.256493346726833679e-05
4.256360078277888759e-01 9.999906540195734328e-01 9.345979160955237772e-06
4.275929549902154347e-01 9.999902440906118795e-01 9.755908123650622928e-06
4.295499021526421601e-01 9.999906370388185195e-01 9.362959917907974581e-06
4.315068493150687190e-01 9.999910013947552745e-01 8.998603982711796470e-06
4.334637964774952779e-01 9.999913657918684251e-01 8.634206870787195995e-06
4.354207436399220033e-01 9.999917275907024283e-01 8.272408037981418983e-06
4.373776908023486176e-01 9.999920788993406084e-01 7.921099401202256335e-06
4.393346379647751765e-01 9.999924068717231940e-01 7.593127019757850600e-06
4.412915851272017354e-01 9.999927191000099747e-01 7.280898734440789059e-06
4.432485322896284607e-01 9.999930237800042088e-01 6.976218741484515890e-06
4.452054794520550196e-01 9.999933199989334831e-01 6.679999813338885657e-06
4.471624266144815785e-01 9.999936040944941151e-01 6.395904254029262034e-06
4.491193737769081373e-01 9.999938662287777280e-01 6.133769971827091310e-06
4.510763209393348627e-01 9.999941113977971474e-01 5.888600953829405561e-06
4.530332681017614216e-01 9.999943332882701430e-01 5.666710482565503765e-06
4.549902152641882025e-01 9.999945262271675572e-01 5.473771586343354183e-06
4.569471624266145393e-01 9.999946890570237112e-01 5.310941731840365231e-06
4.589041095890413202e-01 9.999948186711296039e-01 5.181327627150225743e-06
4.608610567514678791e-01 9.999949119627775662e-01 5.088035980366678764e-06
4.628180039138946045e-01 9.999950202334555449e-01 4.979765303446328107e-06
4.647749510763211633e-01 9.999951966254443381e-01 4.803373315999154465e-06
4.667318982387477222e-01 9.999954109298139215e-01 4.589068947926028871e-06
4.686888454011745031e-01 9.999956744736775427e-01 4.325525085741499173e-06
4.706457925636010620e-01 9.999959985841484489e-01 4.001414615960113223e-06
4.726027397260276208e-01 9.999963193232601633e-01 3.680675506196055997e-06
4.745596868884541797e-01 9.999964755722662302e-01 3.524426501544831048e-06
4.765166340508809051e-01 9.999965713892755570e-01 3.428609493272727782e-06
4.784735812133074639e-01 9.999965942083592907e-01 3.405790411012681474e-06
4.804305283757341893e-01 9.999965314635870239e-01 3.468535184397302136e-06
4.823874755381605817e-01 9.999964337634321687e-01 3.566235340613085544e-06
4.843444227005873071e-01 9.999966930966019962e-01 3.306902171991258927e-06
4.863013698630138659e-01 9.999970965521980393e-01 2.903446577342714500e-06
4.882583170254406468e-01 9.999976738485321093e-01 2.326150244503718840e-06
4.902152641878670392e-01 9.999984547039164617e-01 1.545294861310972205e-06
4.921722113502937646e-01 9.999994688366633522e-01 5.311621156001990716e-07
4.941291585127203234e-01 9.999996924447728253e-01 3.075540074773809411e-07
4.960861056751470488e-01 9.999996473495631477e-01 3.526492187488146531e-07
4.980430528375734411e-01 9.999992743253833805e-01 7.256734000214855838e-07
5.000000000000002220e-01 9.999985122653196612e-01 1.487733465167177110e-06
