5.000000000000000000e-01 1.000000000000000000e+00 0.000000000000000000e+00
4.980430528375733301e-01 9.999999962391612485e-01 3.760838525562251161e-09
4.960861056751467713e-01 9.999999959370146074e-01 4.062984912117911295e-09
4.941291585127201569e-01 9.999999956011551561e-01 4.398844633352026832e-09
4.921722113502935980e-01 9.999999952636082767e-01 4.736391472202206824e-09
4.902152641878669281e-01 9.999999948454028065e-01 5.154597100618060535e-09
4.882583170254402583e-01 9.999999944186315215e-01 5.581368264209028553e-09
4.863013698630136994e-01 9.999999939918604586e-01 6.008139427799997398e-09
4.843444227005870295e-01 9.999999935650891736e-01 6.434910591390964588e-09
4.823874755381604706e-01 9.999999929263545528e-01 7.073645342559222156e-09
4.804305283757338563e-01 9.999999922372522221e-01 7.762747678894354725e-09
4.784735812133072974e-01 9.999999915481501134e-01 8.451850015229487294e-09
4.765166340508806275e-01 9.999999908590477826e-01 9.140952351564623172e-09
4.745596868884539576e-01 9.999999901699458960e-01 9.830054687899759050e-09
4.726027397260273988e-01 9.999999894808435652e-01 1.051915702423489162e-08
4.706457925636007844e-01 9.999999887917414565e-01 1.120825936057002419e-08
4.686888454011742255e-01 9.999999881026391257e-01 1.189736169690515841e-08
4.667318982387475557e-01 9.999999867041184931e-01 1.329588243922956430e-08
4.647749510763208858e-01 9.999999848633629451e-01 1.513663803204078369e-08
4.628180039138943269e-01 9.999999830226070641e-01 1.697739362485199645e-08
4.608610567514677125e-01 9.999999811818515161e-01 1.881814921766320922e-08
4.589041095890410982e-01 9.999999793410957460e-01 2.065890481047443192e-08
4.569471624266144838e-01 9.999999775003400870e-01 2.249966040328564138e-08
4.549902152641878139e-01 9.999999756595845390e-01 2.434041599609685746e-08
4.530332681017612551e-01 9.999999738188289911e-01 2.618117158890807353e-08
4.510763209393345852e-01 9.999999719780734431e-01 2.802192718171928299e-08
4.491193737769080263e-01 9.999999701373176730e-01 2.986268277453050569e-08
4.471624266144814119e-01 9.999999682965620140e-01 3.170343836734171515e-08
4.452054794520548531e-01 9.999999664558062440e-01 3.354419396015293785e-08
4.432485322896281832e-01 9.999999646150505850e-01 3.538494955296415392e-08
4.412915851272015133e-01 9.999999627742950370e-01 3.722570514577535677e-08
4.393346379647749544e-01 9.999999609335394890e-01 3.906646073858659270e-08
4.373776908023483401e-01 9.999999590927839410e-01 4.090721633139780216e-08
4.354207436399216702e-01 9.999999543668731672e-01 4.563312695246214180e-08
4.334637964774951113e-01 9.999999400901044000e-01 5.990989559808856255e-08
4.315068493150684414e-01 9.999999258133356328e-01 7.418666424371489727e-08
4.295499021526418826e-01 9.999999115365669766e-01 8.846343288934131140e-08
4.275929549902152127e-01 9.999998972597983204e-01 1.027402015349675799e-07
4.256360078277886538e-01 9.999998829830296643e-01 1.170169701805939411e-07
4.236790606653620395e-01 9.999998687062611191e-01 1.312937388262203023e-07
4.217221135029353696e-01 9.999998544294921299e-01 1.455705074718466503e-07
4.197651663405088107e-01 9.999998401527236958e-01 1.598472761174730247e-07
4.178082191780821408e-01 9.999998258759549286e-01 1.741240447630993991e-07
4.158512720156555265e-01 9.999998115991861614e-01 1.884008134087257736e-07
4.138943248532289676e-01 9.999997973224177272e-01 2.026775820543520156e-07
4.119373776908022977e-01 9.999997830456486270e-01 2.169543506999783371e-07
4.099804305283757389e-01 9.999997687688801928e-01 2.312311193456047645e-07
4.080234833659491245e-01 9.999997544921113146e-01 2.455078879912309801e-07
4.060665362035224546e-01 9.999997402153428805e-01 2.597846566368573545e-07
4.041095890410958957e-01 9.999997259385741133e-01 2.740614252824838878e-07
4.021526418786692814e-01 9.999997116618053461e-01 2.883381939281101034e-07
4.001956947162426670e-01 9.999996973850366899e-01 3.026149625737365307e-07
3.982387475538159971e-01 9.999996831082681448e-01 3.168917312193629052e-07
3.962818003913894382e-01 9.999996688314993776e-01 3.311684998649890678e-07
3.943248532289627684e-01 9.999996545547306104e-01 3.454452685106155481e-07
3.923679060665362095e-01 9.999996402779618432e-01 3.597220371562419225e-07
3.904109589041095951e-01 9.999996260011931870e-01 3.739988058018681382e-07
3.884540117416829808e-01 9.999996117244245308e-01 3.882755744474945655e-07
3.864970645792563664e-01 9.999995974476558747e-01 4.025523430931209929e-07
3.845401174168296965e-01 9.999995831708873295e-01 4.168291117387473144e-07
3.825831702544031376e-01 9.999995688941183403e-01 4.311058803843736359e-07
3.806262230919765233e-01 9.999995546173497951e-01 4.453826490299999573e-07
3.786692759295498534e-01 9.999995403405810279e-01 4.596594176756264906e-07
3.767123287671232945e-01 9.999995260638125938e-01 4.739361863212527062e-07
3.747553816046966246e-01 9.999995117870438266e-01 4.882129549668789218e-07
3.727984344422700103e-01 9.999994975102750594e-01 5.024897236125053492e-07
3.708414872798433959e-01 9.999994547103514542e-01 5.452896470945078312e-07
3.688845401174168370e-01 9.999993789612665607e-01 6.210387321978420816e-07
3.669275929549902227e-01 9.999993032121815562e-01 6.967878173011763321e-07
3.649706457925635528e-01 9.999992274630964406e-01 7.725369024045099472e-07
3.630136986301369939e-01 9.999991517140112141e-01 8.482859875078441977e-07
3.610567514677103240e-01 9.999990759649262095e-01 9.240350726111784481e-07
3.590998043052837096e-01 9.999990002158412050e-01 9.997841577145124868e-07
3.571428571428571508e-01 9.999989244667563115e-01 1.075533242817846102e-06
3.551859099804304809e-01 9.999988487176710850e-01 1.151282327921180352e-06
3.532289628180039220e-01 9.999987729685859694e-01 1.227031413024514603e-06
3.512720156555772522e-01 9.999986972195009649e-01 1.302780498127848006e-06
3.493150684931506378e-01 9.999986214704159604e-01 1.378529583231182257e-06
3.473581213307240789e-01 9.999985457213309559e-01 1.454278668334516507e-06
3.454011741682974646e-01 9.999984699722458403e-01 1.530027753437849910e-06
3.434442270058707947e-01 9.999983942231607248e-01 1.605776838541184796e-06
3.414872798434441803e-01 9.999983184740757203e-01 1.681525923644517776e-06
3.395303326810176214e-01 9.999982306084430617e-01 1.769391556323300006e-06
3.375733855185909515e-01 9.999980034025133246e-01 1.996597486119774758e-06
3.356164383561643372e-01 9.999977761965836986e-01 2.223803415916248663e-06
3.336594911937377783e-01 9.999975489906539616e-01 2.451009345712722568e-06
3.317025440313111084e-01 9.999973217847240026e-01 2.678215275509196896e-06
3.297455968688845496e-01 9.999970945787943766e-01 2.905421205305666989e-06
3.277886497064578797e-01 9.999968673728648616e-01 3.132627135102140471e-06
3.258317025440312653e-01 9.999966401669350136e-01 3.359833064898615646e-06
3.238747553816047065e-01 9.999964129610052765e-01 3.587038994695089975e-06
3.219178082191780366e-01 9.999961857550755395e-01 3.814244924491563033e-06
3.199608610567514222e-01 9.999959585491459135e-01 4.041450854288038632e-06
3.180039138943248078e-01 9.999957313432159545e-01 4.268656784084508725e-06
3.160469667318982490e-01 9.999955041372863285e-01 4.495862713880982207e-06
3.140900195694715791e-01 9.999952769313568135e-01 4.723068643677455688e-06
3.121330724070449647e-01 9.999949412201493137e-01 5.058779851054943244e-06
3.101761252446184058e-01 9.999944722282569920e-01 5.527771743605816945e-06
3.082191780821917360e-01 9.999940032363643372e-01 5.996763636156691493e-06
3.062622309197651216e-01 9.999935342444717934e-01 6.465755528707564347e-06
3.043052837573385072e-01 9.999930652525792496e-01 6.934747421258429578e-06
3.023483365949118928e-01 9.999925962606868168e-01 7.403739313809304126e-06
3.003913894324853340e-01 9.999921272687943841e-01 7.872731206360176980e-06
2.984344422700586641e-01 9.999916582769019513e-01 8.341723098911050681e-06
2.964774951076320497e-01 9.999911892850094075e-01 8.810714991461924382e-06
2.945205479452054353e-01 9.999907202931168637e-01 9.279706884012798082e-06
2.925636007827788210e-01 9.999902513012242089e-01 9.748698776563663313e-06
2.906066536203522066e-01 9.999897823093316651e-01 1.021769066911453532e-05
2.886497064579256477e-01 9.999893133174393434e-01 1.068668256166541410e-05
2.866927592954989779e-01 9.999888443255466886e-01 1.115567445421628611e-05
2.847358121330723635e-01 9.999879553252815079e-01 1.204467471942272317e-05
2.827788649706457491e-01 9.999869725815724308e-01 1.302741842866993310e-05
2.808219178082191347e-01 9.999859898378632428e-01 1.401016213791712948e-05
2.788649706457925759e-01 9.999850070941538327e-01 1.499290584716433941e-05
2.769080234833659615e-01 9.999840243504445336e-01 1.597564955641154935e-05
2.749510763209392916e-01 9.999830416067352346e-01 1.695839326565876267e-05
2.729941291585126772e-01 9.999820588630260465e-01 1.794113697490597599e-05
2.710371819960860629e-01 9.999810761193168585e-01 1.892388068415318931e-05
2.690802348336594485e-01 9.999800933756075594e-01 1.990662439340039924e-05
2.671232876712328896e-01 9.999791106318983713e-01 2.088936810264759562e-05
2.651663405088062753e-01 9.999781278881891833e-01 2.187211181189480216e-05
2.632093933463796054e-01 9.999771451444796622e-01 2.285485552114201548e-05
2.612524461839529910e-01 9.999761624007706962e-01 2.383759923038922881e-05
2.592954990215263766e-01 9.999744201909058772e-01 2.557980909519651496e-05
2.573385518590997623e-01 9.999693608158376490e-01 3.063918416321351743e-05
2.553816046966732034e-01 9.999643014407697539e-01 3.569855923123044537e-05
2.534246575342465335e-01 9.999592420657015257e-01 4.075793429924745462e-05
2.514677103718199191e-01 9.999543850343006746e-01 4.561496570020568840e-05
2.495107632093933048e-01 9.999503119587233035e-01 4.968804127751955883e-05
2.475538160469667182e-01 9.999462388831457105e-01 5.376111685483342249e-05
2.455968688845400483e-01 9.999421658075681174e-01 5.783419243214730647e-05
2.436399217221134617e-01 9.999379510225282486e-01 6.204897747203900549e-05
2.416829745596868473e-01 9.999332453473102067e-01 6.675465268982704926e-05
2.397260273972602329e-01 9.999285396720922758e-01 7.146032790761517434e-05
2.377690802348336185e-01 9.999238339968743450e-01 7.616600312540332653e-05
2.358121330724070319e-01 9.999188118119120006e-01 8.118818808766246550e-05
2.338551859099803620e-01 9.999128029205931467e-01 8.719707940682009382e-05
2.318982387475537754e-01 9.999067940292742929e-01 9.320597072597772213e-05
2.299412915851271610e-01 9.999007851379548839e-01 9.921486204513525558e-05
2.279843444227005467e-01 9.998944764853066047e-01 1.055235146936561567e-04
2.260273972602739323e-01 9.998869816722876225e-01 1.130183277127663418e-04
2.240704500978473457e-01 9.998789469749866932e-01 1.210530250137418590e-04
2.221135029354206758e-01 9.998703723934034837e-01 1.296276065965826403e-04
2.201565557729940892e-01 9.998612356324599881e-01 1.387643675399648138e-04
2.181996086105674748e-01 9.998514779456713075e-01 1.485220543290095786e-04
2.162426614481408604e-01 9.998411430844822423e-01 1.588569155177168657e-04
2.142857142857142461e-01 9.998302310488942357e-01 1.697689511060870003e-04
2.123287671232876039e-01 9.998186949714651384e-01 1.813050285353519104e-04
2.103718199608609896e-01 9.998064245561455454e-01 1.935754438548798818e-04
2.084148727984344029e-01 9.997935038373344518e-01 2.064961626661683189e-04
2.064579256360077886e-01 9.997799328150316356e-01 2.200671849692170863e-04
2.045009784735811742e-01 9.997655998604019212e-01 2.344001395992204809e-04
2.025440313111545876e-01 9.997502699890988831e-01 2.497300109020069271e-04
2.005870841487279177e-01 9.997341266730956910e-01 2.658733269050113281e-04
1.986301369863013033e-01 9.997171699123923450e-01 2.828300876082336839e-04
1.966731898238747167e-01 9.996991330781695995e-01 3.008669218307730674e-04
1.947162426614481023e-01 9.996793568074104908e-01 3.206431925899092027e-04
1.927592954990214880e-01 9.996580629778571980e-01 3.419370221430531273e-04
1.908023483365949013e-01 9.996351191948258386e-01 3.648808051741483731e-04
1.888454011741682315e-01 9.996106789261275383e-01 3.893210738727267105e-04
1.868884540117415893e-01 9.995852531362505733e-01 4.147468637497147810e-04
1.849315068493150305e-01 9.995584929260472595e-01 4.415070739529827347e-04
1.829745596868884161e-01 9.995303994396776970e-01 4.696005603227059073e-04
1.810176125244617740e-01 9.995008378990473119e-01 4.991621009531266523e-04
1.790606653620352151e-01 9.994695307417578167e-01 5.304692582425575391e-04
1.771037181996085452e-01 9.994365728923575443e-01 5.634271076434115705e-04
1.751467710371819586e-01 9.994019055906270266e-01 5.980944093737088378e-04
1.731898238747553720e-01 9.993653352624998210e-01 6.346647375015074082e-04
1.712328767123286744e-01 9.993265511199604934e-01 6.734488800411964852e-04
1.692759295499021155e-01 9.992855791808058497e-01 7.144208191955713026e-04
1.673189823874754734e-01 9.992423044855381908e-01 7.576955144630265031e-04
1.653620352250488590e-01 9.991966015255615563e-01 8.033984744395686675e-04
1.634050880626222169e-01 9.991483373565195336e-01 8.516626434813711526e-04
1.614481409001956580e-01 9.990974030656325500e-01 9.025969343682103832e-04
1.594911937377690436e-01 9.990436795242527701e-01 9.563204757474997502e-04
1.575342465753424015e-01 9.989870604020154587e-01 1.012939597984791051e-03
1.555772994129158426e-01 9.989274464663849828e-01 1.072553533615153111e-03
1.536203522504891728e-01 9.988647119044400391e-01 1.135288095560003842e-03
1.516634050880625861e-01 9.987987423930264619e-01 1.201257606973149972e-03
1.497064579256359163e-01 9.987293655942004467e-01 1.270634405798644556e-03
1.477495107632093296e-01 9.986563849884579902e-01 1.343615011541406763e-03
1.457925636007827708e-01 9.985797138388365912e-01 1.420286161162928693e-03
1.438356164383561009e-01 9.984992170864284144e-01 1.500782913571466724e-03
1.418786692759294865e-01 9.984146571552929839e-01 1.585342844707616789e-03
1.399217221135028444e-01 9.983257313035854841e-01 1.674268696415260986e-03
1.379647749510762855e-01 9.982322991986283256e-01 1.767700801372294999e-03
1.360078277886496712e-01 9.981341363665889865e-01 1.865863633412078153e-03
1.340508806262230290e-01 9.980310578976474556e-01 1.968942102353632949e-03
1.320939334637964702e-01 9.979228934742859769e-01 2.077106525714757755e-03
1.301369863013697725e-01 9.978093883385882323e-01 2.190611661412594259e-03
1.281800391389432137e-01 9.976903153536853530e-01 2.309684646315242861e-03
1.262230919765165438e-01 9.975654838952148218e-01 2.434516104785469648e-03
1.242661448140899433e-01 9.974347140014477864e-01 2.565285998552348061e-03
1.223091976516633844e-01 9.972977643337117559e-01 2.702235666288355532e-03
1.203522504892367284e-01 9.971544178978042350e-01 2.845582102195625806e-03
1.183953033268101279e-01 9.970043845820770745e-01 2.995615417922873041e-03
1.164383561643834719e-01 9.968473524606272784e-01 3.152647539372429274e-03
1.144814090019569131e-01 9.966830923236638107e-01 3.316907676335639418e-03
1.125244618395302570e-01 9.965113257500641808e-01 3.488674249935275369e-03
1.105675146771036566e-01 9.963316537115158855e-01 3.668346288483565008e-03
1.086105675146770561e-01 9.961436484834675920e-01 3.856351516531587517e-03
1.066536203522504000e-01 9.959469932624636090e-01 4.053006737535752579e-03
1.046966731898238412e-01 9.957412931685851731e-01 4.258706831414023689e-03
1.027397260273971852e-01 9.955261723777933947e-01 4.473827622205841202e-03
1.007827788649705847e-01 9.953012394817339903e-01 4.698760518265223014e-03
9.882583170254401195e-02 9.950660480340512981e-01 4.933951965948145044e-03
9.686888454011736982e-02 9.948201546959112296e-01 5.179845304088499802e-03
9.491193737769075545e-02 9.945632655370048036e-01 5.436734462994954366e-03
9.295499021526411332e-02 9.942950704885318292e-01 5.704929511468189926e-03
9.099804305283754058e-02 9.940151029081549794e-01 5.984897091845055306e-03
8.904109589041089845e-02 9.937229696348814922e-01 6.277030365118381125e-03
8.708414872798424244e-02 9.934182576836569911e-01 6.581742316343026228e-03
8.512720156555768358e-02 9.931005541103012924e-01 6.899445889698567133e-03
8.317025440313102758e-02 9.927694583043196186e-01 7.230541695679995433e-03
8.121330724070446871e-02 9.924245589151082791e-01 7.575441084891294113e-03
7.925636007827781271e-02 9.920651107263207535e-01 7.934889273678963698e-03
7.729941291585125385e-02 9.916904203803200701e-01 8.309579619679575979e-03
7.534246575342459784e-02 9.913000133935665481e-01 8.699986606433000869e-03
7.338551859099795571e-02 9.908932573885167461e-01 9.106742611482865346e-03
7.142857142857138297e-02 9.904692774522311227e-01 9.530722547768724628e-03
6.947162426614474084e-02 9.900272210646066107e-01 9.972778935393160349e-03
6.751467710371818198e-02 9.895663321251648714e-01 1.043366787483506093e-02
6.555772994129152598e-02 9.890857326319468790e-01 1.091426736805302389e-02
6.360078277886486997e-02 9.885848779695398658e-01 1.141512203046012378e-02
6.164383561643831111e-02 9.880631457188568945e-01 1.193685428114261288e-02
5.968688845401166204e-02 9.875197168819638271e-01 1.248028311803570448e-02
5.772994129158509624e-02 9.869539251175979411e-01 1.304607488240092789e-02
5.577299412915844717e-02 9.863651042845060779e-01 1.363489571549209370e-02
5.381604696673188831e-02 9.857526460122283396e-01 1.424735398776955791e-02
5.185909980430523231e-02 9.851160154303397753e-01 1.488398456965807880e-02
4.990215264187858324e-02 9.844547243829722127e-01 1.554527561702593111e-02
4.794520547945201744e-02 9.837669827099382314e-01 1.623301729006044331e-02
4.598825831702536837e-02 9.830513796343509636e-01 1.694862036564805802e-02
4.403131115459880951e-02 9.823069511298156975e-01 1.769304887018363984e-02
4.207436399217215350e-02 9.815321928230884563e-01 1.846780717691128698e-02
4.011741682974550444e-02 9.807266982926405863e-01 1.927330170735924719e-02
3.816046966731884843e-02 9.798894149966708156e-01 2.011058500332965626e-02
3.620352250489228957e-02 9.790187607116076496e-01 2.098123928839289859e-02
3.424657534246573071e-02 9.781134229093169097e-01 2.188657709068344767e-02
3.228962818003907470e-02 9.771724608143826929e-01 2.282753918561793854e-02
3.033268101761251584e-02 9.761946547462276857e-01 2.380534525377268895e-02
2.837573385518577310e-02 9.751786427442534766e-01 2.482135725574654422e-02
2.641878669275921077e-02 9.741231399685854608e-01 2.587686003141434835e-02
2.446183953033255823e-02 9.730269762151837476e-01 2.697302378481579790e-02
2.250489236790599937e-02 9.718888783197109360e-01 2.811112168028815847e-02
2.054794520547943704e-02 9.707075298790489581e-01 2.929247012094998714e-02
1.859099804305278450e-02 9.694816306566378383e-01 3.051836934336086063e-02
1.663405088062613196e-02 9.682092038821799029e-01 3.179079611781902848e-02
1.467710371819948116e-02 9.668886965574152725e-01 3.311130344258328417e-02
1.272015655577291883e-02 9.655186141306184577e-01 3.448138586937944672e-02
1.076320939334635823e-02 9.640972831706082768e-01 3.590271682938934311e-02
8.806262230919707432e-03 9.626222007344813481e-01 3.737779926551561271e-02
6.849315068493054028e-03 9.610913609231844790e-01 3.890863907681195444e-02
4.892367906066402358e-03 9.595027458437794809e-01 4.049725415621621000e-02
2.935420743639841328e-03 9.578541078003919296e-01 4.214589219960291483e-02
9.784735812131892252e-04 9.561435910492721568e-01 4.385640895072225043e-02
-9.784735812133715880e-04 9.543688766454579975e-01 4.563112335453591017e-02
-2.935420743639932401e-03 9.525275505336943116e-01 4.747244946629947115e-02
-4.892367906066584504e-03 9.506172041637166448e-01 4.938279583627728370e-02
-6.849315068493237041e-03 9.486369085257193579e-01 5.136309147427518124e-02
-8.806262230919889578e-03 9.465844327569512551e-01 5.341556724304349912e-02
-1.076320939334645017e-02 9.444575593175243977e-01 5.554244068247117527e-02
-1.272015655577310271e-02 9.422542936983067108e-01 5.774570630168970875e-02
-1.467710371819966331e-02 9.399727344900508097e-01 6.002726550994616495e-02
-1.663405088062631584e-02 9.376109430038279680e-01 6.238905699616910383e-02
-1.859099804305296838e-02 9.351670066983555074e-01 6.483299330164049579e-02
-2.054794520547952724e-02 9.326390478952295560e-01 6.736095210476421291e-02
-2.250489236790617978e-02 9.300217768167975407e-01 6.997822318319475710e-02
-2.446183953033274211e-02 9.273123147590377480e-01 7.268768524095345351e-02
-2.641878669275930097e-02 9.245071401485817075e-01 7.549285985140902211e-02
-2.837573385518595351e-02 9.216019257199909998e-01 7.839807428000174216e-02
-3.033268101761260604e-02 9.185972485402714716e-01 8.140275145972161730e-02
-3.228962818003926205e-02 9.154887561009481534e-01 8.451124389904504652e-02
-3.424657534246582091e-02 9.122726664957131471e-01 8.772733350427952548e-02
-3.620352250489246998e-02 9.089464687841077861e-01 9.105353121588391496e-02
-3.816046966731903578e-02 9.055090219506729543e-01 9.449097804931808064e-02
-4.011741682974568485e-02 9.019568818176388891e-01 9.804311818235063314e-02
-4.207436399217233391e-02 8.982875658476856540e-01 1.017124341523018560e-01
-4.403131115459889972e-02 8.944974379253383123e-01 1.055025620746475462e-01
-4.598825831702554878e-02 8.905838933247014477e-01 1.094161066752837308e-01
-4.794520547945210764e-02 8.865442255875159994e-01 1.134557744124696232e-01
-4.990215264187876365e-02 8.823743161518592393e-01 1.176256838481267303e-01
-5.185909980430532251e-02 8.780703838142234208e-01 1.219296161857626737e-01
-5.381604696673197852e-02 8.736290188831812298e-01 1.263709811168040875e-01
-5.577299412915862759e-02 8.690473276213747100e-01 1.309526723786095248e-01
-5.772994129158518645e-02 8.643226757995343679e-01 1.356773242004497559e-01
-5.968688845401184245e-02 8.594514024728623358e-01 1.405485975271217880e-01
-6.164383561643840131e-02 8.544309204490667664e-01 1.455690795509176350e-01
-6.360078277886505038e-02 8.492596783783695757e-01 1.507403216216143815e-01
-6.555772994129170639e-02 8.439348475633869917e-01 1.560651524365961329e-01
-6.751467710371826525e-02 8.384539725933033427e-01 1.615460274066787827e-01
-6.947162426614492126e-02 8.328134797328430317e-01 1.671865202671383721e-01
-7.142857142857148012e-02 8.270113088521141576e-01 1.729886911478679679e-01
-7.338551859099813612e-02 8.210448853044197692e-01 1.789551146955637995e-01
-7.534246575342477825e-02 8.149108729579264132e-01 1.850891270420572665e-01
-7.729941291585135099e-02 8.086067221100934344e-01 1.913932778898898845e-01
-7.925636007827799312e-02 8.021295889092570075e-01 1.978704110907238689e-01
-8.121330724070456586e-02 7.954801345787081424e-01 2.045198654212729283e-01
-8.317025440313120799e-02 7.886552673939024594e-01 2.113447326060788334e-01
-8.512720156555776685e-02 7.816527830607123972e-01 2.183472169392710605e-01
-8.708414872798442286e-02 7.744734924490055405e-01 2.255265075509788053e-01
-8.904109589041107886e-02 7.671160332798462322e-01 2.328839667201371977e-01
-9.099804305283763772e-02 7.595786255038481372e-01 2.404213744961331556e-01
-9.295499021526429373e-02 7.518616372760078548e-01 2.481383627239707734e-01
-9.491193737769085259e-02 7.439649901623692774e-01 2.560350098376076300e-01
-9.686888454011750860e-02 7.358873923105850867e-01 2.641126076893908214e-01
-9.882583170254415073e-02 7.276306146674005326e-01 2.723693853325750425e-01
-1.007827788649708067e-01 7.191947221473238283e-01 2.808052778526527460e-01
-1.027397260273973656e-01 7.105800532965698135e-01 2.894199467034093143e-01
-1.046966731898239245e-01 7.017902242221689679e-01 2.982097757778100489e-01
-1.066536203522505805e-01 6.928252409740780493e-01 3.071747590258986360e-01
-1.086105675146771393e-01 6.836887043978376877e-01 3.163112956021366662e-01
-1.105675146771037953e-01 6.743836797859628085e-01 3.256163202140096025e-01
-1.125244618395304513e-01 6.649124404023338819e-01 3.350875595976368637e-01
-1.144814090019570102e-01 6.552791324470164103e-01 3.447208675529562782e-01
-1.164383561643836523e-01 6.454864375820573708e-01 3.545135624179197587e-01
-1.183953033268102251e-01 6.355413025023743945e-01 3.644586974976041782e-01
-1.203522504892368672e-01 6.254470203541835360e-01 3.745529796457934824e-01
-1.223091976516635232e-01 6.152100208084217980e-01 3.847899791915543322e-01
-1.242661448140900821e-01 6.048358380561700276e-01 3.951641619438071018e-01
-1.262230919765168213e-01 5.943316351314240631e-01 4.056683648685543986e-01
-1.281800391389433802e-01 5.837046986419049954e-01 4.162953013580752426e-01
-1.301369863013699391e-01 5.729623458054018403e-01 4.270376541945796189e-01
-1.320939334637964979e-01 5.621126180755575685e-01 4.378873819244241128e-01
-1.340508806262231678e-01 5.511638781081367178e-01 4.488361218918432982e-01
-1.360078277886498932e-01 5.401255468447841990e-01 4.598744531551924863e-01
-1.379647749510764798e-01 5.290065823818816959e-01 4.709934176180912702e-01
-1.399217221135030387e-01 5.178173612084626676e-01 4.821826387915097989e-01
-1.418786692759295975e-01 5.065673203263333368e-01 4.934326796736401288e-01
-1.438356164383562397e-01 4.952674882768373088e-01 5.047325117231351577e-01
-1.457925636007828818e-01 4.839285754458204081e-01 5.160714245541471179e-01
-1.477495107632095517e-01 4.725624873491872102e-01 5.274375126507748757e-01
-1.497064579256361105e-01 4.611809491250811188e-01 5.388190508748750274e-01
-1.516634050880626694e-01 4.497950844523805891e-01 5.502049155475674524e-01
-1.536203522504892283e-01 4.384170950831893787e-01 5.615829049167501141e-01
-1.555772994129159814e-01 4.270595080965492452e-01 5.729404919033839194e-01
-1.575342465753426235e-01 4.157347811460092579e-01 5.842652188539223523e-01
-1.594911937377691824e-01 4.044543541977816403e-01 5.955456458021499699e-01
-1.614481409001957413e-01 3.932305448090165356e-01 6.067694551909167400e-01
-1.634050880626224944e-01 3.820760133562547400e-01 6.179239866436779804e-01
-1.653620352250490533e-01 3.710031431244563693e-01 6.289968568754695788e-01
-1.673189823874756121e-01 3.600226172791423096e-01 6.399773827207801968e-01
-1.692759295499022543e-01 3.491459796624815648e-01 6.508540203374438837e-01
-1.712328767123288131e-01 3.383855595633024071e-01 6.616144404366239851e-01
-1.731898238747555663e-01 3.277530368980428044e-01 6.722469631018797021e-01
-1.751467710371821251e-01 3.172573647057362889e-01 6.827426352941835530e-01
-1.771037181996086840e-01 3.069077433865371463e-01 6.930922566133861373e-01
-1.790606653620353539e-01 2.967159403798570461e-01 7.032840596200722327e-01
-1.810176125244619127e-01 2.866932983443580829e-01 7.133067016555771911e-01
-1.829745596868886381e-01 2.768455772538302995e-01 7.231544227461108587e-01
-1.849315068493151970e-01 2.671794271117905462e-01 7.328205728881553860e-01
-1.868884540117417559e-01 2.577029430738034810e-01 7.422970569261444496e-01
-1.888454011741683425e-01 2.484231850229395855e-01 7.515768149770052364e-01
-1.908023483365949846e-01 2.393456396227747196e-01 7.606543603771667161e-01
-1.927592954990216267e-01 2.304761258322666206e-01 7.695238741676735383e-01
-1.947162426614482966e-01 2.218200681158798426e-01 7.781799318840516566e-01
-1.966731898238748555e-01 2.133830031089931911e-01 7.866169968909209054e-01
-1.986301369863014143e-01 2.051654367028879489e-01 7.948345632970277297e-01
-2.005870841487281397e-01 1.971714150241660746e-01 8.028285849757682557e-01
-2.025440313111546986e-01 1.894024162282652302e-01 8.105975837716716814e-01
-2.045009784735813685e-01 1.818604451954465850e-01 8.181395548044807509e-01
-2.064579256360079274e-01 1.745435848857617711e-01 8.254564151141657868e-01
-2.084148727984344862e-01 1.674521278512549061e-01 8.325478721486840872e-01
-2.103718199608612394e-01 1.605875670111023834e-01 8.394124329888437153e-01
-2.123287671232877982e-01 1.539480773099736188e-01 8.460519226899774203e-01
-2.142857142857143571e-01 1.475303917953393051e-01 8.524696082046139267e-01
-2.162426614481409992e-01 1.413326355762657138e-01 8.586673644236837433e-01
-2.181996086105675581e-01 1.353522471185378828e-01 8.646477528813987234e-01
-2.201565557729943112e-01 1.295862194201531370e-01 8.704137805797680372e-01
-2.221135029354208701e-01 1.240312615067151181e-01 8.759687384931942322e-01
-2.240704500978474289e-01 1.186839418956859571e-01 8.813160581042092101e-01
-2.260273972602740711e-01 1.135403768198547658e-01 8.864596231800266901e-01
-2.279843444227006299e-01 1.085950127427915135e-01 8.914049872570803945e-01
-2.299412915851273831e-01 1.038423094891471887e-01 8.961576905107222490e-01
-2.318982387475539420e-01 9.927875433626021096e-02 9.007212456636103370e-01
-2.338551859099805008e-01 9.489931380644756054e-02 9.051006861934273173e-01
-2.358121330724070597e-01 9.069765506991447901e-02 9.093023449299681982e-01
-2.377690802348338128e-01 8.666894668946056868e-02 9.133310533104305184e-01
-2.397260273972604550e-01 8.280949203889408083e-02 9.171905079610009892e-01
-2.416829745596870138e-01 7.911296122817235155e-02 9.208870387717241757e-01
-2.436399217221135727e-01 7.557089027342253629e-02 9.244291097264807355e-01
-2.455968688845401593e-01 7.218080049341861482e-02 9.278191995064875019e-01
-2.475538160469668847e-01 6.893972121868767455e-02 9.310602787812085612e-01
-2.495107632093934436e-01 6.584000066141207363e-02 9.341599993384792633e-01
-2.514677103718200857e-01 6.287627055139929921e-02 9.371237294484980884e-01
-2.534246575342466445e-01 6.004246281959446652e-02 9.399575371803075008e-01
-2.553816046966732034e-01 5.733252567727055438e-02 9.426674743226353126e-01
-2.573385518590999843e-01 5.474309870886423512e-02 9.452569012910502222e-01
-2.592954990215265432e-01 5.226965652873100110e-02 9.477303434711943364e-01
-2.612524461839531575e-01 4.990864760409166601e-02 9.500913523958371965e-01
-2.632093933463797164e-01 4.765552082099612508e-02 9.523444791789268393e-01
-2.651663405088063308e-01 4.550352034032790344e-02 9.544964796595807321e-01
-2.671232876712330562e-01 4.344831625078372783e-02 9.565516837491127022e-01
-2.690802348336596150e-01 4.148557796273117521e-02 9.585144220371706325e-01
-2.710371819960861739e-01 3.961263878400553273e-02 9.603873612158955186e-01
-2.729941291585128438e-01 3.782642812699742868e-02 9.621735718728841036e-01
-2.749510763209394582e-01 3.612159724563113183e-02 9.638784027542569577e-01
-2.769080234833661280e-01 3.449422259346590636e-02 9.655057774064614851e-01
-2.788649706457926869e-01 3.294202603708391158e-02 9.670579739628587523e-01
-2.808219178082192458e-01 3.146122174986494546e-02 9.685387782500718412e-01
-2.827788649706459156e-01 3.004784154452977765e-02 9.699521584554102738e-01
-2.847358121330725300e-01 2.869894683377587422e-02 9.713010531661683267e-01
-2.866927592954991999e-01 2.741310736649943749e-02 9.725868926334410025e-01
-2.886497064579257588e-01 2.618635010477801325e-02 9.738136498951572850e-01
-2.906066536203523176e-01 2.501388538069469064e-02 9.749861146192457806e-01
-2.925636007827788765e-01 2.389603680773653288e-02 9.761039631922123760e-01
-2.945205479452056019e-01 2.283424127930732198e-02 9.771657587206469264e-01
-2.964774951076322163e-01 2.181636195505791756e-02 9.781836380448900581e-01
-2.984344422700588306e-01 2.083265683309993427e-02 9.791673431668200811e-01
-3.003913894324853895e-01 1.990832990279690559e-02 9.800916700971026296e-01
-3.023483365949119483e-01 1.903519297312545461e-02 9.809648070267616982e-01
-3.043052837573387293e-01 1.819454286396059162e-02 9.818054571359207117e-01
-3.062622309197652881e-01 1.738415892477013225e-02 9.826158410751211214e-01
-3.082191780821919025e-01 1.661595186402350585e-02 9.833840481358615548e-01
-3.101761252446184614e-01 1.588397307920342422e-02 9.841160269207060995e-01
-3.121330724070452423e-01 1.518497743441532891e-02 9.848150225655105672e-01
-3.140900195694718011e-01 1.451624143151203708e-02 9.854837585684007584e-01
-3.160469667318983600e-01 1.387842118612097990e-02 9.861215788137893679e-01
-3.180039138943249188e-01 1.326926887167086469e-02 9.867307311282278448e-01
-3.199608610567515332e-01 1.268827486344973818e-02 9.873117251364489366e-01
-3.219178082191782031e-01 1.213286080171771877e-02 9.878671391981745931e-01
-3.238747553816047620e-01 1.160286625703529570e-02 9.883971337428494319e-01
-3.258317025440315429e-01 1.109752483827631912e-02 9.889024751616107833e-01
-3.277886497064581017e-01 1.061347392068571344e-02 9.893865260792085170e-01
-3.297455968688846606e-01 1.015230915487817104e-02 9.898476908449986844e-01
-3.317025440313113860e-01 9.711477880723197106e-03 9.902885221191399800e-01
-3.336594911937379448e-01 9.291368600651526283e-03 9.907086313992122806e-01
-3.356164383561645037e-01 8.890877332896176058e-03 9.911091226669724863e-01
-3.375733855185910626e-01 8.505539337712926529e-03 9.914944606621348688e-01
-3.395303326810176214e-01 8.137778332100477352e-03 9.918622216677348558e-01
-3.414872798434443468e-01 7.786838278936393867e-03 9.922131617208761467e-01
-3.434442270058709057e-01 7.451579099452552805e-03 9.925484209003445635e-01
-3.454011741682974646e-01 7.131203882620924285e-03 9.928687961171780429e-01
-3.473581213307242455e-01 6.825272642787557839e-03 9.931747273570241674e-01
-3.493150684931508043e-01 6.532701585381423155e-03 9.934672984144385932e-01
-3.512720156555775297e-01 6.252662831559091527e-03 9.937473371682563617e-01
-3.532289628180040886e-01 5.985285503853418967e-03 9.940147144959642356e-01
-3.551859099804306474e-01 5.729825279238195956e-03 9.942701747205817675e-01
-3.571428571428572063e-01 5.485548343054409345e-03 9.945144516567711035e-01
-3.590998043052839872e-01 5.251646855968968020e-03 9.947483531438692239e-01
-3.610567514677105461e-01 5.027676509202049469e-03 9.949723234906562297e-01
-3.630136986301371049e-01 4.814262521057296844e-03 9.951857374788133370e-01
-3.649706457925636638e-01 4.610788625120760056e-03 9.953892113747566661e-01
-3.669275929549902227e-01 4.415511408368310090e-03 9.955844885915092757e-01
-3.688845401174169480e-01 4.226941099968107261e-03 9.957730588999020860e-01
-3.708414872798435069e-01 4.045767580404474942e-03 9.959542324194509133e-01
-3.727984344422702323e-01 3.878156271591402804e-03 9.961218437282473026e-01
-3.747553816046967912e-01 3.723387573544982218e-03 9.962766124262746326e-01
-3.767123287671233500e-01 3.565029165027359774e-03 9.964349708347841617e-01
-3.786692759295501309e-01 3.407122913807004733e-03 9.965928770860053021e-01
-3.806262230919766898e-01 3.260948744024477070e-03 9.967390512557924298e-01
-3.825831702544032487e-01 3.125328451819839922e-03 9.968746715480008014e-01
-3.845401174168298075e-01 2.996258347342370485e-03 9.970037416524746288e-01
-3.864970645792565329e-01 2.870922228747616912e-03 9.971290777710618558e-01
-3.884540117416830918e-01 2.750037034238725017e-03 9.972499629655948716e-01
-3.904109589041096506e-01 2.634760831505548323e-03 9.973652391683288654e-01
-3.923679060665362095e-01 2.524790449150275413e-03 9.974752095506711491e-01
-3.943248532289629904e-01 2.419297393444291410e-03 9.975807026063749916e-01
-3.962818003913895493e-01 2.318382772725832014e-03 9.976816172270805971e-01
-3.982387475538162747e-01 2.221746597834460893e-03 9.977782534019637994e-01
-4.001956947162428335e-01 2.129165145872040713e-03 9.978708348539335748e-01
-4.021526418786693924e-01 2.040561067126198461e-03 9.979594389326902348e-01
-4.041095890410959512e-01 1.955773533695483266e-03 9.980442264661364415e-01
-4.060665362035226766e-01 1.874591756716412292e-03 9.981254082431307850e-01
-4.080234833659492910e-01 1.796810035799970874e-03 9.982031899640582129e-01
-4.099804305283758499e-01 1.722266933183967457e-03 9.982777330666786630e-01
-4.119373776908024087e-01 1.650921424042377022e-03 9.983490785758248887e-01
-4.138943248532291341e-01 1.582605097973921460e-03 9.984173949018964045e-01
-4.158512720156556930e-01 1.517167989265339389e-03 9.984828320106051702e-01
-4.178082191780822519e-01 1.454468577740974196e-03 9.985455314221269862e-01
-4.197651663405089772e-01 1.394453510535281077e-03 9.986055464893321965e-01
-4.217221135029355361e-01 1.336958266589489486e-03 9.986630417332778009e-01
-4.236790606653623170e-01 1.281854778370450582e-03 9.987181452214977107e-01
-4.256360078277888759e-01 1.229023362873238063e-03 9.987709766369968767e-01
-4.275929549902154347e-01 1.178491519220308502e-03 9.988215084806451038e-01
-4.295499021526419936e-01 1.130081959145920684e-03 9.988699180407116796e-01
-4.315068493150685525e-01 1.083689935014359000e-03 9.989163100648312810e-01
-4.334637964774952779e-01 1.039219407888734154e-03 9.989607805919414885e-01
-4.354207436399218367e-01 9.966382934162298923e-04 9.990033617064035809e-01
-4.373776908023483956e-01 9.558182735773946680e-04 9.990441817262327717e-01
-4.393346379647749544e-01 9.166660146781764346e-04 9.990833339851250550e-01
-4.412915851272017354e-01 8.791171732611821003e-04 9.991208828265363273e-01
-4.432485322896284607e-01 8.432175239620643293e-04 9.991567824758246230e-01
-4.452054794520550196e-01 8.088285090552880911e-04 9.991911714907191211e-01
-4.471624266144815785e-01 7.758806956162296077e-04 9.992241193041433434e-01
-4.491193737769081373e-01 7.443042440680998177e-04 9.992556957556752995e-01
-4.510763209393348627e-01 7.140282551618469618e-04 9.992859717445673473e-01
-4.530332681017614216e-01 6.849833591534635995e-04 9.993150166405626589e-01
-4.549902152641879804e-01 6.570995094914019400e-04 9.993429004902143475e-01
-4.569471624266145393e-01 6.303321061820413990e-04 9.993696678935148903e-01
-4.589041095890410982e-01 6.046753470028876261e-04 9.993953246526829926e-01
-4.608610567514678791e-01 5.800582557111964074e-04 9.994199417439628697e-01
-4.628180039138944379e-01 5.564402958743142578e-04 9.994435597037869545e-01
-4.647749510763211633e-01 5.337705053274197000e-04 9.994662294943214009e-01
-4.667318982387477222e-01 5.119901974009490302e-04 9.994880098022402848e-01
-4.686888454011742811e-01 4.910692859105682349e-04 9.995089307137268175e-01
-4.706457925636010620e-01 4.709688760973810510e-04 9.995290311235407454e-01
-4.726027397260276208e-01 4.517087169602553715e-04 9.995482912826831878e-01
-4.745596868884541797e-01 4.333277918094509667e-04 9.995666722078428990e-01
-4.765166340508807385e-01 4.158003267270367256e-04 9.995841996729395440e-01
-4.784735812133072974e-01 3.991402804874228695e-04 9.996008597191984313e-01
-4.804305283757340228e-01 3.831526416142006734e-04 9.996168473580911984e-01
-4.823874755381605817e-01 3.676662256152291898e-04 9.996323337741039872e-01
-4.843444227005871405e-01 3.526808459758442454e-04 9.996473191537502689e-01
-4.863013698630138659e-01 3.380955093511494279e-04 9.996619044903715112e-01
-4.882583170254404248e-01 3.243005894240436667e-04 9.996756994102965477e-01
-4.902152641878672057e-01 3.114912323963355770e-04 9.996885087673277326e-01
-4.921722113502937646e-01 2.996406971737923270e-04 9.997003593025581836e-01
-4.941291585127203234e-01 2.888985092375502377e-04 9.997111014905093462e-01
-4.960861056751468823e-01 2.776845865218647604e-04 9.997223154132268697e-01
-4.980430528375736077e-01 2.658405763928907081e-04 9.997341594233436490e-01
-5.000000000000002220e-01 2.535298327783880833e-04 9.997464701669345200e-01
-5.000000000000000000e-01 2.535298327783880833e-04 9.997464701669345200e-01
-4.980430528375733301e-01 2.627770020733656304e-04 9.997372229976377866e-01
-4.960861056751467713e-01 2.721179277239836776e-04 9.997278820719963655e-01
-4.941291585127201569e-01 2.818054549504971865e-04 9.997181945447677354e-01
-4.921722113502935980e-01 2.918673102441904886e-04 9.997081326894596831e-01
-4.902152641878669281e-01 3.022892483264376113e-04 9.996977107513640437e-01
-4.882583170254402583e-01 3.130952350555969450e-04 9.996869047646317341e-01
-4.863013698630136994e-01 3.242937461054033917e-04 9.996757062535871485e-01
-4.843444227005870295e-01 3.359041155006727616e-04 9.996640958841946922e-01
-4.823874755381604706e-01 3.479269239186999312e-04 9.996520730757787465e-01
-4.804305283757338563e-01 3.603966843064492030e-04 9.996396033153966965e-01
-4.784735812133072974e-01 3.733102148046193655e-04 9.996266897849059863e-01
-4.765166340508806275e-01 3.867016594581006855e-04 9.996132983402583605e-01
-4.745596868884539576e-01 4.005721736720247589e-04 9.995994278260496024e-01
-4.726027397260273988e-01 4.149588975682842306e-04 9.995850411021582893e-01
-4.706457925636007844e-01 4.298742562531961912e-04 9.995701257434776998e-01
-4.686888454011742255e-01 4.453375041411082765e-04 9.995546624955936599e-01
-4.667318982387475557e-01 4.613623105837487068e-04 9.995386376891511881e-01
-4.647749510763208858e-01 4.779671812085272819e-04 9.995220328185225878e-01
-4.628180039138943269e-01 4.951706649755705566e-04 9.995048293347477131e-01
-4.608610567514677125e-01 5.129926446193042080e-04 9.994870073550936596e-01
-4.589041095890410982e-01 5.314615991773715634e-04 9.994685384005355111e-01
-4.569471624266144838e-01 5.505924772457075015e-04 9.994494075224740204e-01
-4.549902152641878139e-01 5.704051312245903959e-04 9.994295948685103514e-01
-4.530332681017612551e-01 5.909364905229599462e-04 9.994090635092183206e-01
-4.510763209393345852e-01 6.122188679900007150e-04 9.993877811317377624e-01
-4.491193737769080263e-01 6.342696673762348095e-04 9.993657303323226770e-01
-4.471624266144814119e-01 6.571139369160562075e-04 9.993428860627344701e-01
-4.452054794520548531e-01 6.808102231907402040e-04 9.993191897764468479e-01
-4.432485322896281832e-01 7.053754185161187351e-04 9.992946245811262784e-01
-4.412915851272015133e-01 7.308395684452590173e-04 9.992691604312242681e-01
-4.393346379647749544e-01 7.572372164335759367e-04 9.992427627832805026e-01
-4.373776908023483401e-01 7.846100511382677039e-04 9.992153899486141411e-01
-4.354207436399216702e-01 8.129893147265851439e-04 9.991870106850617717e-01
-4.334637964774951113e-01 8.424112148176718384e-04 9.991575887849943882e-01
-4.315068493150684414e-01 8.729127463440603321e-04 9.991270872534682157e-01
-4.295499021526418826e-01 9.045316915516714816e-04 9.990954683082238219e-01
-4.275929549902152127e-01 9.373066199998159737e-04 9.990626933796864506e-01
-4.256360078277886538e-01 9.712755779641296400e-04 9.990287244215829698e-01
-4.236790606653620395e-01 1.006468012271973748e-03 9.989935319872302877e-01
-4.217221135029353696e-01 1.042929285377381830e-03 9.989570707140849048e-01
-4.197651663405088107e-01 1.080699182452519959e-03 9.989193008169805488e-01
-4.178082191780821408e-01 1.119818078069333839e-03 9.988801819213518618e-01
-4.158512720156555265e-01 1.160326936199545340e-03 9.988396730632351783e-01
-4.138943248532289676e-01 1.202267310214654664e-03 9.987977326892676366e-01
-4.119373776908022977e-01 1.245722076438279639e-03 9.987542779230782486e-01
-4.099804305283757389e-01 1.290747951200839740e-03 9.987092520483269453e-01
-4.080234833659491245e-01 1.337378799884748675e-03 9.986626211996565416e-01
-4.060665362035224546e-01 1.385668298201751759e-03 9.986143317013544962e-01
-4.041095890410958957e-01 1.435671558366147715e-03 9.985643284412050180e-01
-4.021526418786692814e-01 1.487445129094785859e-03 9.985125548704895104e-01
-4.001956947162426670e-01 1.541057443236644193e-03 9.984589425563581422e-01
-3.982387475538159971e-01 1.596665471875113786e-03 9.984033345277305571e-01
-3.962818003913894382e-01 1.654284357413913576e-03 9.983457156421982059e-01
-3.943248532289627684e-01 1.713990287413161935e-03 9.982860097121998288e-01
-3.923679060665362095e-01 1.775862087617267621e-03 9.982241379119887181e-01
-3.904109589041095951e-01 1.839981221954932380e-03 9.981600187776339395e-01
-3.884540117416829808e-01 1.906431792539152459e-03 9.980935682070211090e-01
-3.864970645792563664e-01 1.975337293402630937e-03 9.980246627061329923e-01
-3.845401174168296965e-01 2.046801584049257744e-03 9.979531984154709212e-01
-3.825831702544031376e-01 2.120906902761139808e-03 9.978790930967458284e-01
-3.806262230919765233e-01 2.197756705844013808e-03 9.978022432936526354e-01
-3.786692759295498534e-01 2.277457829154369388e-03 9.977225421703372898e-01
-3.767123287671232945e-01 2.360120488099441347e-03 9.976398795113943230e-01
-3.747553816046966246e-01 2.445854868253573115e-03 9.975541451312507357e-01
-3.727984344422700103e-01 2.534739712433662241e-03 9.974652602870731632e-01
-3.708414872798433959e-01 2.626913048847980166e-03 9.973730869506649555e-01
-3.688845401174168370e-01 2.722493192994052038e-03 9.972775068065287130e-01
-3.669275929549902227e-01 2.821601363120700579e-03 9.971783986364162189e-01
-3.649706457925635528e-01 2.924361680228043051e-03 9.970756383193277728e-01
-3.630136986301369939e-01 3.030901168067496893e-03 9.969690988315120794e-01
-3.610567514677103240e-01 3.141275820808829989e-03 9.968587241787896236e-01
-3.590998043052837096e-01 3.255584793178614971e-03 9.967444152064308671e-01
-3.571428571428571508e-01 3.373985571053793580e-03 9.966260144285608025e-01
-3.551859099804304809e-01 3.496598525348524299e-03 9.965034014742639723e-01
-3.532289628180039220e-01 3.623545389135185164e-03 9.963764546104654229e-01
-3.512720156555772522e-01 3.754949257644371163e-03 9.962450507419319257e-01
-3.493150684931506378e-01 3.890926552201062934e-03 9.961090734473385666e-01
-3.473581213307240789e-01 4.031492082491639622e-03 9.959685079170307320e-01
-3.454011741682974646e-01 4.176824171165247762e-03 9.958231758283402346e-01
-3.434442270058707947e-01 4.327035977817274975e-03 9.956729640216728239e-01
-3.414872798434441803e-01 4.482240668357835404e-03 9.955177593311201889e-01
-3.395303326810176214e-01 4.642551415011814814e-03 9.953574485844598474e-01
-3.375733855185909515e-01 4.808081396318830691e-03 9.951919186031534803e-01
-3.356164383561643372e-01 4.979140081627786082e-03 9.950208599178470559e-01
-3.336594911937377783e-01 5.155968803676288202e-03 9.948440311957991167e-01
-3.317025440313111084e-01 5.338646021332616072e-03 9.946613539781463675e-01
-3.297455968688845496e-01 5.527367121465866923e-03 9.944726328780184588e-01
-3.277886497064578797e-01 5.722339887150876964e-03 9.942776601123404223e-01
-3.258317025440312653e-01 5.923785292277876369e-03 9.940762147072208510e-01
-3.238747553816047065e-01 6.131975381817394120e-03 9.938680246176871957e-01
-3.219178082191780366e-01 6.347846512738373331e-03 9.936521534867758243e-01
-3.199608610567514222e-01 6.571418928805959972e-03 9.934285810707162989e-01
-3.180039138943248078e-01 6.803118791757227848e-03 9.931968812077708320e-01
-3.160469667318982490e-01 7.043412156422248181e-03 9.929565878431064752e-01
-3.140900195694715791e-01 7.292807272178148184e-03 9.927071927273447560e-01
-3.121330724070449647e-01 7.551856884403187857e-03 9.924481431151042088e-01
-3.101761252446184058e-01 7.820275907358129400e-03 9.921797240921337302e-01
-3.082191780821917360e-01 8.098072098044358652e-03 9.919019279014377188e-01
-3.062622309197651216e-01 8.386125138147314251e-03 9.916138748613241294e-01
-3.043052837573385072e-01 8.684806196047573784e-03 9.913151938034135968e-01
-3.023483365949118928e-01 8.994484686768638992e-03 9.910055153126842153e-01
-3.003913894324853340e-01 9.315526865273607293e-03 9.906844731341750698e-01
-2.984344422700586641e-01 9.644908653148837746e-03 9.903550913463023964e-01
-2.964774951076320497e-01 9.963135466031131787e-03 9.900368645334229889e-01
-2.945205479452054353e-01 1.030893339399991879e-02 9.896910666054460348e-01
-2.925636007827788210e-01 1.066703620643574130e-02 9.893329637930172726e-01
-2.906066536203522066e-01 1.103710083026398711e-02 9.889628991692100968e-01
-2.886497064579256477e-01 1.141930712853687392e-02 9.885806928709404140e-01
-2.866927592954989779e-01 1.181410587459358515e-02 9.881858941248795603e-01
-2.847358121330723635e-01 1.222142088693586176e-02 9.877785791125248682e-01
-2.827788649706457491e-01 1.264197343048928737e-02 9.873580265689737567e-01
-2.808219178082191347e-01 1.307582450730810503e-02 9.869241754921738163e-01
-2.788649706457925759e-01 1.352314955472154120e-02 9.864768504447833930e-01
-2.769080234833659615e-01 1.398498031658383829e-02 9.860150196829285951e-01
-2.749510763209392916e-01 1.446079271815984592e-02 9.855392072813544679e-01
-2.729941291585126772e-01 1.495188762655050296e-02 9.850481123729608601e-01
-2.710371819960860629e-01 1.545805010106469056e-02 9.845419498984382400e-01
-2.690802348336594485e-01 1.597954199580015749e-02 9.840204580036912008e-01
-2.671232876712328896e-01 1.651744131451124420e-02 9.834825586849695878e-01
-2.651663405088062753e-01 1.707183544234918554e-02 9.829281645571232851e-01
-2.632093933463796054e-01 1.764313616524364539e-02 9.823568638342237147e-01
-2.612524461839529910e-01 1.823175526912428415e-02 9.817682447303439641e-01
-2.592954990215263766e-01 1.883793215184147857e-02 9.811620678476280499e-01
-2.573385518590997623e-01 1.946191817320872680e-02 9.805380818262594556e-01
-2.553816046966732034e-01 2.010419330517679987e-02 9.798958066942915490e-01
-2.534246575342465335e-01 2.076512199868398717e-02 9.792348780007862352e-01
-2.514677103718199191e-01 2.144506870466854342e-02 9.785549312948047529e-01
-2.495107632093933048e-01 2.214437602619877266e-02 9.778556239732809630e-01
-2.475538160469667182e-01 2.286340033640328617e-02 9.771365996630865247e-01
-2.455968688845400483e-01 2.360251216503798932e-02 9.763974878344654496e-01
-2.436399217221134617e-01 2.436207230266661597e-02 9.756379276968542014e-01
-2.416829745596868473e-01 2.514244153985285141e-02 9.748575584596892440e-01
-2.397260273972602329e-01 2.594408170990009088e-02 9.740559182896553203e-01
-2.377690802348336185e-01 2.676735853881229837e-02 9.732326414607477272e-01
-2.358121330724070319e-01 2.761261945137922363e-02 9.723873805481790811e-01
-2.338551859099803620e-01 2.848023921937026248e-02 9.715197607801784319e-01
-2.318982387475537754e-01 2.937059261455480380e-02 9.706294073849749404e-01
-2.299412915851271610e-01 3.028411462470968762e-02 9.697158853748097940e-01
-2.279843444227005467e-01 3.122116859425241170e-02 9.687788314052605543e-01
-2.260273972602739323e-01 3.218212791411224905e-02 9.678178720853960471e-01
-2.240704500978473457e-01 3.316737439690066458e-02 9.668326256026056331e-01
-2.221135029354206758e-01 3.417728985522917873e-02 9.658227101442786733e-01
-2.201565557729940892e-01 3.521175644358959245e-02 9.647882435559158587e-01
-2.181996086105674748e-01 3.627134304679506538e-02 9.637286569527081515e-01
-2.162426614481408604e-01 3.735640032163790869e-02 9.626435996778632820e-01
-2.142857142857142461e-01 3.846725984411508009e-02 9.615327401553841469e-01
-2.123287671232876039e-01 3.960415246259695043e-02 9.603958475369009928e-01
-2.103718199608609896e-01 4.076538656174842623e-02 9.592346134377482958e-01
-2.084148727984344029e-01 4.195220462505225983e-02 9.580477953744435116e-01
-2.064579256360077886e-01 4.316473441752297080e-02 9.568352655819727381e-01
-2.045009784735811742e-01 4.440310370417514807e-02 9.555968962953200752e-01
-2.025440313111545876e-01 4.566738282645858849e-02 9.543326171730370788e-01
-2.005870841487279177e-01 4.695731597596027040e-02 9.530426840235386443e-01
-1.986301369863013033e-01 4.827313278216940895e-02 9.517268672173349042e-01
-1.966731898238747167e-01 4.961486336001995345e-02 9.503851366394924227e-01
-1.947162426614481023e-01 5.098252698196249766e-02 9.490174730175617857e-01
-1.927592954990214880e-01 5.237796539408895446e-02 9.476220346054415877e-01
-1.908023483365949013e-01 5.380158262709983097e-02 9.461984173724302671e-01
-1.888454011741682315e-01 5.525359729480388421e-02 9.447464027047185464e-01
-1.868884540117415893e-01 5.673466553095583148e-02 9.432653344685493213e-01
-1.849315068493150305e-01 5.824378881247768702e-02 9.417562111870041441e-01
-1.829745596868884161e-01 5.977770063215056412e-02 9.402222993673143847e-01
-1.810176125244617740e-01 6.133779799004934752e-02 9.386622020093993157e-01
-1.790606653620352151e-01 6.292341698740537559e-02 9.370765830120302287e-01
-1.771037181996085452e-01 6.453466103320330827e-02 9.354653389662228591e-01
-1.751467710371819586e-01 6.617254713428311064e-02 9.338274528651365758e-01
-1.731898238747553720e-01 6.783604848766333628e-02 9.321639515117545738e-01
-1.712328767123286744e-01 6.952495080100377922e-02 9.304750491984192795e-01
-1.692759295499021155e-01 7.123930857814098072e-02 9.287606914212853670e-01
-1.673189823874754734e-01 7.297891013093127377e-02 9.270210898684980716e-01
-1.653620352250488590e-01 7.474355834521995146e-02 9.252564416542121695e-01
-1.634050880626222169e-01 7.653301777304527542e-02 9.234669822263898986e-01
-1.614481409001956580e-01 7.834685898545204474e-02 9.216531410139879865e-01
-1.594911937377690436e-01 8.018498746625390972e-02 9.198150125331912008e-01
-1.575342465753424015e-01 8.204718465857457899e-02 9.179528153408758051e-01
-1.555772994129158426e-01 8.393275004760485103e-02 9.160672499518510703e-01
-1.536203522504891728e-01 8.584129436344298258e-02 9.141587056360179764e-01
-1.516634050880625861e-01 8.777260960581069471e-02 9.122273903936546358e-01
-1.497064579256359163e-01 8.972630746726169282e-02 9.102736925322065797e-01
-1.477495107632093296e-01 9.170163904921160847e-02 9.082983609502579547e-01
-1.457925636007827708e-01 9.369837020119174686e-02 9.063016297982764424e-01
-1.438356164383561009e-01 9.571608619730453960e-02 9.042839138021594447e-01
-1.418786692759294865e-01 9.775434303585710250e-02 9.022456569636010393e-01
-1.399217221135028444e-01 9.981269179769622357e-02 9.001873082017558536e-01
-1.379647749510762855e-01 1.018907089244220354e-01 8.981092910750231306e-01
-1.360078277886496712e-01 1.039879551824995363e-01 8.960120448169393015e-01
-1.340508806262230290e-01 1.061040569147480850e-01 8.938959430846792342e-01
-1.320939334637964702e-01 1.082385657811033575e-01 8.917614342183091125e-01
-1.301369863013697725e-01 1.103910583794157907e-01 8.896089416199766120e-01
-1.281800391389432137e-01 1.125610634202283689e-01 8.874389365791438555e-01
-1.262230919765165438e-01 1.147480623908439801e-01 8.852519376085161706e-01
-1.242661448140899433e-01 1.169516205962540800e-01 8.830483794031009914e-01
-1.223091976516633844e-01 1.191712607032825721e-01 8.808287392960799655e-01
-1.203522504892367284e-01 1.214064211259474890e-01 8.785935788734242635e-01
-1.183953033268101279e-01 1.236565952391170259e-01 8.763434047602680632e-01
-1.164383561643834719e-01 1.259212563765139126e-01 8.740787436228903973e-01
-1.144814090019569131e-01 1.281999347342503981e-01 8.718000652651761717e-01
-1.125244618395302570e-01 1.304923349969991930e-01 8.695076650024489151e-01
-1.105675146771036566e-01 1.327979029113227072e-01 8.672020970881444413e-01
-1.086105675146770561e-01 1.351161852706313227e-01 8.648838147288493428e-01
-1.066536203522504000e-01 1.374470171643762118e-01 8.625529828351132799e-01
-1.046966731898238412e-01 1.397901033791235093e-01 8.602098966203685082e-01
-1.027397260273971852e-01 1.421451035647887384e-01 8.578548964346964789e-01
-1.007827788649705847e-01 1.445117438326297410e-01 8.554882561668382124e-01
-9.882583170254401195e-02 1.468896459345708783e-01 8.531103540648783401e-01
-9.686888454011736982e-02 1.492785785476581917e-01 8.507214214517704320e-01
-9.491193737769075545e-02 1.516782681494997509e-01 8.483217318499117754e-01
-9.295499021526411332e-02 1.540882890879575751e-01 8.459117109114383526e-01
-9.099804305283754058e-02 1.565081766238440308e-01 8.434918233755348549e-01
-8.904109589041089845e-02 1.589375368352758389e-01 8.410624631640888360e-01
-8.708414872798424244e-02 1.613758990266159210e-01 8.386241009727375406e-01
-8.512720156555768358e-02 1.638235929510981348e-01 8.361764070482444744e-01
-8.317025440313102758e-02 1.662800563143769228e-01 8.337199436849553891e-01
-8.121330724070446871e-02 1.687450344298488392e-01 8.312549655694734252e-01
-7.925636007827781271e-02 1.712185792049506772e-01 8.287814207943651201e-01
-7.729941291585125385e-02 1.737009537901252065e-01 8.262990462091962529e-01
-7.534246575342459784e-02 1.761920248366256048e-01 8.238079751627118696e-01
-7.338551859099795571e-02 1.786918962255764076e-01 8.213081037737913759e-01
-7.142857142857138297e-02 1.812004141177405714e-01 8.187995858816505823e-01
-6.947162426614474084e-02 1.837177583892537491e-01 8.162822416101539469e-01
-6.751467710371818198e-02 1.862440828242672430e-01 8.137559171751467257e-01
-6.555772994129152598e-02 1.887793653097036839e-01 8.112206346897063991e-01
-6.360078277886486997e-02 1.913232526802292888e-01 8.086767473191822653e-01
-6.164383561643831111e-02 1.938759449233479759e-01 8.061240550760619961e-01
-5.968688845401166204e-02 1.964374320689853959e-01 8.035625679304225777e-01
-5.772994129158509624e-02 1.990077878681677237e-01 8.009922121312377241e-01
-5.577299412915844717e-02 2.015870285882394586e-01 7.984129714111650733e-01
-5.381604696673188831e-02 2.041751608670672180e-01 7.958248391323410331e-01
-5.185909980430523231e-02 2.067724033728827182e-01 7.932275966265340816e-01
-4.990215264187858324e-02 2.093798464950218929e-01 7.906201535043986262e-01
-4.794520547945201744e-02 2.119975446607359204e-01 7.880024553386864028e-01
-4.598825831702536837e-02 2.146260054562594832e-01 7.853739945431612579e-01
-4.403131115459880951e-02 2.172660889201067924e-01 7.827339110793117838e-01
-4.207436399217215350e-02 2.199186708892692521e-01 7.800813291101471592e-01
-4.011741682974550444e-02 2.225845588078600168e-01 7.774154411915537022e-01
-3.816046966731884843e-02 2.252646367800910099e-01 7.747353632193191286e-01
-3.620352250489228957e-02 2.279582537826336797e-01 7.720417462167730172e-01
-3.424657534246573071e-02 2.306662553114628700e-01 7.693337446879406905e-01
-3.228962818003907470e-02 2.333887864824580882e-01 7.666112135169436126e-01
-3.033268101761251584e-02 2.361263293818437192e-01 7.638736706175581759e-01
-2.837573385518577310e-02 2.388795773542504164e-01 7.611204226451562249e-01
-2.641878669275921077e-02 2.416485228860247858e-01 7.583514771133921251e-01
-2.446183953033255823e-02 2.444333705391077416e-01 7.555666294603267108e-01
-2.250489236790599937e-02 2.472361565585486642e-01 7.527638434408998602e-01
-2.054794520547943704e-02 2.500570502378796078e-01 7.499429497615821560e-01
-1.859099804305278450e-02 2.528968205354167331e-01 7.471031794640545787e-01
-1.663405088062613196e-02 2.557569264021128941e-01 7.442430735973659672e-01
-1.467710371819948116e-02 2.586397119418512580e-01 7.413602880576413146e-01
-1.272015655577291883e-02 2.615463211331129356e-01 7.384536788663964568e-01
-1.076320939334635823e-02 2.644785836447176575e-01 7.355214163548139394e-01
-8.806262230919707432e-03 2.674370291304971614e-01 7.325629708690557518e-01
-6.849315068493054028e-03 2.704233880691711001e-01 7.295766119304014641e-01
-4.892367906066402358e-03 2.734394780748655718e-01 7.265605219247259772e-01
-2.935420743639841328e-03 2.764862152988354360e-01 7.235137847007730993e-01
-9.784735812131892252e-04 2.795619478061494023e-01 7.204380521934740100e-01
9.784735812133715880e-04 2.826683699251117954e-01 7.173316300745234964e-01
2.935420743639932401e-03 2.858057791434789330e-01 7.141942208561633532e-01
4.892367906066584504e-03 2.889748015032594930e-01 7.110251984963840144e-01
6.849315068493237041e-03 2.921757376055665878e-01 7.078242623940708134e-01
8.806262230919889578e-03 2.954085655605938610e-01 7.045914344390286077e-01
1.076320939334645017e-02 2.986769554958491613e-01 7.013230445037546001e-01
1.272015655577310271e-02 3.019872610563651971e-01 6.980127389432259077e-01
1.467710371819966331e-02 3.053408073797790334e-01 6.946591926198066869e-01
1.663405088062631584e-02 3.087360220314604442e-01 6.912639779681186702e-01
1.859099804305296838e-02 3.121756409713950520e-01 6.878243590281791775e-01
2.054794520547952724e-02 3.156613206623667400e-01 6.843386793372046029e-01
2.250489236790617978e-02 3.191944103589018922e-01 6.808055896406710605e-01
2.446183953033274211e-02 3.227762648161768277e-01 6.772237351834013985e-01
2.641878669275930097e-02 3.264087892276491543e-01 6.735912107719321806e-01
2.837573385518595351e-02 3.300935014810296719e-01 6.699064985185485543e-01
3.033268101761260604e-02 3.338320125296377339e-01 6.661679874699316661e-01
3.228962818003926205e-02 3.376262253537748448e-01 6.623737746457913911e-01
3.424657534246582091e-02 3.414778640008984123e-01 6.585221359986703771e-01
3.620352250489246998e-02 3.453887109847076919e-01 6.546112890148626517e-01
3.816046966731903578e-02 3.493606147917460159e-01 6.506393852078224960e-01
4.011741682974568485e-02 3.533954412131178335e-01 6.466045587864448496e-01
4.207436399217233391e-02 3.574949477779042484e-01 6.425050522216562143e-01
4.403131115459889972e-02 3.616610358822755500e-01 6.383389641172856344e-01
4.598825831702554878e-02 3.658955079888157602e-01 6.341044920107477001e-01
4.794520547945210764e-02 3.702001824357545323e-01 6.297998175638108709e-01
4.990215264187876365e-02 3.745768967206511979e-01 6.254231032789157041e-01
5.185909980430532251e-02 3.790274163033768295e-01 6.209725836961870193e-01
5.381604696673197852e-02 3.835535502596191249e-01 6.164464497399348986e-01
5.577299412915862759e-02 3.881570416128818923e-01 6.118429583866613619e-01
5.772994129158518645e-02 3.928396131942765157e-01 6.071603868052627417e-01
5.968688845401184245e-02 3.976029863527041353e-01 6.023970136468406178e-01
6.164383561643840131e-02 4.024487611319604863e-01 5.975512388675872089e-01
6.360078277886505038e-02 4.073785842164444615e-01 5.926214157831071194e-01
6.555772994129170639e-02 4.123940004082484734e-01 5.876059995913074374e-01
6.751467710371826525e-02 4.174964731249454775e-01 5.825035268746170392e-01
6.947162426614492126e-02 4.226874380650406660e-01 5.773125619345307324e-01
7.142857142857148012e-02 4.279681927874230962e-01 5.720318072121566289e-01
7.338551859099813612e-02 4.333399763833740148e-01 5.666600236162134818e-01
7.534246575342477825e-02 4.388039151012207983e-01 5.611960848983736927e-01
7.729941291585135099e-02 4.443610231438480107e-01 5.556389768557520314e-01
7.925636007827799312e-02 4.500121935268024398e-01 5.499878064728003224e-01
8.121330724070456586e-02 4.557583136813525559e-01 5.442416863182502063e-01
8.317025440313120799e-02 4.616000123828318258e-01 5.383999876167676613e-01
8.512720156555776685e-02 4.675378295041825449e-01 5.324621704954102253e-01
8.708414872798442286e-02 4.735721645091942600e-01 5.264278354903870749e-01
8.904109589041107886e-02 4.797031586598643482e-01 5.202968413397008884e-01
9.099804305283763772e-02 4.859306856227755267e-01 5.140693143767696149e-01
9.295499021526429373e-02 4.922546465250277059e-01 5.077453534744933439e-01
9.491193737769085259e-02 4.986746528670870093e-01 5.013253471324068400e-01
9.686888454011750860e-02 5.051901054039218408e-01 4.948098945955419214e-01
9.882583170254415073e-02 5.118002103132819336e-01 4.881997896861534070e-01
1.007827788649708067e-01 5.185039196984071452e-01 4.814960803010032708e-01
1.027397260273973656e-01 5.252999492159988737e-01 4.747000507833933902e-01
1.046966731898239245e-01 5.321867673644100627e-01 4.678132326349752068e-01
1.066536203522505805e-01 5.391625613271393558e-01 4.608374386722495220e-01
1.086105675146771393e-01 5.462251963022952683e-01 4.537748036970964405e-01
1.105675146771037953e-01 5.533723300160537928e-01 4.466276699833460206e-01
1.125244618395304513e-01 5.606012920969742908e-01 4.393987079024380682e-01
1.144814090019570102e-01 5.679091036174177543e-01 4.320908963820102033e-01
1.164383561643836523e-01 5.752926979736566748e-01 4.247073020257881582e-01
1.183953033268102251e-01 5.827485532437246540e-01 4.172514467557369988e-01
1.203522504892368672e-01 5.902727748241243244e-01 4.097272251753493189e-01
1.223091976516635232e-01 5.978611964730102812e-01 4.021388035264661376e-01
1.242661448140900821e-01 6.055093646294698040e-01 3.944906353699985102e-01
1.262230919765168213e-01 6.132127558469191442e-01 3.867872441525493921e-01
1.281800391389433802e-01 6.209661706252881386e-01 3.790338293741795095e-01
1.301369863013699391e-01 6.287642081720772325e-01 3.712357918273928581e-01
1.320939334637964979e-01 6.366011330236472920e-01 3.633988669758311252e-01
1.340508806262231678e-01 6.444713901316296845e-01 3.555286098678575035e-01
1.360078277886498932e-01 6.523690261263725976e-01 3.476309738731185317e-01
1.379647749510764798e-01 6.602874130713209944e-01 3.397125869281749644e-01
1.399217221135030387e-01 6.682198558348415585e-01 3.317801441646599514e-01
1.418786692759295975e-01 6.761594096182499403e-01 3.238405903812580089e-01
1.438356164383562397e-01 6.840995720880337361e-01 3.159004279114805414e-01
1.457925636007828818e-01 6.920327730446171888e-01 3.079672269549024177e-01
1.477495107632095517e-01 6.999515277962704562e-01 3.000484722032523144e-01
1.497064579256361105e-01 7.078481486783341214e-01 2.921518513211887047e-01
1.516634050880626694e-01 7.157154853342189149e-01 2.842845146653018018e-01
1.536203522504892283e-01 7.235466144522479937e-01 2.764533855472727786e-01
1.555772994129159814e-01 7.313334408688663135e-01 2.686665591306535150e-01
1.575342465753426235e-01 7.390683377449448477e-01 2.609316622545739262e-01
1.594911937377691824e-01 7.467436766563571027e-01 2.532563233431612826e-01
1.614481409001957413e-01 7.543514477134507512e-01 2.456485522860658022e-01
1.634050880626224944e-01 7.618840651437012168e-01 2.381159348558137545e-01
1.653620352250490533e-01 7.693338770521053194e-01 2.306661229474081531e-01
1.673189823874756121e-01 7.766932569248456986e-01 2.233067430746671356e-01
1.692759295499022543e-01 7.839571600152908104e-01 2.160428399842216907e-01
1.712328767123288131e-01 7.911189830699998371e-01 2.088810169295134411e-01
1.731898238747555663e-01 7.981723864170906513e-01 2.018276135824248196e-01
1.751467710371821251e-01 8.051118345017325151e-01 1.948881654977867861e-01
1.771037181996086840e-01 8.119305104412790630e-01 1.880694895582448734e-01
1.790606653620353539e-01 8.186227042169883505e-01 1.813772957825419418e-01
1.810176125244619127e-01 8.251837316876744488e-01 1.748162683118630323e-01
1.829745596868886381e-01 8.316088009903239708e-01 1.683911990092217814e-01
1.849315068493151970e-01 8.378941328404722055e-01 1.621058671590813738e-01
1.868884540117417559e-01 8.440357300300838084e-01 1.559642699694761547e-01
1.888454011741683425e-01 8.500302909388783856e-01 1.499697090606858241e-01
1.908023483365949846e-01 8.558749815439249398e-01 1.441250184556407965e-01
1.927592954990216267e-01 8.615673910619704445e-01 1.384326089375967905e-01
1.947162426614482966e-01 8.671057889048436884e-01 1.328942110947241018e-01
1.966731898238748555e-01 8.724889643157565100e-01 1.275110356838110581e-01
1.986301369863014143e-01 8.777154664950937990e-01 1.222845335044732140e-01
2.005870841487281397e-01 8.827842983082336836e-01 1.172157016913326355e-01
2.025440313111546986e-01 8.876955575510629970e-01 1.123044424485038634e-01
2.045009784735813685e-01 8.924494811640779623e-01 1.075505188354917291e-01
2.064579256360079274e-01 8.970467262227216354e-01 1.029532737768508316e-01
2.084148727984344862e-01 9.014884043633164534e-01 9.851159563625996873e-02
2.103718199608612394e-01 9.057760615729484321e-01 9.422393842663245866e-02
2.123287671232877982e-01 9.099114691479381900e-01 9.008853085164778007e-02
2.142857142857143571e-01 9.138957599143817667e-01 8.610424008521054551e-02
2.162426614481409992e-01 9.177315298472565885e-01 8.226847015234253768e-02
2.181996086105675581e-01 9.214212085783770601e-01 7.857879142122876914e-02
2.201565557729943112e-01 9.249679753737020116e-01 7.503202462590909116e-02
2.221135029354208701e-01 9.283755697415962960e-01 7.162443025801903951e-02
2.240704500978474289e-01 9.316473940651597285e-01 6.835260593445741106e-02
2.260273972602740711e-01 9.347874578978219162e-01 6.521254210179330824e-02
2.279843444227006299e-01 9.377963701334000035e-01 6.220362986621241069e-02
2.299412915851273831e-01 9.406769781420942778e-01 5.932302185751568702e-02
2.318982387475539420e-01 9.434320184969047229e-01 5.656798150270340997e-02
2.338551859099805008e-01 9.460644355107609149e-01 5.393556448884812005e-02
2.358121330724070597e-01 9.485876990523782748e-01 5.141230094723145405e-02
2.377690802348338128e-01 9.510046568165833047e-01 4.899534318302948416e-02
2.397260273972604550e-01 9.533187965685168130e-01 4.668120343110140902e-02
2.416829745596870138e-01 9.555266015047545469e-01 4.447339849486849073e-02
2.436399217221135727e-01 9.576316453112949656e-01 4.236835468833162477e-02
2.455968688845401593e-01 9.596399010619405257e-01 4.036009893768867374e-02
2.475538160469668847e-01 9.615563456442464130e-01 3.844365435538527054e-02
2.495107632093934436e-01 9.633832124627821347e-01 3.661678753685067289e-02
2.514677103718200857e-01 9.651252961647034390e-01 3.487470383493050663e-02
2.534246575342466445e-01 9.667865044230530280e-01 3.321349557658184737e-02
2.553816046966732034e-01 9.683703344595280260e-01 3.162966554010769593e-02
2.573385518590999843e-01 9.698776006147045159e-01 3.012239938493278466e-02
2.592954990215265432e-01 9.713117218042963685e-01 2.868827819534398860e-02
2.612524461839531575e-01 9.726781965763589000e-01 2.732180342328479825e-02
2.632093933463797164e-01 9.739836480421747433e-01 2.601635195747100185e-02
2.651663405088063308e-01 9.752324512310528437e-01 2.476754876859351209e-02
2.671232876712330562e-01 9.764161737422614173e-01 2.358382625738585092e-02
2.690802348336596150e-01 9.775348778147276985e-01 2.246512218492122126e-02
2.710371819960861739e-01 9.786014038980094254e-01 2.139859610164082659e-02
2.729941291585128438e-01 9.796204741533509619e-01 2.037952584630152442e-02
2.749510763209394582e-01 9.805898937776205138e-01 1.941010622203431790e-02
2.769080234833661280e-01 9.815126661114494944e-01 1.848733388820714835e-02
2.788649706457926869e-01 9.823908067834644653e-01 1.760919321619429379e-02
2.808219178082192458e-01 9.832254850536729096e-01 1.677451494598759807e-02
2.827788649706459156e-01 9.840215388892217252e-01 1.597846111043979556e-02
2.847358121330725300e-01 9.847814292821899240e-01 1.521857071747291859e-02
2.866927592954991999e-01 9.855013635648306458e-01 1.449863643483297396e-02
2.886497064579257588e-01 9.861820232806419728e-01 1.381797671902165736e-02
2.906066536203523176e-01 9.868323411405588441e-01 1.316765885910584077e-02
2.925636007827788765e-01 9.874525236870188571e-01 1.254747631264786778e-02
2.945205479452056019e-01 9.880415940147755371e-01 1.195840598489221474e-02
2.964774951076322163e-01 9.886021353909135723e-01 1.139786460875453870e-02
2.984344422700588306e-01 9.891376531620061918e-01 1.086234683766378224e-02
3.003913894324853895e-01 9.896482269462383297e-01 1.035177305343328719e-02
3.023483365949119483e-01 9.901297424884714093e-01 9.870257511200759143e-03
3.043052837573387293e-01 9.905859557087863809e-01 9.414044290885711236e-03
3.062622309197652881e-01 9.910256223010559529e-01 8.974377698617384824e-03
3.082191780821919025e-01 9.914471856071213063e-01 8.552814392553877154e-03
3.101761252446184614e-01 9.918458459349654976e-01 8.154154064710490701e-03
3.121330724070452423e-01 9.922242863367831678e-01 7.775713662893282870e-03
3.140900195694718011e-01 9.925836269069020501e-01 7.416373092775261841e-03
3.160469667318983600e-01 9.929260336535254972e-01 7.073966346152621432e-03
3.180039138943249188e-01 9.932527879386658931e-01 6.747212061012525589e-03
3.199608610567515332e-01 9.935641176928837748e-01 6.435882306795180814e-03
3.219178082191782031e-01 9.938608679360116938e-01 6.139132063667427502e-03
3.238747553816047620e-01 9.941430442827355884e-01 5.856955716944207621e-03
3.258317025440315429e-01 9.944116426718069279e-01 5.588357327873539476e-03
3.277886497064581017e-01 9.946679017888796492e-01 5.332098210801456545e-03
3.297455968688846606e-01 9.949119003902374692e-01 5.088099609444118009e-03
3.317025440313113860e-01 9.951440346025851591e-01 4.855965397097256400e-03
3.336594911937379448e-01 9.953658302469470254e-01 4.634169752736044118e-03
3.356164383561645037e-01 9.955776350059961644e-01 4.422364993687269430e-03
3.375733855185910626e-01 9.957776804908364809e-01 4.222319508848235668e-03
3.395303326810176214e-01 9.959687233166714115e-01 4.031276683014669432e-03
3.414872798434443468e-01 9.961570613285966047e-01 3.842938671091165881e-03
3.434442270058709057e-01 9.963326473888386436e-01 3.667352610850477430e-03
3.454011741682974646e-01 9.964931637664793396e-01 3.506836233210639323e-03
3.473581213307242455e-01 9.966504139008709462e-01 3.349586098819362298e-03
3.493150684931508043e-01 9.968022935963144482e-01 3.197706403376666083e-03
3.512720156555775297e-01 9.969454819180355587e-01 3.054518081657214400e-03
3.532289628180040886e-01 9.970832352369143337e-01 2.916764762780306441e-03
3.551859099804306474e-01 9.972152810679055790e-01 2.784718931790514367e-03
3.571428571428572063e-01 9.973388267923772865e-01 2.661173207321078024e-03
3.590998043052839872e-01 9.974582422998234943e-01 2.541757699877196519e-03
3.610567514677105461e-01 9.975751494194919911e-01 2.424850580210607953e-03
3.630136986301371049e-01 9.976813833519815322e-01 2.318616647722186556e-03
3.649706457925636638e-01 9.977828843992340158e-01 2.217115600470298022e-03
3.669275929549902227e-01 9.978819234881362021e-01 2.118076511569189774e-03
3.688845401174169480e-01 9.979770395858242882e-01 2.022960413882044818e-03
3.708414872798435069e-01 9.980672309353870730e-01 1.932769064320284105e-03
3.727984344422702323e-01 9.981509327946656018e-01 1.849067205043093427e-03
3.747553816046967912e-01 9.982326159037144819e-01 1.767384095995496156e-03
3.767123287671233500e-01 9.983130996408353663e-01 1.686900358875685971e-03
3.786692759295501309e-01 9.983871857402675243e-01 1.612814259444952242e-03
3.806262230919766898e-01 9.984581763740236759e-01 1.541823625690329300e-03
3.825831702544032487e-01 9.985281527694903625e-01 1.471847230225095584e-03
3.845401174168298075e-01 9.985913463848776761e-01 1.408653614839282080e-03
3.864970645792565329e-01 9.986519838811711569e-01 1.348016118546820638e-03
3.884540117416830918e-01 9.987180001252462525e-01 1.281999874471914831e-03
3.904109589041096506e-01 9.987732417563530696e-01 1.226758243365688164e-03
3.923679060665362095e-01 9.988237933430130777e-01 1.176206656706280237e-03
3.943248532289629904e-01 9.988743954297341077e-01 1.125604569985899509e-03
3.962818003913895493e-01 9.989237223295082124e-01 1.076277670211939815e-03
3.982387475538162747e-01 9.989708299069345321e-01 1.029170092786013072e-03
4.001956947162428335e-01 9.990152723027538872e-01 9.847276969685103774e-04
4.021526418786693924e-01 9.990607311885804087e-01 9.392688111420680573e-04
4.041095890410959512e-01 9.990987511210616123e-01 9.012488786616676233e-04
4.060665362035226766e-01 9.991315061742891412e-01 8.684938254355489265e-04
4.080234833659492910e-01 9.991767786349792235e-01 8.232213647467339669e-04
4.099804305283758499e-01 9.992128436393139523e-01 7.871563604130046811e-04
4.119373776908024087e-01 9.992469629871616466e-01 7.530370125658374970e-04
4.138943248532291341e-01 9.992796004564800105e-01 7.203995432480554120e-04
4.158512720156556930e-01 9.993106668071706222e-01 6.893331925588590302e-04
4.178082191780822519e-01 9.993405403901280959e-01 6.594596096028236673e-04
4.197651663405089772e-01 9.993691353118658860e-01 6.308646878665415819e-04
4.217221135029355361e-01 9.993964441974901858e-01 6.035558022430024747e-04
4.236790606653623170e-01 9.994224705661373109e-01 5.775294335962814036e-04
4.256360078277888759e-01 9.994474760713967232e-01 5.525239283378081782e-04
4.275929549902154347e-01 9.994713612154364490e-01 5.286387842993601604e-04
4.295499021526419936e-01 9.994941753493964409e-01 5.058246503402200316e-04
4.315068493150685525e-01 9.995159326671712030e-01 4.840673325659527754e-04
4.334637964774952779e-01 9.995366675752284102e-01 4.633324245094573189e-04
4.354207436399218367e-01 9.995565273118228733e-01 4.434726879152430922e-04
4.373776908023483956e-01 9.995755298368897979e-01 4.244701628490182670e-04
4.393346379647749544e-01 9.995937335035225413e-01 4.062664962170943949e-04
4.412915851272017354e-01 9.996111966648151270e-01 3.888033349257841121e-04
4.432485322896284607e-01 9.996278405031732150e-01 3.721594965687063461e-04
4.452054794520550196e-01 9.996437140139224908e-01 3.562859858201504687e-04
4.471624266144815785e-01 9.996588780398059093e-01 3.411219599375674800e-04
4.491193737769081373e-01 9.996733652813887261e-01 3.266347183553414829e-04
4.510763209393348627e-01 9.996872224187087763e-01 3.127775810359741939e-04
4.530332681017614216e-01 9.997005703567463097e-01 2.994296429992658473e-04
4.549902152641879804e-01 9.997134040068760275e-01 2.865959928702795393e-04
4.569471624266145393e-01 9.997257672194843625e-01 2.742327802626601599e-04
4.589041095890410982e-01 9.997377038449579700e-01 2.622961547900511895e-04
4.608610567514678791e-01 9.997489488380807421e-01 2.510511616679711846e-04
4.628180039138944379e-01 9.997593411646161776e-01 2.406588351334848670e-04
4.647749510763211633e-01 9.997690346521797000e-01 2.309653475709293625e-04
4.667318982387477222e-01 9.997780076825854012e-01 2.219923171664289286e-04
4.686888454011742811e-01 9.997862386376470401e-01 2.137613621061070640e-04
4.706457925636010620e-01 9.997961314618306616e-01 2.038685379232976552e-04
4.726027397260276208e-01 9.998068298000628573e-01 1.931701996919919957e-04
4.745596868884541797e-01 9.998184934567957427e-01 1.815065429597307852e-04
4.765166340508807385e-01 9.998313709580366471e-01 1.686290417191831223e-04
4.784735812133072974e-01 9.998431918688709397e-01 1.568081308854345777e-04
4.804305283757340228e-01 9.998487339903401327e-01 1.512660094163875354e-04
4.823874755381605817e-01 9.998507338092638141e-01 1.492661904928010074e-04
4.843444227005871405e-01 9.998511538099337237e-01 1.488461898226703904e-04
4.863013698630138659e-01 9.998551756576317118e-01 1.448243421248635900e-04
4.882583170254404248e-01 9.998611140225250882e-01 1.388859772315725687e-04
4.902152641878672057e-01 9.998681753802425298e-01 1.318246195140142024e-04
4.921722113502937646e-01 9.998739809173103898e-01 1.260190824470046821e-04
4.941291585127203234e-01 9.998796038772473915e-01 1.203961225105540465e-04
4.960861056751468823e-01 9.998849368184508091e-01 1.150631813081867184e-04
4.980430528375736077e-01 9.998898146133525788e-01 1.101853864075273432e-04
5.000000000000002220e-01 9.998941130364660257e-01 1.058869632953162582e-04
