5.000000000000000000e-01 1.000000000000000000e+00 0.000000000000000000e+00
4.980430528375733301e-01 9.999999962233743211e-01 3.776625821921232859e-09
4.960861056751467713e-01 9.999999959239169733e-01 4.076082679893915531e-09
4.941291585127201569e-01 9.999999955883553948e-01 4.411643980655319184e-09
4.921722113502935980e-01 9.999999952509945889e-01 4.749004980763272116e-09
4.902152641878669281e-01 9.999999948320141829e-01 5.167985478667125191e-09
4.882583170254402583e-01 9.999999944043662659e-01 5.595633533859037698e-09
4.863013698630136994e-01 9.999999939767181267e-01 6.023281589050950204e-09
4.843444227005870295e-01 9.999999935490703207e-01 6.450929644242864364e-09
4.823874755381604706e-01 9.999999929083538408e-01 7.091645987799801866e-09
4.804305283757338563e-01 9.999999922170073052e-01 7.782992419681103521e-09
4.784735812133072974e-01 9.999999915256606586e-01 8.474338851562408483e-09
4.765166340508806275e-01 9.999999908343141231e-01 9.165685283443711792e-09
4.745596868884539576e-01 9.999999901429675875e-01 9.857031715325013446e-09
4.726027397260273988e-01 9.999999894516208299e-01 1.054837814720631675e-08
4.706457925636007844e-01 9.999999887602742943e-01 1.123972457908761841e-08
4.686888454011742255e-01 9.999999880689278697e-01 1.193107101096892337e-08
4.667318982387475557e-01 9.999999866637753199e-01 1.333622341280995010e-08
4.647749510763208858e-01 9.999999848136532643e-01 1.518634576995055545e-08
4.628180039138943269e-01 9.999999829635310977e-01 1.703646812709116411e-08
4.608610567514677125e-01 9.999999811134090422e-01 1.888659048423176946e-08
4.589041095890410982e-01 9.999999792632869866e-01 2.073671284137236819e-08
4.569471624266144838e-01 9.999999774131649311e-01 2.258683519851298016e-08
4.549902152641878139e-01 9.999999755630428755e-01 2.443695755565358551e-08
4.530332681017612551e-01 9.999999737129208199e-01 2.628707991279419417e-08
4.510763209393345852e-01 9.999999718627987644e-01 2.813720226993480283e-08
4.491193737769080263e-01 9.999999700126767088e-01 2.998732462707540487e-08
4.471624266144814119e-01 9.999999681625546533e-01 3.183744698421602015e-08
4.452054794520548531e-01 9.999999663124325977e-01 3.368756934135660896e-08
4.432485322896281832e-01 9.999999644623104311e-01 3.553769169849721762e-08
4.412915851272015133e-01 9.999999626121883756e-01 3.738781405563782628e-08
4.393346379647749544e-01 9.999999607620663200e-01 3.923793641277842832e-08
4.373776908023483401e-01 9.999999589119442645e-01 4.108805876991903037e-08
4.354207436399217812e-01 9.999999541360253819e-01 4.586397793250222005e-08
4.334637964774951113e-01 9.999999396747097924e-01 6.032529341655096101e-08
4.315068493150685525e-01 9.999999252133944250e-01 7.478660890059962918e-08
4.295499021526418826e-01 9.999999107520786135e-01 8.924792438464840322e-08
4.275929549902152127e-01 9.999998962907632460e-01 1.037092398686969920e-07
4.256360078277886538e-01 9.999998818294477676e-01 1.181705553527457396e-07
4.236790606653620395e-01 9.999998673681321781e-01 1.326318708367943813e-07
4.217221135029353696e-01 9.999998529068168107e-01 1.470931863208431024e-07
4.197651663405088107e-01 9.999998384455012213e-01 1.615545018048917441e-07
4.178082191780821408e-01 9.999998239841856318e-01 1.760158172889404122e-07
4.158512720156555820e-01 9.999998095228701533e-01 1.904771327729891069e-07
4.138943248532289676e-01 9.999997950615547859e-01 2.049384482570378280e-07
4.119373776908024087e-01 9.999997806002391965e-01 2.193997637410864961e-07
4.099804305283757389e-01 9.999997661389237180e-01 2.338610792251351643e-07
4.080234833659490690e-01 9.999997516776080175e-01 2.483223947091839383e-07
4.060665362035225101e-01 9.999997372162927611e-01 2.627837101932325006e-07
4.041095890410958957e-01 9.999997227549771717e-01 2.772450256772811688e-07
4.021526418786692814e-01 9.999997082936618042e-01 2.917063411613299428e-07
4.001956947162426670e-01 9.999996938323461038e-01 3.061676566453785581e-07
3.982387475538160526e-01 9.999996793710307363e-01 3.206289721294273321e-07
3.962818003913894382e-01 9.999996649097151469e-01 3.350902876134760003e-07
3.943248532289627684e-01 9.999996504483998905e-01 3.495516030975247214e-07
3.923679060665362095e-01 9.999996359870841900e-01 3.640129185815733366e-07
3.904109589041095951e-01 9.999996215257687115e-01 3.784742340656219518e-07
3.884540117416829808e-01 9.999996070644532331e-01 3.929355495496706729e-07
3.864970645792563664e-01 9.999995926031377547e-01 4.073968650337193411e-07
3.845401174168296965e-01 9.999995781418222762e-01 4.218581805177681152e-07
3.825831702544031376e-01 9.999995636805066868e-01 4.363194960018167304e-07
3.806262230919765233e-01 9.999995492191910973e-01 4.507808114858655044e-07
3.786692759295499089e-01 9.999995347578756189e-01 4.652421269699141197e-07
3.767123287671232945e-01 9.999995202965602514e-01 4.797034424539626819e-07
3.747553816046966246e-01 9.999995058352446620e-01 4.941647579380115089e-07
3.727984344422700658e-01 9.999994913739292945e-01 5.086260734220603359e-07
3.708414872798433959e-01 9.999994472773934273e-01 5.527226091228394477e-07
3.688845401174168370e-01 9.999993689470688674e-01 6.310529336946711237e-07
3.669275929549902227e-01 9.999992906167443074e-01 7.093832582665027997e-07
3.649706457925635528e-01 9.999992122864198585e-01 7.877135828383344757e-07
3.630136986301369939e-01 9.999991339560950765e-01 8.660439074101649871e-07
3.610567514677103240e-01 9.999990556257707386e-01 9.443742319819968748e-07
3.590998043052837096e-01 9.999989772954459566e-01 1.022704556553828445e-06
3.571428571428571508e-01 9.999988989651213966e-01 1.101034881125658956e-06
3.551859099804305364e-01 9.999988206347969477e-01 1.179365205697490950e-06
3.532289628180039220e-01 9.999987423044722767e-01 1.257695530269322520e-06
3.512720156555772522e-01 9.999986639741478278e-01 1.336025854841154090e-06
3.493150684931506933e-01 9.999985856438229348e-01 1.414356179412984390e-06
3.473581213307240789e-01 9.999985073134987079e-01 1.492686503984815960e-06
3.454011741682974646e-01 9.999984289831739259e-01 1.571016828556647954e-06
3.434442270058708502e-01 9.999983506528493660e-01 1.649347153128479524e-06
3.414872798434442358e-01 9.999982723225249170e-01 1.727677477700310247e-06
3.395303326810176214e-01 9.999981814585054973e-01 1.818541497042878616e-06
3.375733855185909515e-01 9.999979464569963561e-01 2.053543006248931392e-06
3.356164383561643927e-01 9.999977114554869928e-01 2.288544515454981204e-06
3.336594911937377783e-01 9.999974764539777405e-01 2.523546024661034403e-06
3.317025440313111639e-01 9.999972414524687103e-01 2.758547533867087603e-06
3.297455968688845496e-01 9.999970064509593470e-01 2.993549043073139956e-06
3.277886497064578797e-01 9.999967714494499837e-01 3.228550552279189768e-06
3.258317025440313208e-01 9.999965364479406205e-01 3.463552061485243815e-06
3.238747553816047065e-01 9.999963014464314792e-01 3.698553570691295744e-06
3.219178082191780921e-01 9.999960664449222270e-01 3.933555079897345979e-06
3.199608610567514777e-01 9.999958314434128637e-01 4.168556589103399179e-06
3.180039138943248078e-01 9.999955964419038335e-01 4.403558098309451532e-06
3.160469667318981934e-01 9.999953614403946922e-01 4.638559607515504731e-06
3.140900195694715791e-01 9.999951212842690396e-01 4.878715733116987724e-06
3.121330724070450202e-01 9.999946426494914498e-01 5.357350515990664226e-06
3.101761252446184058e-01 9.999941640147138600e-01 5.835985298864340728e-06
3.082191780821917915e-01 9.999936853799366032e-01 6.314620081738012147e-06
3.062622309197651771e-01 9.999932067451590134e-01 6.793254864611686955e-06
3.043052837573385072e-01 9.999927281103817567e-01 7.271889647485364304e-06
3.023483365949118928e-01 9.999922494756041669e-01 7.750524430359038264e-06
3.003913894324853340e-01 9.999917708408265771e-01 8.229159213232709684e-06
2.984344422700587196e-01 9.999912922060492093e-01 8.707793996106386186e-06
2.964774951076321052e-01 9.999908135712718416e-01 9.186428778980062687e-06
2.945205479452054909e-01 9.999903349364944738e-01 9.665063561853732413e-06
2.925636007827788210e-01 9.999898563017168840e-01 1.014369834472741061e-05
2.906066536203522066e-01 9.999893776669392942e-01 1.062233312760108711e-05
2.886497064579256477e-01 9.999888990321617044e-01 1.110096791047476192e-05
2.866927592954990334e-01 9.999879230349176806e-01 1.207696517081486372e-05
2.847358121330724190e-01 9.999869275603336938e-01 1.307243977130383489e-05
2.827788649706457491e-01 9.999859320857500400e-01 1.406791437179280606e-05
2.808219178082191902e-01 9.999849366111662752e-01 1.506338897228176707e-05
2.788649706457925759e-01 9.999839411365822883e-01 1.605886357277073824e-05
2.769080234833659615e-01 9.999829456619984125e-01 1.705433817325970942e-05
2.749510763209393471e-01 9.999819501874146477e-01 1.804981277374868059e-05
2.729941291585127328e-01 9.999809547128306608e-01 1.904528737423764160e-05
2.710371819960860629e-01 9.999799592382468960e-01 2.004076197472661955e-05
2.690802348336594485e-01 9.999789637636629092e-01 2.103623657521558733e-05
2.671232876712328896e-01 9.999779682890792554e-01 2.203171117570455851e-05
2.651663405088062753e-01 9.999769728144952685e-01 2.302718577619351613e-05
2.632093933463796609e-01 9.999759773399112817e-01 2.402266037668248391e-05
2.612524461839529910e-01 9.999702033657265066e-01 2.979663455438793439e-05
2.592954990215264321e-01 9.999639188500745179e-01 3.608115019668616571e-05
2.573385518590997623e-01 9.999576343344221963e-01 4.236566583898448513e-05
2.553816046966732034e-01 9.999518998270888748e-01 4.810017316434866790e-05
2.534246575342465890e-01 9.999477672094894132e-01 5.223279076021675768e-05
2.514677103718199747e-01 9.999436345918899516e-01 5.636540835608486102e-05
2.495107632093933048e-01 9.999395019742907120e-01 6.049802595195295080e-05
2.475538160469667182e-01 9.999346241644033739e-01 6.537583583213187673e-05
2.455968688845401038e-01 9.999297252826346849e-01 7.027471759323884347e-05
2.436399217221134617e-01 9.999248264008659959e-01 7.517359935434582375e-05
2.416829745596868750e-01 9.999189890568676020e-01 8.101094334698398210e-05
2.397260273972602884e-01 9.999127289186082734e-01 8.727108160088076824e-05
2.377690802348336740e-01 9.999064687803491669e-01 9.353121985477755437e-05
2.358121330724070319e-01 9.998996194819707029e-01 1.003805182280285892e-04
2.338551859099804175e-01 9.998913566364017180e-01 1.086433637923566820e-04
2.318982387475538032e-01 9.998823077566831863e-01 1.176922435065440276e-04
2.299412915851271610e-01 9.998724657548271333e-01 1.275342453588399914e-04
2.279843444227006022e-01 9.998617683190719196e-01 1.382316811112744214e-04
2.260273972602739878e-01 9.998502510763365159e-01 1.497489238446774113e-04
2.240704500978473457e-01 9.998379140266206999e-01 1.620859735590486628e-04
2.221135029354207313e-01 9.998247450977990614e-01 1.752549023791727541e-04
2.201565557729941169e-01 9.998107476520338155e-01 1.892523481425752033e-04
2.181996086105674748e-01 9.997959234293616326e-01 2.040765708132191768e-04
2.162426614481408604e-01 9.997801350546671184e-01 2.198649455068203609e-04
2.142857142857143016e-01 9.997633106688335047e-01 2.366893313408656029e-04
2.123287671232876872e-01 9.997455310650875671e-01 2.544689350880723934e-04
2.103718199608610451e-01 9.997263976328165658e-01 2.736023673607774999e-04
2.084148727984344307e-01 9.997043842401220903e-01 2.956157600554801907e-04
2.064579256360078441e-01 9.996797804795543030e-01 3.202195206227020181e-04
2.045009784735811742e-01 9.996522275328429963e-01 3.477724673321764735e-04
2.025440313111545876e-01 9.996236093268904277e-01 3.763906732833785865e-04
2.005870841487280010e-01 9.995931351312696833e-01 4.068648689022577071e-04
1.986301369863013588e-01 9.995608528484782873e-01 4.391471516914961445e-04
1.966731898238747445e-01 9.995264102602759992e-01 4.735897398920909090e-04
1.947162426614481578e-01 9.994896900892306091e-01 5.103099109359542952e-04
1.927592954990214880e-01 9.994507435879533830e-01 5.492564122122891787e-04
1.908023483365949013e-01 9.994089607381755336e-01 5.910392619896715112e-04
1.888454011741682870e-01 9.993632529628260208e-01 6.367470373384988367e-04
1.868884540117416448e-01 9.993137278232380183e-01 6.862721769261359919e-04
1.849315068493150582e-01 9.992599666880277454e-01 7.400333121361205198e-04
1.829745596868884716e-01 9.992010791275317549e-01 7.989208726319938468e-04
1.810176125244618017e-01 9.991368127203008598e-01 8.631872798629553617e-04
1.790606653620352151e-01 9.990666988299381490e-01 9.333011702259866142e-04
1.771037181996086007e-01 9.989908757907722814e-01 1.009124209391411243e-03
1.751467710371819586e-01 9.989090778818483507e-01 1.090922118313671606e-03
1.731898238747553442e-01 9.988211007288254617e-01 1.178899271334115945e-03
1.712328767123287854e-01 9.987268584813235872e-01 1.273141518832641332e-03
1.692759295499021710e-01 9.986263191133302186e-01 1.373680886823296175e-03
1.673189823874755289e-01 9.985194957168133101e-01 1.480504283338494919e-03
1.653620352250489145e-01 9.984055458105958181e-01 1.594454189554963229e-03
1.634050880626223001e-01 9.982808345903134706e-01 1.719165409835926627e-03
1.614481409001956580e-01 9.981450397526487883e-01 1.854960247499467651e-03
1.594911937377690436e-01 9.979963931217979978e-01 2.003606878349301502e-03
1.575342465753424848e-01 9.978375052625209074e-01 2.162494737625927400e-03
1.555772994129158426e-01 9.976663275397994468e-01 2.333672460347085281e-03
1.536203522504892283e-01 9.974823317252167199e-01 2.517668274930153112e-03
1.516634050880626139e-01 9.972839135491231577e-01 2.716086451023811115e-03
1.497064579256359718e-01 9.970705675962008296e-01 2.929432403946215062e-03
1.477495107632093574e-01 9.968413022707471871e-01 3.158697729399658968e-03
1.457925636007827708e-01 9.965933752720509409e-01 3.406624728094539978e-03
1.438356164383561564e-01 9.963255472071910201e-01 3.674452792951730246e-03
1.418786692759295420e-01 9.960358716538555424e-01 3.964128346283254598e-03
1.399217221135029277e-01 9.957222547892015108e-01 4.277745210934343241e-03
1.379647749510762855e-01 9.953823769017204892e-01 4.617623098413755831e-03
1.360078277886496712e-01 9.950142511907538179e-01 4.985748809380706470e-03
1.340508806262230845e-01 9.946190693603333965e-01 5.380930639800548393e-03
1.320939334637964147e-01 9.941947591937243534e-01 5.805240806409050353e-03
1.301369863013698558e-01 9.937397567632129114e-01 6.260243236919415047e-03
1.281800391389432414e-01 9.932489356041656059e-01 6.751064395966514982e-03
1.262230919765166548e-01 9.927208730013852289e-01 7.279126998746915378e-03
1.242661448140899988e-01 9.921517653531956027e-01 7.848234646936801812e-03
1.223091976516633844e-01 9.915370280340691789e-01 8.462971966063857071e-03
1.203522504892367839e-01 9.908724990537745025e-01 9.127500946359293210e-03
1.183953033268101279e-01 9.901546523455098114e-01 9.845347654624397177e-03
1.164383561643835691e-01 9.893787263610600569e-01 1.062127363907390890e-02
1.144814090019569547e-01 9.885410384517703264e-01 1.145896154836224465e-02
1.125244618395303126e-01 9.876434765753039358e-01 1.235652342482754587e-02
1.105675146771036982e-01 9.866830454711504883e-01 1.331695452897988657e-02
1.086105675146770977e-01 9.856506404311371483e-01 1.434935956899235920e-02
1.066536203522504417e-01 9.845330622909773677e-01 1.546693770915122737e-02
1.046966731898238412e-01 9.833263364133688622e-01 1.667366358675911875e-02
1.027397260273972823e-01 9.820236791514429520e-01 1.797632084868426572e-02
1.007827788649706263e-01 9.806235523813416899e-01 1.937644761878443145e-02
9.882583170254401195e-02 9.791262482570688430e-01 2.087375174305675443e-02
9.686888454011741145e-02 9.775163896860561419e-01 2.248361031406891780e-02
9.491193737769075545e-02 9.757819720967819688e-01 2.421802790334288968e-02
9.295499021526415495e-02 9.739131383700952993e-01 2.608686163002941691e-02
9.099804305283754058e-02 9.718969949904212591e-01 2.810300500970335999e-02
8.904109589041098172e-02 9.697279552656868917e-01 3.027204473443801530e-02
8.708414872798433959e-02 9.674030528919219662e-01 3.259694710820323915e-02
8.512720156555768358e-02 9.649302347098513977e-01 3.506976529027409223e-02
8.317025440313112472e-02 9.622697918887347379e-01 3.773020811138989156e-02
8.121330724070446871e-02 9.593982665840646851e-01 4.060173341605827213e-02
7.925636007827781271e-02 9.563147811298341461e-01 4.368521887028842948e-02
7.729941291585125385e-02 9.530288533162291076e-01 4.697114668389237163e-02
7.534246575342469499e-02 9.495164890508578370e-01 5.048351094926507160e-02
7.338551859099803898e-02 9.457186790021252509e-01 5.428132099799655441e-02
7.142857142857138297e-02 9.416671537477501186e-01 5.833284625236990345e-02
6.947162426614482411e-02 9.373452510943740545e-01 6.265474890574647404e-02
6.751467710371818198e-02 9.327203684640867909e-01 6.727963153603450097e-02
6.555772994129152598e-02 9.277625951102663748e-01 7.223740488985302965e-02
6.360078277886496712e-02 9.224774924297340917e-01 7.752250757038280093e-02
6.164383561643840131e-02 9.168685989821425686e-01 8.313140101797356074e-02
5.968688845401175225e-02 9.108682928701743453e-01 8.913170712994417100e-02
5.772994129158509624e-02 9.044845764328328652e-01 9.551542356728624783e-02
5.577299412915853738e-02 8.976967142944407563e-01 1.023032857056778433e-01
5.381604696673188831e-02 8.904818273473232848e-01 1.095181726527928584e-01
5.185909980430523231e-02 8.828258803481562333e-01 1.171741196519575506e-01
4.990215264187867344e-02 8.747111931449995659e-01 1.252888068551120393e-01
4.794520547945201744e-02 8.661175156590827928e-01 1.338824843410258980e-01
4.598825831702545858e-02 8.570316738450772798e-01 1.429683261550276085e-01
4.403131115459880951e-02 8.474380513303929607e-01 1.525619486697096794e-01
4.207436399217215350e-02 8.373224610004366131e-01 1.626775389996678034e-01
4.011741682974559464e-02 8.266730435944551481e-01 1.733269564056490464e-01
3.816046966731893864e-02 8.154802973931427612e-01 1.845197026069610169e-01
3.620352250489228957e-02 8.037362509540175726e-01 1.962637490460868994e-01
3.424657534246573071e-02 7.914360392427169932e-01 2.085639607573898380e-01
3.228962818003916491e-02 7.785790842243036636e-01 2.214209157758032787e-01
3.033268101761251584e-02 7.651656074229549187e-01 2.348343925771496088e-01
2.837573385518586330e-02 7.511976376370288477e-01 2.488023623630720160e-01
2.641878669275930097e-02 7.366812862333071976e-01 2.633187137667891697e-01
2.446183953033264843e-02 7.216302993436931601e-01 2.783697006563989884e-01
2.250489236790599937e-02 7.060649948033299594e-01 2.939350051967591360e-01
2.054794520547943704e-02 6.900116143063577123e-01 3.099883856937274418e-01
1.859099804305287471e-02 6.734836755929345387e-01 3.265163244071482840e-01
1.663405088062622564e-02 6.565078244246531636e-01 3.434921755754301032e-01
1.467710371819957137e-02 6.391191044876436411e-01 3.608808955124417350e-01
1.272015655577301077e-02 6.213623698282699781e-01 3.786376301718145099e-01
1.076320939334645017e-02 6.032779613923600071e-01 3.967220386077214278e-01
8.806262230919707432e-03 5.849061115399132316e-01 4.150938884601685364e-01
6.849315068493145968e-03 5.662900653785613025e-01 4.337099346215234075e-01
4.892367906066493431e-03 5.474807507939236650e-01 4.525192492061630434e-01
2.935420743639932401e-03 5.285384044291248085e-01 4.714615955709631212e-01
9.784735812132805150e-04 5.095245551988155652e-01 4.904754448012680346e-01
-9.784735812133715880e-04 4.904872924870095074e-01 5.095127075130672090e-01
-2.935420743639932401e-03 4.714603812636135038e-01 5.285396187364601595e-01
-4.892367906066584504e-03 4.525155675165511981e-01 5.474844324835317355e-01
-6.849315068493145968e-03 4.337156831724172656e-01 5.662843168276687766e-01
-8.806262230919797637e-03 4.151028978027844207e-01 5.848971021972957374e-01
-1.076320939334635823e-02 3.967281610658606739e-01 6.032718389342144327e-01
-1.272015655577310271e-02 3.786403398602877779e-01 6.213596601397843866e-01
-1.467710371819966331e-02 3.608841464381672415e-01 6.391158535618997050e-01
-1.663405088062622564e-02 3.435002449956592319e-01 6.564997550044111563e-01
-1.859099804305287471e-02 3.265260012484610952e-01 6.734739987516173976e-01
-2.054794520547943704e-02 3.099948560256133856e-01 6.900051439744686599e-01
-2.250489236790608957e-02 2.939343640683653724e-01 7.060656359317110109e-01
-2.446183953033264843e-02 2.783698084029498920e-01 7.216301915971177205e-01
-2.641878669275939465e-02 2.633232696786111937e-01 7.366767303214507567e-01
-2.837573385518595351e-02 2.488083157968831727e-01 7.511916842031678421e-01
-3.033268101761251584e-02 2.348368655096477742e-01 7.651631344903977450e-01
-3.228962818003916491e-02 2.214271449640969058e-01 7.785728550359508615e-01
-3.424657534246573071e-02 2.085675801069278024e-01 7.914324198931381726e-01
-3.620352250489237977e-02 1.962643362356338295e-01 8.037356637644418322e-01
-3.816046966731893864e-02 1.845229745314285463e-01 8.154770254686632969e-01
-4.011741682974568485e-02 1.733305984607966810e-01 8.266694015393001305e-01
-4.207436399217224371e-02 1.626816312897533257e-01 8.373183687103364914e-01
-4.403131115459880951e-02 1.525646622993142854e-01 8.474353377007662891e-01
-4.598825831702545858e-02 1.429737020266478309e-01 8.570262979734281084e-01
-4.794520547945201744e-02 1.338871250553005932e-01 8.661128749447729591e-01
-4.990215264187876365e-02 1.252938322721847964e-01 8.747061677278922254e-01
-5.185909980430532251e-02 1.171768904566190955e-01 8.828231095434593279e-01
-5.381604696673197852e-02 1.095187263867576088e-01 8.904812736133123074e-01
-5.577299412915853738e-02 1.023076531937169437e-01 8.976923468063470191e-01
-5.772994129158509624e-02 9.551697490801761004e-02 9.044830250920443682e-01
-5.968688845401175225e-02 8.913420162193402829e-02 9.108657983781275336e-01
-6.164383561643831111e-02 8.313645177899325889e-02 9.168635482210785170e-01
-6.360078277886505038e-02 7.751091114372074542e-02 9.224890888563543889e-01
-6.555772994129160924e-02 7.223169034579338121e-02 9.277683096542805874e-01
-6.751467710371826525e-02 6.729340969307259779e-02 9.327065903070006492e-01
-6.947162426614482411e-02 6.265183355436516888e-02 9.373481664456935203e-01
-7.142857142857138297e-02 5.833542325726819022e-02 9.416645767428035718e-01
-7.338551859099803898e-02 5.428438001394614298e-02 9.457156199861498358e-01
-7.534246575342459784e-02 5.050128374876125537e-02 9.494987162513432999e-01
-7.729941291585135099e-02 4.697336008786466566e-02 9.530266399122454546e-01
-7.925636007827790985e-02 4.367443794629791154e-02 9.563255620538073654e-01
-8.121330724070456586e-02 4.060059434200678774e-02 9.593994056580952279e-01
-8.317025440313112472e-02 3.773557612455345767e-02 9.622644238755533319e-01
-8.512720156555768358e-02 3.506216486525530474e-02 9.649378351348418814e-01
-8.708414872798433959e-02 3.257353422535126664e-02 9.674264657747621010e-01
-8.904109589041098172e-02 3.025571843704810346e-02 9.697442815630616941e-01
-9.099804305283763772e-02 2.809826007703090586e-02 9.719017399230914789e-01
-9.295499021526419658e-02 2.609058044161074313e-02 9.739094195585085156e-01
-9.491193737769085259e-02 2.422243028175779384e-02 9.757775697183567187e-01
-9.686888454011741145e-02 2.248591959999883191e-02 9.775140804001241079e-01
-9.882583170254397031e-02 2.086992189090330213e-02 9.791300781092282524e-01
-1.007827788649707096e-01 1.936548044794118156e-02 9.806345195521772862e-01
-1.027397260273972823e-01 1.797277899311577193e-02 9.820272210069804775e-01
-1.046966731898239245e-01 1.667526232666345642e-02 9.833247376734300937e-01
-1.066536203522504833e-01 1.547132823012289243e-02 9.845286717699912593e-01
-1.086105675146771393e-01 1.435329711215465980e-02 9.856467028879827286e-01
-1.105675146771036982e-01 1.331159460203626237e-02 9.866884053980879976e-01
-1.125244618395302570e-01 1.235256996278150110e-02 9.876474300373241366e-01
-1.144814090019570102e-01 1.144785908222999311e-02 9.885521409178837926e-01
-1.164383561643835691e-01 1.061571672682458042e-02 9.893842832733095172e-01
-1.183953033268102251e-01 9.852104305518303781e-03 9.901478956946250243e-01
-1.203522504892367839e-01 9.132946377178763342e-03 9.908670536229625680e-01
-1.223091976516634399e-01 8.467438540123021704e-03 9.915325614600112303e-01
-1.242661448140899988e-01 7.851414412381355762e-03 9.921485855877436588e-01
-1.262230919765167381e-01 7.281782819836770185e-03 9.927182171802959587e-01
-1.281800391389432969e-01 6.749871702762122103e-03 9.932501282973559276e-01
-1.301369863013698558e-01 6.258529536027989011e-03 9.937414704640901153e-01
-1.320939334637964979e-01 5.802717109811357694e-03 9.941972828903222759e-01
-1.340508806262230845e-01 5.377679222827444656e-03 9.946223207773075004e-01
-1.360078277886497267e-01 4.985182413882165847e-03 9.950148175862327804e-01
-1.379647749510763688e-01 4.621026155155933540e-03 9.953789738449432267e-01
-1.399217221135030387e-01 4.283652220475910738e-03 9.957163477796354689e-01
-1.418786692759295975e-01 3.970629425643918374e-03 9.960293705744647230e-01
-1.438356164383561564e-01 3.680210388340711750e-03 9.963197896117538255e-01
-1.457925636007827985e-01 3.410421946852694192e-03 9.965895780532390003e-01
-1.477495107632093574e-01 3.159865846879244666e-03 9.968401341532286963e-01
-1.497064579256361105e-01 2.929061224506569749e-03 9.970709387756211406e-01
-1.516634050880626694e-01 2.716239722484204474e-03 9.972837602776646326e-01
-1.536203522504893115e-01 2.517222902505852119e-03 9.974827770976492092e-01
-1.555772994129158704e-01 2.332361849031943952e-03 9.976676381511228042e-01
-1.575342465753424293e-01 2.163050768307181460e-03 9.978369492318577283e-01
-1.594911937377690991e-01 2.005020094103771369e-03 9.979949799060663373e-01
-1.614481409001956580e-01 1.854735593687883294e-03 9.981452644064708890e-01
-1.634050880626224111e-01 1.720562643901767542e-03 9.982794373562530188e-01
-1.653620352250489700e-01 1.602938705107123229e-03 9.983970612950536783e-01
-1.673189823874756121e-01 1.484114761823599350e-03 9.985158852383295702e-01
-1.692759295499021710e-01 1.368585903294017130e-03 9.986314140968490793e-01
-1.712328767123287299e-01 1.268983184465886579e-03 9.987310168156903201e-01
-1.731898238747553720e-01 1.176608536564806035e-03 9.988233914635912258e-01
-1.751467710371820419e-01 1.090882938694185582e-03 9.989091170614545767e-01
-1.771037181996086840e-01 1.010371065448653800e-03 9.989896289347035552e-01
-1.790606653620352429e-01 9.379326563361133247e-04 9.990620673438210808e-01
-1.810176125244619127e-01 8.683310606231384177e-04 9.991316689395410844e-01
-1.829745596868884716e-01 7.943095239138029534e-04 9.992056904762557368e-01
-1.849315068493150305e-01 7.445844416613175022e-04 9.992554155584862929e-01
-1.868884540117417559e-01 6.911775282277190114e-04 9.993088224719348656e-01
-1.888454011741683425e-01 6.392717753776764114e-04 9.993607282248084811e-01
-1.908023483365949846e-01 5.926718605198928822e-04 9.994073281396647079e-01
-1.927592954990215435e-01 5.499457165594216421e-04 9.994500542836328716e-01
-1.947162426614481856e-01 5.090849684662799701e-04 9.994909150317068391e-01
-1.966731898238747445e-01 4.716998086133057742e-04 9.995283001915864496e-01
-1.986301369863013033e-01 4.371764335010007788e-04 9.995628235666920158e-01
-2.005870841487280565e-01 4.051082233414017401e-04 9.995948917768253672e-01
-2.025440313111546153e-01 3.753947289564360437e-04 9.996246052711748042e-01
-2.045009784735812852e-01 3.478248374690854489e-04 9.996521751626572527e-01
-2.064579256360078441e-01 3.224412266757746386e-04 9.996775587734667567e-01
-2.084148727984344862e-01 2.992191051992283257e-04 9.997007808949405216e-01
-2.103718199608610451e-01 2.775945557710950921e-04 9.997224054443640817e-01
-2.123287671232876872e-01 2.567218055514297170e-04 9.997432781945965186e-01
-2.142857142857143571e-01 2.375820960479929807e-04 9.997624179041155745e-01
-2.162426614481409159e-01 2.203774035696875501e-04 9.997796225966110173e-01
-2.181996086105675581e-01 2.040338763261563375e-04 9.997959661238575713e-01
-2.201565557729941169e-01 1.888669827126740301e-04 9.998111330174657141e-01
-2.221135029354207868e-01 1.751871403692017645e-04 9.998248128598026252e-01
-2.240704500978474289e-01 1.626353570945045235e-04 9.998373646430737116e-01
-2.260273972602739878e-01 1.506386839127448266e-04 9.998493613162677818e-01
-2.279843444227006299e-01 1.395851026061867978e-04 9.998604148975771544e-01
-2.299412915851272166e-01 1.296677319116668840e-04 9.998703322682475081e-01
-2.318982387475538587e-01 1.197836916351211790e-04 9.998802163085234174e-01
-2.338551859099804175e-01 1.103027165110050979e-04 9.998896972836682773e-01
-2.358121330724071707e-01 1.037623840083176305e-04 9.998962376161870669e-01
-2.377690802348337296e-01 9.794332670545052855e-05 9.999020566735004056e-01
-2.397260273972602884e-01 8.891963019832171619e-05 9.999110803700013150e-01
-2.416829745596869305e-01 8.141254955676500288e-05 9.999185874506408833e-01
-2.436399217221134894e-01 7.555369005589449190e-05 9.999244463101446545e-01
-2.455968688845401593e-01 6.984576965600930096e-05 9.999301542305492063e-01
-2.475538160469667182e-01 6.468351794841490157e-05 9.999353164822594175e-01
-2.495107632093934436e-01 6.029730160216442182e-05 9.999397026985973325e-01
-2.514677103718200302e-01 5.588932702475552135e-05 9.999441106731673523e-01
-2.534246575342465890e-01 5.104797437617937875e-05 9.999489520258142417e-01
-2.553816046966732034e-01 4.683438718587813222e-05 9.999531656130000723e-01
-2.573385518590997623e-01 4.353521187508619696e-05 9.999564647883015800e-01
-2.592954990215264321e-01 4.018728814150600293e-05 9.999598127120284952e-01
-2.612524461839531020e-01 3.731268571834133255e-05 9.999626873144487060e-01
-2.632093933463797164e-01 3.614728208838676599e-05 9.999638527180827463e-01
-2.651663405088063308e-01 3.459485244425102544e-05 9.999654051477355754e-01
-2.671232876712328896e-01 3.042617715480261040e-05 9.999695738230349740e-01
-2.690802348336595040e-01 2.794155666871077012e-05 9.999720584435181081e-01
-2.710371819960860629e-01 2.697224704277284731e-05 9.999730277531293510e-01
-2.729941291585128438e-01 2.476387281127433865e-05 9.999752361273646084e-01
-2.749510763209394026e-01 2.267625896611299638e-05 9.999773237412152849e-01
-2.769080234833660170e-01 2.126719861820494314e-05 9.999787328015619092e-01
-2.788649706457925759e-01 1.940484857894386739e-05 9.999805951516005376e-01
-2.808219178082191347e-01 1.703105740783611433e-05 9.999829689427723878e-01
-2.827788649706458046e-01 1.694751727623943285e-05 9.999830524829120826e-01
-2.847358121330723635e-01 1.673653776783769025e-05 9.999832634624339356e-01
-2.866927592954990889e-01 1.115132866763611855e-05 9.999888486715517999e-01
-2.886497064579256477e-01 7.642941573701364510e-06 9.999923570586544130e-01
-2.906066536203523176e-01 1.112750919255822528e-05 9.999888724910246385e-01
-2.925636007827788765e-01 1.191432687694480436e-05 9.999880856733377454e-01
-2.945205479452054353e-01 1.049686385807754863e-05 9.999895031363578157e-01
-2.964774951076321052e-01 9.947538361255916367e-06 9.999900524618388076e-01
-2.984344422700587751e-01 9.197357679390080407e-06 9.999908026425050611e-01
-3.003913894324853895e-01 8.188626412895414972e-06 9.999918113737618075e-01
-3.023483365949119483e-01 7.807005983731605397e-06 9.999921929941877341e-01
-3.043052837573386182e-01 7.281944611364212991e-06 9.999927180555570061e-01
-3.062622309197651771e-01 6.188362211609517438e-06 9.999938116379496478e-01
-3.082191780821917360e-01 6.321787240974119718e-06 9.999936782129363877e-01
-3.101761252446184614e-01 6.102904378943495647e-06 9.999938970958166529e-01
-3.121330724070450202e-01 3.692174423600581151e-06 9.999963078257707583e-01
-3.140900195694716901e-01 5.685806712809899494e-06 9.999943141934735102e-01
-3.160469667318982490e-01 7.026767749567950846e-06 9.999929732324402964e-01
-3.180039138943249188e-01 -4.429651004843044963e-06 1.000004429651259574e+00
-3.199608610567514777e-01 -3.035027465674564918e-06 1.000003035027754450e+00
-3.219178082191780366e-01 4.744329736480301478e-06 9.999952556705582474e-01
-3.238747553816047620e-01 3.358217365062002475e-06 9.999966417828946019e-01
-3.258317025440313208e-01 2.973196230760997115e-06 9.999970268039197752e-01
-3.277886497064578797e-01 2.936719968066000587e-06 9.999970632802021031e-01
-3.297455968688846606e-01 2.900123636569965253e-06 9.999970998765342900e-01
-3.317025440313112195e-01 2.816848866783500278e-06 9.999971831513027043e-01
-3.336594911937377783e-01 2.274990755438111543e-06 9.999977250094089776e-01
-3.356164383561643372e-01 1.578872126422855085e-06 9.999984211280292801e-01
-3.375733855185910626e-01 2.399478205507136509e-06 9.999976005219268771e-01
-3.395303326810176214e-01 4.096755151101138213e-06 9.999959032449475815e-01
-3.414872798434443468e-01 6.581388457202463904e-07 9.999993418612754814e-01
-3.434442270058709057e-01 -5.940848220556578518e-06 1.000005940848398556e+00
-3.454011741682974646e-01 -6.096334713388438728e-06 1.000006096334926875e+00
-3.473581213307240789e-01 -8.231351804123846969e-07 1.000000823135413608e+00
-3.493150684931506378e-01 2.062109137727116508e-06 9.999979378911063588e-01
-3.512720156555773632e-01 1.288790553455061022e-06 9.999987112096923036e-01
-3.532289628180039220e-01 1.216310312233113457e-06 9.999987836899493221e-01
-3.551859099804306474e-01 1.363315339840387962e-06 9.999986366849447084e-01
-3.571428571428572063e-01 1.076812728851368924e-06 9.999989231875567874e-01
-3.590998043052837652e-01 7.086085409243377681e-07 9.999992913917424842e-01
-3.610567514677103240e-01 8.855801319069796576e-07 9.999991144201763049e-01
-3.630136986301368829e-01 9.591539848946345134e-07 9.999990408463346192e-01
-3.649706457925636638e-01 3.741455210047855279e-07 9.999996258547569905e-01
-3.669275929549902227e-01 4.016010664276668807e-07 9.999995983991842863e-01
-3.688845401174169480e-01 1.493470345328203747e-06 9.999985065299147324e-01
-3.708414872798435069e-01 5.112934799060900315e-07 9.999994887067515936e-01
-3.727984344422700658e-01 -1.995625812026952627e-06 1.000001995625988238e+00
-3.747553816046966246e-01 1.910358731034502051e-06 9.999980896415212595e-01
-3.767123287671231835e-01 7.307278925088337915e-06 9.999926927214477512e-01
-3.786692759295499644e-01 3.288164559881183620e-06 9.999967118358082940e-01
-3.806262230919765233e-01 -3.629810420159151202e-07 1.000000362981387836e+00
-3.825831702544032487e-01 3.182893201908714581e-07 9.999996817110119451e-01
-3.845401174168298075e-01 6.643246873601609676e-08 9.999999335677675072e-01
-3.864970645792563664e-01 6.892926594781467742e-08 9.999999310709133393e-01
-3.884540117416829252e-01 4.383141877295016267e-07 9.999995616860142267e-01
-3.904109589041096506e-01 4.963428791497723896e-07 9.999995036573209317e-01
-3.923679060665362095e-01 3.897702182906756865e-07 9.999996102299756329e-01
-3.943248532289627684e-01 2.204991744484069774e-07 9.999997795010062696e-01
-3.962818003913895493e-01 2.436093173050846508e-07 9.999997563908362697e-01
-3.982387475538161081e-01 3.037705242573546238e-07 9.999996962295927272e-01
-4.001956947162426670e-01 3.383902001363172860e-07 9.999996616098819624e-01
-4.021526418786692259e-01 2.419689032111347476e-07 9.999997580311665857e-01
-4.041095890410959512e-01 8.436795741575183610e-08 9.999999156321086602e-01
-4.060665362035225101e-01 -1.787868436414416506e-09 1.000000001787936910e+00
-4.080234833659490690e-01 1.329278608517550295e-07 9.999998670722138883e-01
-4.099804305283758499e-01 3.777351099317751912e-07 9.999996222649767397e-01
-4.119373776908024087e-01 6.253785455177145527e-07 9.999993746215654067e-01
-4.138943248532289676e-01 7.361134810250202082e-07 9.999992638866761485e-01
-4.158512720156556930e-01 7.119136117494321431e-07 9.999992880866130918e-01
-4.178082191780822519e-01 6.575232731079400442e-07 9.999993424770141637e-01
-4.197651663405088107e-01 6.679911267413194201e-07 9.999993320091925542e-01
-4.217221135029353696e-01 6.943767021809271398e-07 9.999993056236211597e-01
-4.236790606653620950e-01 5.638181084154049102e-07 9.999994361822160949e-01
-4.256360078277886538e-01 1.685730968461725612e-07 9.999998314272384725e-01
-4.275929549902154347e-01 -4.923611726971588443e-07 1.000000492361521776e+00
-4.295499021526419936e-01 -8.656766564978275735e-07 1.000000865677008743e+00
-4.315068493150685525e-01 -7.507742104899796723e-07 1.000000750774551861e+00
-4.334637964774951113e-01 -1.288783902015679106e-07 1.000000128878707928e+00
-4.354207436399216702e-01 1.414305935744115256e-07 9.999998585696785458e-01
-4.373776908023483956e-01 -2.527167683712833179e-08 1.000000025271876813e+00
-4.393346379647749544e-01 -6.407492884655772991e-07 1.000000640749387104e+00
-4.412915851272017354e-01 -7.549456775296113295e-07 1.000000754945729264e+00
-4.432485322896282942e-01 -6.500280011114550893e-07 1.000000650028033622e+00
-4.452054794520548531e-01 -4.145750539226791820e-07 1.000000414575087371e+00
-4.471624266144814119e-01 -3.943003682609948213e-07 1.000000394300387452e+00
-4.491193737769079708e-01 -4.358993489837585666e-07 1.000000435899354168e+00
-4.510763209393346962e-01 -5.173405615626833209e-07 1.000000517340555728e+00
-4.530332681017612551e-01 -2.146372627769531360e-07 1.000000214637297269e+00
-4.549902152641879804e-01 2.598431426930995769e-07 9.999997401569595823e-01
-4.569471624266145393e-01 7.668800578518146505e-07 9.999992331201179585e-01
-4.589041095890410982e-01 -1.057848228896464404e-07 1.000000105784866200e+00
-4.608610567514677125e-01 -1.621037092729648264e-06 1.000001621036907373e+00
-4.628180039138942714e-01 -3.341331681159230051e-06 1.000003341331219708e+00
-4.647749510763209968e-01 -2.880442578117410266e-06 1.000002880442054431e+00
-4.667318982387475557e-01 -1.544449722032533411e-06 1.000001544449206525e+00
-4.686888454011742811e-01 8.523590962249485981e-08 9.999999147636398078e-01
-4.706457925636008399e-01 2.813558126800799752e-08 9.999999718640435464e-01
-4.726027397260273988e-01 -5.687189799458364572e-07 1.000000568718717231e+00
-4.745596868884539576e-01 -1.140596178423529221e-06 1.000001140596165294e+00
-4.765166340508805165e-01 -4.124105678491229651e-07 1.000000412411166995e+00
-4.784735812133070754e-01 8.240252379032022775e-07 9.999991759761961418e-01
-4.804305283757340228e-01 1.557581548052239598e-06 9.999984424205281552e-01
-4.823874755381605817e-01 2.492077147420168615e-07 9.999997507941801311e-01
-4.843444227005871405e-01 -2.055370396238033644e-06 1.000002055371715493e+00
-4.863013698630136994e-01 -2.745507662674879709e-06 1.000002745508217217e+00
-4.882583170254402583e-01 8.155546060881983111e-07 9.999991844452038592e-01
-4.902152641878670392e-01 6.600994331194148280e-06 9.999933990045937193e-01
-4.921722113502935980e-01 9.369627234329753682e-06 9.999906303711031397e-01
-4.941291585127201569e-01 5.805425250117999571e-06 9.999941945730752568e-01
-4.960861056751467157e-01 -2.145804744000008590e-07 1.000000214579043645e+00
-4.980430528375734411e-01 -9.364811650364093104e-07 1.000000936479639169e+00
-5.000000000000000000e-01 3.649156576955928100e-09 9.999999963491623678e-01
-5.000000000000000000e-01 3.649156576955928100e-09 9.999999963491623678e-01
-4.980430528375733301e-01 3.931766309988975194e-09 9.999999960666552390e-01
-4.960861056751467713e-01 4.236537975359049024e-09 9.999999957619849500e-01
-4.941291585127201569e-01 4.565812299420213272e-09 9.999999954328027130e-01
-4.921722113502935980e-01 4.919761795868504706e-09 9.999999950789382197e-01
-4.902152641878669281e-01 5.305007457520431735e-09 9.999999946937653261e-01
-4.882583170254402583e-01 5.720346261234819651e-09 9.999999942784885132e-01
-4.863013698630136994e-01 6.165309734094959193e-09 9.999999938335755179e-01
-4.843444227005870295e-01 6.639897875992430143e-09 9.999999933590271173e-01
-4.823874755381604706e-01 7.159178365911088304e-09 9.999999928397922400e-01
-4.804305283757338563e-01 7.718539125987217142e-09 9.999999922804777563e-01
-4.784735812133072974e-01 8.315129823078561133e-09 9.999999916839308334e-01
-4.765166340508806275e-01 8.948950457510380929e-09 9.999999910501513600e-01
-4.745596868884539576e-01 9.642435981832911396e-09 9.999999903566996196e-01
-4.726027397260273988e-01 1.039344603871034112e-08 9.999999896057170101e-01
-4.706457925636007844e-01 1.119479325602593112e-08 9.999999888043917817e-01
-4.686888454011742255e-01 1.204647763388810161e-08 9.999999879527241564e-01
-4.667318982387475557e-01 1.297553005590468961e-08 9.999999870236930821e-01
-4.647749510763208858e-01 1.398681933576124969e-08 9.999999860124323403e-01
-4.628180039138943269e-01 1.506707111755944267e-08 9.999999849322104284e-01
-4.608610567514677125e-01 1.621628540162452919e-08 9.999999837830277905e-01
-4.589041095890410982e-01 1.746280242414730011e-08 9.999999825365408768e-01
-4.569471624266144838e-01 1.883395735885733807e-08 9.999999811654119997e-01
-4.549902152641878139e-01 2.031974098844983173e-08 9.999999796796508189e-01
-4.530332681017612551e-01 2.192828475755265877e-08 9.999999780711252839e-01
-4.510763209393345852e-01 2.366772011046843621e-08 9.999999763317030110e-01
-4.491193737769080263e-01 2.554617849193346196e-08 9.999999744532518386e-01
-4.471624266144814119e-01 2.757179134657561370e-08 9.999999724276393831e-01
-4.452054794520548531e-01 2.975269011891434889e-08 9.999999702467329277e-01
-4.432485322896281832e-01 3.210497167757935671e-08 9.999999678944417880e-01
-4.412915851272015133e-01 3.465176302299387279e-08 9.999999653476496775e-01
-4.393346379647749544e-01 3.738928892025889655e-08 9.999999626101219175e-01
-4.373776908023483401e-01 4.032703639306276650e-08 9.999999596723714301e-01
-4.354207436399217812e-01 4.347449246639486370e-08 9.999999565249110267e-01
-4.334637964774951113e-01 4.684114416394352665e-08 9.999999531582545176e-01
-4.315068493150685525e-01 5.043647851004761512e-08 9.999999495629146029e-01
-4.295499021526418826e-01 5.426998252915440912e-08 9.999999457294045380e-01
-4.275929549902152127e-01 5.836458750649829719e-08 9.999999416347942205e-01
-4.256360078277886538e-01 6.282284535478761117e-08 9.999999371765351253e-01
-4.236790606653620395e-01 6.758794885547945996e-08 9.999999324114321464e-01
-4.217221135029353696e-01 7.267369623621677821e-08 9.999999273256876542e-01
-4.197651663405088107e-01 7.809388572518460164e-08 9.999999219055035748e-01
-4.178082191780821408e-01 8.386231555035112556e-08 9.999999161370821676e-01
-4.158512720156555820e-01 8.999278393881718352e-08 9.999999100066256918e-01
-4.138943248532289676e-01 9.649908911887623147e-08 9.999999035003364067e-01
-4.119373776908024087e-01 1.033950293181712041e-07 9.999998966044159054e-01
-4.099804305283757389e-01 1.109625417332728639e-07 9.999998890369143911e-01
-4.080234833659490690e-01 1.190589873087746775e-07 9.999998809404789801e-01
-4.060665362035225101e-01 1.276955818092133724e-07 9.999998723038947546e-01
-4.041095890410958957e-01 1.368968889739778302e-07 9.999998631025976970e-01
-4.021526418786692814e-01 1.466874725414811509e-07 9.999998533120236788e-01
-4.001956947162426670e-01 1.570918962514374767e-07 9.999998429076086826e-01
-3.982387475538160526e-01 1.681347238429104288e-07 9.999998318647891349e-01
-3.962818003913894382e-01 1.798405190546383675e-07 9.999998201590013513e-01
-3.943248532289627684e-01 1.926380000714890059e-07 9.999998073615328220e-01
-3.923679060665362095e-01 2.064472296391638151e-07 9.999997935523192716e-01
-3.904109589041095951e-01 2.212023368128963538e-07 9.999997787972297880e-01
-3.884540117416829808e-01 2.369489250311383396e-07 9.999997630506614055e-01
-3.864970645792563664e-01 2.537325977321246498e-07 9.999997462670107140e-01
-3.845401174168296965e-01 2.715989583541985816e-07 9.999997284006743037e-01
-3.825831702544031376e-01 2.905936103352697517e-07 9.999997094060495417e-01
-3.806262230919765233e-01 3.107621571138982977e-07 9.999996892375324631e-01
-3.786692759295499089e-01 3.343952878053640942e-07 9.999996656044292109e-01
-3.767123287671232945e-01 3.624770016250012869e-07 9.999996375227386824e-01
-3.747553816046966246e-01 3.939857132606973747e-07 9.999996060140483589e-01
-3.727984344422700658e-01 4.293373895683559940e-07 9.999995706623914238e-01
-3.708414872798433959e-01 4.689738102983459153e-07 9.999995310259865988e-01
-3.688845401174168370e-01 5.133625680958263035e-07 9.999994866372408087e-01
-3.669275929549902227e-01 5.629970685012888193e-07 9.999994370027476265e-01
-3.649706457925635528e-01 6.183965299504491989e-07 9.999993816032878291e-01
-3.630136986301369939e-01 6.801059837731630517e-07 9.999993198938288419e-01
-3.610567514677103240e-01 7.486962741953774245e-07 9.999992513035259600e-01
-3.590998043052837096e-01 8.247640583371792372e-07 9.999991752357201280e-01
-3.571428571428571508e-01 9.089318062138794854e-07 9.999990910679403822e-01
-3.551859099804305364e-01 9.965368808297937753e-07 9.999990034628478686e-01
-3.532289628180039220e-01 1.089463336136726676e-06 9.999989105363821240e-01
-3.512720156555772522e-01 1.189688049135100879e-06 9.999988103116572713e-01
-3.493150684931506933e-01 1.297538148775146706e-06 9.999987024615463183e-01
-3.473581213307240789e-01 1.413343465746859547e-06 9.999985866562184356e-01
-3.454011741682974646e-01 1.537436532480108281e-06 9.999984625631417323e-01
-3.434442270058708502e-01 1.670152583144743699e-06 9.999983298470829229e-01
-3.414872798434442358e-01 1.811829553649839560e-06 9.999981881701066611e-01
-3.395303326810176214e-01 1.962808081644668370e-06 9.999980371915762056e-01
-3.375733855185909515e-01 2.123431506518050869e-06 9.999978765681520887e-01
-3.356164383561643927e-01 2.294045869398572864e-06 9.999977059537954460e-01
-3.336594911937377783e-01 2.474999913154910490e-06 9.999975249997630211e-01
-3.317025440313111639e-01 2.667457109479642180e-06 9.999973325425659532e-01
-3.297455968688845496e-01 2.871316044035987156e-06 9.999971286836301099e-01
-3.277886497064578797e-01 3.086896528951572211e-06 9.999969131031445357e-01
-3.258317025440313208e-01 3.314598693970188803e-06 9.999966854009805228e-01
-3.238747553816047065e-01 3.554827480123931918e-06 9.999964451721966574e-01
-3.219178082191780921e-01 3.807992639735476893e-06 9.999961920070408183e-01
-3.199608610567514777e-01 4.074508736416561534e-06 9.999959254909498441e-01
-3.180039138943248078e-01 4.354795145068202956e-06 9.999956452045482003e-01
-3.160469667318981934e-01 4.649276051881456526e-06 9.999953507236507555e-01
-3.140900195694715791e-01 4.958380454336006396e-06 9.999950416192595615e-01
-3.121330724070450202e-01 5.282542161202117073e-06 9.999947174575660735e-01
-3.101761252446184058e-01 5.623404476482970517e-06 9.999943765952665764e-01
-3.082191780821917915e-01 5.998318379189337794e-06 9.999940016813770871e-01
-3.062622309197651771e-01 6.395440930131459333e-06 9.999936045588406763e-01
-3.043052837573385072e-01 6.815985114381854781e-06 9.999931840146720763e-01
-3.023483365949118928e-01 7.261208069165897734e-06 9.999927387917337818e-01
-3.003913894324853340e-01 7.732411083861815727e-06 9.999922675887367163e-01
-2.984344422700587196e-01 8.230939600000690241e-06 9.999917690602386777e-01
-2.964774951076321052e-01 8.758183211266131439e-06 9.999912418166466699e-01
-2.945205479452054909e-01 9.315575663494820267e-06 9.999906844242141268e-01
-2.925636007827788210e-01 9.904594854676400037e-06 9.999900954050429114e-01
-2.906066536203522066e-01 1.052676283495293432e-05 9.999894732370833150e-01
-2.886497064579256477e-01 1.118364580661923222e-05 9.999888163541326147e-01
-2.866927592954990334e-01 1.188666666327787332e-05 9.999881133332955141e-01
-2.847358121330724190e-01 1.266601631739843175e-05 9.999873339836545805e-01
-2.827788649706457491e-01 1.349918416757381074e-05 9.999865008158150825e-01
-2.808219178082191902e-01 1.438973546602365441e-05 9.999856102645242606e-01
-2.788649706457925759e-01 1.534137313491303750e-05 9.999846586268594795e-01
-2.769080234833659615e-01 1.635793776635474216e-05 9.999836420622285615e-01
-2.749510763209393471e-01 1.744340762240784853e-05 9.999825565923681214e-01
-2.729941291585127328e-01 1.860189863507751788e-05 9.999813981013460085e-01
-2.710371819960860629e-01 1.983766440631607678e-05 9.999801623355597524e-01
-2.690802348336594485e-01 2.115509620802160772e-05 9.999788449037367855e-01
-2.671232876712328896e-01 2.255872298204000901e-05 9.999774412769344423e-01
-2.651663405088062753e-01 2.405321134016228431e-05 9.999759467885407371e-01
-2.632093933463796609e-01 2.567488009533314391e-05 9.999743251197521499e-01
-2.612524461839529910e-01 2.745849634667129040e-05 9.999725415034803611e-01
-2.592954990215264321e-01 2.937438332629093655e-05 9.999706256164797580e-01
-2.573385518590997623e-01 3.143114167118200592e-05 9.999685688581136933e-01
-2.553816046966732034e-01 3.363768179251663912e-05 9.999663623179715355e-01
-2.534246575342465890e-01 3.600322387565060324e-05 9.999639967758684467e-01
-2.514677103718199747e-01 3.853729788012079816e-05 9.999614627018459379e-01
-2.495107632093933048e-01 4.124974353964840079e-05 9.999587502561703145e-01
-2.475538160469667182e-01 4.415071036213647979e-05 9.999558492893336759e-01
-2.455968688845401038e-01 4.725065762967053766e-05 9.999527493420559132e-01
-2.436399217221134617e-01 5.056035439851926973e-05 9.999494396452803802e-01
-2.416829745596868750e-01 5.409087949913380516e-05 9.999459091201777783e-01
-2.397260273972602884e-01 8.833438226095403564e-05 9.999116656174501516e-01
-2.377690802348336740e-01 9.529921784823985106e-05 9.999047007818971933e-01
-2.358121330724070319e-01 1.028478624752886565e-04 9.998971521373132276e-01
-2.338551859099804175e-01 1.110087477264833826e-04 9.998889912520623202e-01
-2.318982387475538032e-01 1.197320272599948238e-04 9.998802679725492526e-01
-2.299412915851271610e-01 1.291985392701563810e-04 9.998708014605874883e-01
-2.279843444227006022e-01 1.394314279944976719e-04 9.998605685718777725e-01
-2.260273972602739878e-01 1.504601286952991475e-04 9.998495398711823023e-01
-2.240704500978473457e-01 1.623500380010475287e-04 9.998376499618844004e-01
-2.221135029354207313e-01 1.752635954393927170e-04 9.998247364044539065e-01
-2.201565557729941169e-01 1.891885878617141333e-04 9.998108114120398682e-01
-2.181996086105674748e-01 2.041138655546902202e-04 9.997958861343548831e-01
-2.162426614481408604e-01 2.203002647623557991e-04 9.997796997351426906e-01
-2.142857142857143016e-01 2.377578988821081856e-04 9.997622421010055049e-01
-2.123287671232876872e-01 2.564052650593918840e-04 9.997435947348016771e-01
-2.103718199608610451e-01 2.765413677055355559e-04 9.997234586321314120e-01
-2.084148727984344307e-01 2.984101833223443221e-04 9.997015898165027004e-01
-2.064579256360078441e-01 3.217923784353077200e-04 9.996782076213809320e-01
-2.045009784735811742e-01 3.469099590818426528e-04 9.996530900407287756e-01
-2.025440313111545876e-01 3.743556008122395215e-04 9.996256443989952611e-01
-2.005870841487280010e-01 4.037472862580222593e-04 9.995962527135490161e-01
-1.986301369863013588e-01 4.351620789800050501e-04 9.995648379208289525e-01
-1.966731898238747445e-01 4.698048151402240812e-04 9.995301951846710109e-01
-1.947162426614481578e-01 5.074498470965332041e-04 9.994925501527172074e-01
-1.927592954990214880e-01 5.483431977345182848e-04 9.994516568020821445e-01
-1.908023483365949013e-01 5.925256926892570782e-04 9.994074743071341693e-01
-1.888454011741682870e-01 6.402393874277363976e-04 9.993597606124058341e-01
-1.868884540117416448e-01 6.917013399656120548e-04 9.993082986598822437e-01
-1.849315068493150582e-01 7.469873957600479519e-04 9.992530126041009320e-01
-1.829745596868884716e-01 8.062282747732804969e-04 9.991937717250973794e-01
-1.810176125244618017e-01 8.696210152216140091e-04 9.991303789846555095e-01
-1.790606653620352151e-01 9.374874782318981786e-04 9.990625125216462399e-01
-1.771037181996086007e-01 1.010238451766153241e-03 9.989897615481055926e-01
-1.751467710371819586e-01 1.088001760957367980e-03 9.989119982388988683e-01
-1.731898238747553442e-01 1.171750092798472297e-03 9.988282499070375575e-01
-1.712328767123287854e-01 1.264688845443784565e-03 9.987353111543856299e-01
-1.692759295499021710e-01 1.366548668524219905e-03 9.986334513313068761e-01
-1.673189823874755289e-01 1.478157989782510635e-03 9.985218420100612224e-01
-1.653620352250489145e-01 1.597187487176940411e-03 9.984028125126738207e-01
-1.634050880626223001e-01 1.724309160183922374e-03 9.982756908396697160e-01
-1.614481409001956580e-01 1.858926902457388661e-03 9.981410730973885315e-01
-1.594911937377690436e-01 2.005103102332990873e-03 9.979948968975114187e-01
-1.575342465753424848e-01 2.162915985206148063e-03 9.978370840146397747e-01
-1.555772994129158426e-01 2.332555525735181996e-03 9.976674444741135961e-01
-1.536203522504892283e-01 2.515902830112654379e-03 9.974840971697378489e-01
-1.516634050880626139e-01 2.714428953271275785e-03 9.972855710465792223e-01
-1.497064579256359718e-01 2.928832218297013849e-03 9.970711677815514706e-01
-1.477495107632093574e-01 3.160308097722951820e-03 9.968396919021247360e-01
-1.457925636007827708e-01 3.410121459898745287e-03 9.965898785399547322e-01
-1.438356164383561564e-01 3.679353206629086027e-03 9.963206467932350652e-01
-1.418786692759295420e-01 3.969327090260094462e-03 9.960306729096193301e-01
-1.399217221135029277e-01 4.282001149197016410e-03 9.957179988506951185e-01
-1.379647749510762855e-01 4.618386921575736229e-03 9.953816130783297300e-01
-1.360078277886496712e-01 4.979928996867740917e-03 9.950200710030505657e-01
-1.340508806262230845e-01 5.372592773460933141e-03 9.946274072264742472e-01
-1.320939334637964147e-01 5.796842652503475697e-03 9.942031573474521267e-01
-1.301369863013698558e-01 6.254928248770009677e-03 9.937450717512092968e-01
-1.281800391389432414e-01 6.748794682415092117e-03 9.932512053175827083e-01
-1.262230919765166548e-01 7.280558354232932392e-03 9.927194416457756354e-01
-1.242661448140899988e-01 7.852328354090302651e-03 9.921476716459175504e-01
-1.223091976516633844e-01 8.468769785152038126e-03 9.915312302148520107e-01
-1.203522504892367839e-01 9.132576405556640242e-03 9.908674235944380237e-01
-1.183953033268101279e-01 9.847157396382866246e-03 9.901528426035968167e-01
-1.164383561643835691e-01 1.061789762153191041e-02 9.893821023784352686e-01
-1.144814090019569547e-01 1.144898699928464242e-02 9.885510130006754936e-01
-1.125244618395303126e-01 1.234534252774579892e-02 9.876546574722158134e-01
-1.105675146771036982e-01 1.331131811936828169e-02 9.866886818805944426e-01
-1.086105675146770977e-01 1.435246237104578423e-02 9.856475376289206558e-01
-1.066536203522504417e-01 1.547402830444142598e-02 9.845259716955307994e-01
-1.046966731898238412e-01 1.668053721193444791e-02 9.833194627880470495e-01
-1.027397260273972823e-01 1.797771708412024272e-02 9.820222829158717914e-01
-1.007827788649706263e-01 1.937171291748247121e-02 9.806282870825213660e-01
-9.882583170254401195e-02 2.086997603832713849e-02 9.791300239616913537e-01
-9.686888454011741145e-02 2.247887468421287671e-02 9.775211253158218039e-01
-9.491193737769075545e-02 2.420768778950456446e-02 9.757923122105451874e-01
-9.295499021526415495e-02 2.606786157321077171e-02 9.739321384268488924e-01
-9.099804305283754058e-02 2.806887193931376090e-02 9.719311280607478842e-01
-8.904109589041098172e-02 3.022437360504156775e-02 9.697756263950166877e-01
-8.708414872798433959e-02 3.255022716376741038e-02 9.674497728362848603e-01
-8.512720156555768358e-02 3.506177529704682799e-02 9.649382247030000581e-01
-8.317025440313112472e-02 3.773989066183362773e-02 9.622601093382132653e-01
-8.121330724070446871e-02 4.060005975164088232e-02 9.593999402484153505e-01
-7.925636007827781271e-02 4.367136778863413282e-02 9.563286322114374904e-01
-7.729941291585125385e-02 4.696671756677602005e-02 9.530332824333087594e-01
-7.534246575342469499e-02 5.050174011664806256e-02 9.494982598834216247e-01
-7.338551859099803898e-02 5.428908989742055324e-02 9.457109101026317521e-01
-7.142857142857138297e-02 5.834047569800220046e-02 9.416595243020522421e-01
-6.947162426614482411e-02 6.266695928518353775e-02 9.373330407148801058e-01
-6.751467710371818198e-02 6.728229316479646116e-02 9.327177068352848766e-01
-6.555772994129152598e-02 7.221165361172404706e-02 9.277883463883657145e-01
-6.360078277886496712e-02 7.749413160202836548e-02 9.225058683980515983e-01
-6.164383561643840131e-02 8.313932543308319434e-02 9.168606745669872771e-01
-5.968688845401175225e-02 8.912688298376195140e-02 9.108731170163113511e-01
-5.772994129158509624e-02 9.551017834142666585e-02 9.044898216586292339e-01
-5.577299412915853738e-02 1.023114416913546154e-01 8.976885583087103049e-01
-5.381604696673188831e-02 1.095219419439956154e-01 8.904780580560773817e-01
-5.185909980430523231e-02 1.171687882690684024e-01 8.828312117310117557e-01
-4.990215264187867344e-02 1.252978162362564651e-01 8.747021837638224717e-01
-4.794520547945201744e-02 1.339071094654741834e-01 8.660928905345944839e-01
-4.598825831702545858e-02 1.429694336134485488e-01 8.570305663866121249e-01
-4.403131115459880951e-02 1.525608136408708737e-01 8.474391863591836938e-01
-4.207436399217215350e-02 1.626812847798824735e-01 8.373187152201719829e-01
-4.011741682974559464e-02 1.733190467855246497e-01 8.266809532145317219e-01
-3.816046966731893864e-02 1.845087901528110752e-01 8.154912098472624216e-01
-3.620352250489228957e-02 1.962674393446356969e-01 8.037325606554289736e-01
-3.424657534246573071e-02 2.085600644823403793e-01 7.914399355177150763e-01
-3.228962818003916491e-02 2.214212817648308906e-01 7.785787182352055247e-01
-3.033268101761251584e-02 2.348360841454074088e-01 7.651639158546222896e-01
-2.837573385518586330e-02 2.488051929471994383e-01 7.511948070528219334e-01
-2.641878669275930097e-02 2.633188847208186578e-01 7.366811152792152040e-01
-2.446183953033264843e-02 2.783655259155729533e-01 7.216344740844720107e-01
-2.250489236790599937e-02 2.939288965999050651e-01 7.060711034001356801e-01
-2.054794520547943704e-02 3.099885780038110772e-01 6.900114219962344420e-01
-1.859099804305287471e-02 3.265202159429166917e-01 6.734797840571600247e-01
-1.663405088062622564e-02 3.434944299604508755e-01 6.565055700396327243e-01
-1.467710371819957137e-02 3.608781432664655009e-01 6.391218567336186540e-01
-1.272015655577301077e-02 3.786342089323156967e-01 6.213657910677641283e-01
-1.076320939334645017e-02 3.967217276729522180e-01 6.032782723271332692e-01
-8.806262230919707432e-03 4.150960799633914289e-01 5.849039200366985547e-01
-6.849315068493145968e-03 4.337096349621961111e-01 5.662903650379038645e-01
-4.892367906066493431e-03 4.525118951377707366e-01 5.474881048623452262e-01
-2.935420743639932401e-03 4.714510180609134404e-01 5.285489819392052979e-01
-9.784735812132805150e-04 4.904727652517583136e-01 5.095272347483523756e-01
9.784735812133715880e-04 5.095218824394754931e-01 4.904781175606249266e-01
2.935420743639932401e-03 5.285430119537025684e-01 4.714569880463909124e-01
4.892367906066584504e-03 5.474817818797843572e-01 4.525182181203094567e-01
6.849315068493145968e-03 5.662847440716969327e-01 4.337152559284030984e-01
8.806262230919797637e-03 5.848989182198877090e-01 4.151010817802083253e-01
1.076320939334635823e-02 6.032732455079918843e-01 3.967267544920999311e-01
1.272015655577310271e-02 6.213597749877529663e-01 3.786402250123349078e-01
1.467710371819966331e-02 6.391160425197650596e-01 3.608839574803092698e-01
1.663405088062622564e-02 6.565007282778236863e-01 3.434992717222442593e-01
1.859099804305287471e-02 6.734760659186547205e-01 3.265239340814172220e-01
2.054794520547943704e-02 6.900063749316771577e-01 3.099936250683993366e-01
2.250489236790608957e-02 7.060657750386818421e-01 2.939342249613997593e-01
2.446183953033264843e-02 7.216297563366637080e-01 2.783702436634178379e-01
2.641878669275939465e-02 7.366770234013595431e-01 2.633229765987148974e-01
2.837573385518595351e-02 7.511908762299750464e-01 2.488091237700969238e-01
3.033268101761251584e-02 7.651596312941322253e-01 2.348403687059428813e-01
3.228962818003916491e-02 7.785759601296322607e-01 2.214240398704467594e-01
3.424657534246573071e-02 7.914331423944254151e-01 2.085668576056466939e-01
3.620352250489237977e-02 8.037333693899401110e-01 1.962666306101278346e-01
3.816046966731893864e-02 8.154793500788355409e-01 1.845206499212429518e-01
4.011741682974568485e-02 8.266648301029648760e-01 1.733351698971216381e-01
4.207436399217224371e-02 8.373148156616448956e-01 1.626851843384438667e-01
4.403131115459880951e-02 8.474376299394993373e-01 1.525623700605838184e-01
4.598825831702545858e-02 8.570268295626217725e-01 1.429731704374631318e-01
4.794520547945201744e-02 8.661150809127771133e-01 1.338849190873064865e-01
4.990215264187876365e-02 8.747071286807872603e-01 1.252928713192966725e-01
5.185909980430532251e-02 8.828230359109905390e-01 1.171769640890950731e-01
5.381604696673197852e-02 8.904801778145609026e-01 1.095198221855261667e-01
5.577299412915853738e-02 8.976924416811944418e-01 1.023075583188940707e-01
5.772994129158509624e-02 9.044849237513259421e-01 9.551507624876261204e-02
5.968688845401175225e-02 9.108676760172542686e-01 8.913232398283019164e-02
6.164383561643831111e-02 9.168632791317283814e-01 8.313672086835191544e-02
6.360078277886505038e-02 9.224904947712537773e-01 7.750950522882249505e-02
6.555772994129160924e-02 9.277669138228454848e-01 7.223308617722820624e-02
6.751467710371826525e-02 9.327102533823503627e-01 6.728974661772216259e-02
6.947162426614482411e-02 9.373384620438764969e-01 6.266153795619353040e-02
7.142857142857138297e-02 9.416673070382570732e-01 5.833269296180953328e-02
7.338551859099803898e-02 9.457156051509899575e-01 5.428439484907508078e-02
7.534246575342459784e-02 9.494965012788156855e-01 5.050349872124883233e-02
7.729941291585135099e-02 9.530298990617923627e-01 4.697010093827223842e-02
7.925636007827790985e-02 9.563278851944023717e-01 4.367211480566384613e-02
8.121330724070456586e-02 9.593971063585433612e-01 4.060289364152283587e-02
8.317025440313112472e-02 9.622661051158878376e-01 3.773389488417695087e-02
8.512720156555768358e-02 9.649370040977161000e-01 3.506299590234852881e-02
8.708414872798433959e-02 9.674276630431795088e-01 3.257233695688734748e-02
8.904109589041098172e-02 9.697431749288816238e-01 3.025682507118616568e-02
9.099804305283763772e-02 9.719013078448455190e-01 2.809869215522238853e-02
9.295499021526419658e-02 9.739099723137660813e-01 2.609002768629989713e-02
9.491193737769085259e-02 9.757780321325129069e-01 2.422196786755015027e-02
9.686888454011741145e-02 9.775151723481563248e-01 2.248482765190438701e-02
9.882583170254397031e-02 9.791304488333363309e-01 2.086955116672292720e-02
1.007827788649707096e-01 9.806319697004792779e-01 1.936803029957892205e-02
1.027397260273972823e-01 9.820276202246862596e-01 1.797237977536914749e-02
1.046966731898239245e-01 9.833243007420546800e-01 1.667569925799846850e-02
1.066536203522504833e-01 9.845290014674923373e-01 1.547099853256008947e-02
1.086105675146771393e-01 9.856476149566097966e-01 1.435238504344172120e-02
1.105675146771036982e-01 9.866865138185305639e-01 1.331348618151973438e-02
1.125244618395302570e-01 9.876509324710533999e-01 1.234906752899595644e-02
1.144814090019570102e-01 9.885467791291823181e-01 1.145322087086615703e-02
1.164383561643835691e-01 9.893777544442929894e-01 1.062224555575612753e-02
1.183953033268102251e-01 9.901491198819601935e-01 9.850880118090037108e-03
1.203522504892367839e-01 9.908653017831965393e-01 9.134698216854805070e-03
1.223091976516634399e-01 9.915308562215490173e-01 8.469143778503118031e-03
1.242661448140899988e-01 9.921481883647067512e-01 7.851811635345061491e-03
1.262230919765167381e-01 9.927205420444654704e-01 7.279457955585198238e-03
1.281800391389432969e-01 9.932514618529637573e-01 6.748538147085268550e-03
1.301369863013698558e-01 9.937435723381711217e-01 6.256427661876546795e-03
1.320939334637964979e-01 9.941994130815154929e-01 5.800586918529878830e-03
1.340508806262230845e-01 9.946217588746568694e-01 5.378241125386302654e-03
1.360078277886497267e-01 9.950142865631710354e-01 4.985713436870214607e-03
1.379647749510763688e-01 9.953789906896526318e-01 4.621009310387389976e-03
1.399217221135030387e-01 9.957162944744166744e-01 4.283705525623482738e-03
1.418786692759295975e-01 9.960289244522106955e-01 3.971075547831165106e-03
1.438356164383561564e-01 9.963205344243277750e-01 3.679465575713812379e-03
1.457925636007827985e-01 9.965909189902917298e-01 3.409081009749291655e-03
1.477495107632093574e-01 9.968399577042243997e-01 3.160042295815924766e-03
1.497064579256361105e-01 9.970709715028416298e-01 2.929028497198406765e-03
1.516634050880626694e-01 9.972862819205003948e-01 2.713718079539116992e-03
1.536203522504893115e-01 9.974850688902503482e-01 2.514931109789139349e-03
1.555772994129158704e-01 9.976680110729512219e-01 2.331988927088773922e-03
1.575342465753424293e-01 9.978379822466095783e-01 2.162017753430647317e-03
1.594911937377690991e-01 9.979962463644846959e-01 2.003753635554674471e-03
1.614481409001956580e-01 9.981427507558064960e-01 1.857249244233450574e-03
1.634050880626224111e-01 9.982786849874809576e-01 1.721315012560989746e-03
1.653620352250489700e-01 9.984048127232648673e-01 1.595187276778159066e-03
1.673189823874756121e-01 9.985219396520446100e-01 1.478060347998256955e-03
1.692759295499021710e-01 9.986303681186796677e-01 1.369631881363401159e-03
1.712328767123287299e-01 9.987306438294040190e-01 1.269356170639227921e-03
1.731898238747553720e-01 9.988235788146467842e-01 1.176421185396325439e-03
1.751467710371820419e-01 9.989097101935311418e-01 1.090289806511774828e-03
1.771037181996086840e-01 9.989896540684068960e-01 1.010345931635063315e-03
1.790606653620352429e-01 9.990638304741985554e-01 9.361695258423459454e-04
1.810176125244619127e-01 9.991324736012512364e-01 8.675263987884800770e-04
1.829745596868884716e-01 9.991960930607918234e-01 8.039069392471059373e-04
1.849315068493150305e-01 9.992550367094363839e-01 7.449632906020950841e-04
1.868884540117417559e-01 9.993097151170460268e-01 6.902848829916032221e-04
1.888454011741683425e-01 9.993603933784098725e-01 6.396066216262836796e-04
1.908023483365949846e-01 9.994073379222312425e-01 5.926620778032643585e-04
1.927592954990215435e-01 9.994508492560696400e-01 5.491507439625686188e-04
1.947162426614481856e-01 9.994912039945187399e-01 5.087960055118652142e-04
1.966731898238747445e-01 9.995285887716045536e-01 4.714112284239374562e-04
1.986301369863013033e-01 9.995632016771061057e-01 4.367983229203704172e-04
2.005870841487280565e-01 9.995952962036047662e-01 4.047037964199553389e-04
2.025440313111546153e-01 9.996250116683612630e-01 3.749883316618317147e-04
2.045009784735812852e-01 9.996524982044376895e-01 3.475017955843197294e-04
2.064579256360078441e-01 9.996780024310607526e-01 3.219975689605246091e-04
2.084148727984344862e-01 9.997017188845029878e-01 2.982811155177265278e-04
2.103718199608610451e-01 9.997237799979097339e-01 2.762200021108686442e-04
2.123287671232876872e-01 9.997442245141499040e-01 2.557754858705206524e-04
2.142857142857143571e-01 9.997626356281583693e-01 2.373643718616834809e-04
2.162426614481409159e-01 9.997791117822307783e-01 2.208882177888006962e-04
2.181996086105675581e-01 9.997935089555430865e-01 2.064910444750108582e-04
2.201565557729941169e-01 9.998074204960705202e-01 1.925795039466887551e-04
2.221135029354207868e-01 9.998213334212719960e-01 1.786665787444482664e-04
2.240704500978474289e-01 9.998356432150152795e-01 1.643567849999970224e-04
2.260273972602739878e-01 9.998498624144187552e-01 1.501375855959577411e-04
2.279843444227006299e-01 9.998616180886820137e-01 1.383819113305869786e-04
2.299412915851272166e-01 9.998721356680058125e-01 1.278643320034479483e-04
2.318982387475538587e-01 9.998812880593186403e-01 1.187119406863773943e-04
2.338551859099804175e-01 9.998903010075331776e-01 1.096989924674505405e-04
2.358121330724071707e-01 9.998989156440596382e-01 1.010843559368756594e-04
2.377690802348337296e-01 9.999071809651272069e-01 9.281903486489423601e-05
2.397260273972602884e-01 9.999147026536043814e-01 8.529734638390226720e-05
2.416829745596869305e-01 9.999208409457803759e-01 7.915905420625534827e-05
2.436399217221134894e-01 9.999258793181764471e-01 7.412068181030819197e-05
2.455968688845401593e-01 9.999297525182391233e-01 7.024748174990142532e-05
2.475538160469667182e-01 9.999345239732693180e-01 6.547602671680917939e-05
2.495107632093934436e-01 9.999395749546753365e-01 6.042504530520762928e-05
2.514677103718200302e-01 9.999451810148990427e-01 5.481898507190641288e-05
2.534246575342465890e-01 9.999498898874357167e-01 5.011011252923941884e-05
2.553816046966732034e-01 9.999524817146701050e-01 4.751828529787687719e-05
2.573385518590997623e-01 9.999534565616007287e-01 4.654343837819931943e-05
2.592954990215264321e-01 9.999530064496751081e-01 4.699355032222437070e-05
2.612524461839531020e-01 9.999556963398061882e-01 4.430366020146010980e-05
2.632093933463797164e-01 9.999600497048357628e-01 3.995029518015849601e-05
2.651663405088063308e-01 9.999665543764389986e-01 3.344562358151682933e-05
2.671232876712328896e-01 9.999702246991194476e-01 2.977530090513165473e-05
2.690802348336595040e-01 9.999726835687159365e-01 2.731643130956618124e-05
2.710371819960860629e-01 9.999739587786945494e-01 2.604122133059380301e-05
2.729941291585128438e-01 9.999761796545467707e-01 2.382034548644340784e-05
2.749510763209394026e-01 9.999786203665548268e-01 2.137963349364098084e-05
2.769080234833660170e-01 9.999807879979645264e-01 1.921200209997254472e-05
2.788649706457925759e-01 9.999815417899383663e-01 1.845821012772951193e-05
2.808219178082191347e-01 9.999811076924872699e-01 1.889230756826594873e-05
2.827788649706458046e-01 9.999817404438734458e-01 1.825955617082506820e-05
2.847358121330723635e-01 9.999851159716486304e-01 1.488402839039783612e-05
2.866927592954990889e-01 9.999912509508841474e-01 8.749049153977499216e-06
2.886497064579256477e-01 9.999936715379065255e-01 6.328462132097235904e-06
2.906066536203523176e-01 9.999919618898460705e-01 8.038110196919548596e-06
2.925636007827788765e-01 9.999879534132058989e-01 1.204658684310962874e-05
2.945205479452054353e-01 9.999878930613763650e-01 1.210693866985029874e-05
2.964774951076321052e-01 9.999902726164546785e-01 9.727383581546798601e-06
2.984344422700587751e-01 9.999905499966620370e-01 9.450003352990342907e-06
3.003913894324853895e-01 9.999895774738620791e-01 1.042252611743103678e-05
3.023483365949119483e-01 9.999903860087944185e-01 9.613991160906825741e-06
3.043052837573386182e-01 9.999939948397269518e-01 6.005160225278365245e-06
3.062622309197651771e-01 9.999973879795098775e-01 2.612020449026621928e-06
3.082191780821917360e-01 9.999963777369573759e-01 3.622263001492871497e-06
3.101761252446184614e-01 9.999926906200853338e-01 7.309379871625848284e-06
3.121330724070450202e-01 9.999926967225465368e-01 7.303277409288636349e-06
3.140900195694716901e-01 9.999947620626847833e-01 5.237937268401729463e-06
3.160469667318982490e-01 9.999955576210478592e-01 4.442378907317206908e-06
3.180039138943249188e-01 9.999958612406075753e-01 4.138759354423951660e-06
3.199608610567514777e-01 9.999963412985343192e-01 3.658701446457583890e-06
3.219178082191780366e-01 9.999967092248636114e-01 3.290775146786361835e-06
3.238747553816047620e-01 9.999968736117954560e-01 3.126388227224887253e-06
3.258317025440313208e-01 9.999968367334979291e-01 3.163266520849155987e-06
3.277886497064578797e-01 9.999968694417387116e-01 3.130558281621512867e-06
3.297455968688846606e-01 9.999969824868133461e-01 3.017513210264340107e-06
3.317025440313112195e-01 9.999972562343967253e-01 2.743765635832440958e-06
3.336594911937377783e-01 9.999977199490448498e-01 2.280051002511416808e-06
3.356164383561643372e-01 9.999978303467065288e-01 2.169653336487719752e-06
3.375733855185910626e-01 9.999978338091506380e-01 2.166190879871268422e-06
3.395303326810176214e-01 9.999976975397499857e-01 2.302460257762816397e-06
3.414872798434443468e-01 9.999974088764163049e-01 2.591123557257716831e-06
3.434442270058709057e-01 9.999976991965748851e-01 2.300803386889079937e-06
3.454011741682974646e-01 9.999982723164049236e-01 1.727683553404938017e-06
3.473581213307240789e-01 9.999991974895106051e-01 8.025104555899574554e-07
3.493150684931506378e-01 1.000000543969495448e+00 -5.439695077720085176e-07
3.512720156555773632e-01 1.000000137824696989e+00 -1.378247062261504091e-07
3.532289628180039220e-01 9.999987048927908573e-01 1.295107197428783594e-06
3.551859099804306474e-01 9.999960668176557377e-01 3.933182323534868512e-06
3.571428571428572063e-01 9.999919889383327432e-01 8.011061629250464979e-06
3.590998043052837652e-01 9.999910105190741305e-01 8.989480881954256802e-06
3.610567514677103240e-01 9.999920486702407185e-01 7.951329714481214245e-06
3.630136986301368829e-01 9.999951901729827730e-01 4.809826976787275315e-06
3.649706457925636638e-01 9.999997674329428321e-01 2.325670254662605407e-07
3.669275929549902227e-01 1.000001164770897510e+00 -1.164770918865695639e-06
3.688845401174169480e-01 1.000001346183394535e+00 -1.346183402268195679e-06
3.708414872798435069e-01 9.999998448200282386e-01 1.551799820148614360e-07
3.727984344422700658e-01 9.999994188493730451e-01 5.811506504707630860e-07
3.747553816046966246e-01 9.999992048061918659e-01 7.951938419716031436e-07
3.767123287671231835e-01 9.999992110698724401e-01 7.889301676239075627e-07
3.786692759295499644e-01 9.999990714345471376e-01 9.285654957646104733e-07
3.806262230919765233e-01 9.999989895116855321e-01 1.010488354605580067e-06
3.825831702544032487e-01 9.999990127096375359e-01 9.872903940737328896e-07
3.845401174168298075e-01 9.999990940762588654e-01 9.059237661387703651e-07
3.864970645792563664e-01 9.999992830972879165e-01 7.169027304917020144e-07
3.884540117416829252e-01 9.999995929444469578e-01 4.070555660284609981e-07
3.904109589041096506e-01 9.999997998391376708e-01 2.001608709620099867e-07
3.923679060665362095e-01 9.999999556189077543e-01 4.438109896319313019e-08
3.943248532289627684e-01 1.000000025527919334e+00 -2.552791152283292314e-08
3.962818003913895493e-01 9.999999748103349795e-01 2.518967794914268518e-08
3.982387475538161081e-01 9.999999402177094376e-01 5.978230753966515265e-08
4.001956947162426670e-01 9.999999098433136613e-01 9.015670673976879448e-08
4.021526418786692259e-01 9.999998437263664108e-01 1.562736573170386487e-07
4.041095890410959512e-01 9.999997408894888418e-01 2.591105381090060347e-07
4.060665362035225101e-01 9.999996565037473362e-01 3.434962872055926340e-07
4.080234833659490690e-01 9.999996566152293820e-01 3.433848231698915891e-07
4.099804305283758499e-01 9.999997127004880415e-01 2.872995896014102039e-07
4.119373776908024087e-01 9.999998403975448591e-01 1.596025664479740376e-07
4.138943248532289676e-01 1.000000010149385998e+00 -1.014924147372045504e-08
4.158512720156556930e-01 9.999999841684034108e-01 1.583171770763724950e-08
4.178082191780822519e-01 9.999998753495109582e-01 1.246505535385574598e-07
4.197651663405088107e-01 9.999996625299891750e-01 3.374699784140897281e-07
4.217221135029353696e-01 9.999993245471180403e-01 6.754527047291209764e-07
4.236790606653620950e-01 9.999994258349859111e-01 5.741648251806155158e-07
4.256360078277886538e-01 9.999998142160131387e-01 1.857838699510848228e-07
4.275929549902154347e-01 1.000000503014068398e+00 -5.030140252051560831e-07
4.295499021526419936e-01 1.000001550098751579e+00 -1.550098442825895931e-06
4.315068493150685525e-01 1.000002247824814283e+00 -2.247824284812207501e-06
4.334637964774951113e-01 1.000002283584893181e+00 -2.283584252602412039e-06
4.354207436399216702e-01 1.000001882398859010e+00 -1.882398161276606623e-06
4.373776908023483956e-01 1.000000938056228250e+00 -9.380555453215129111e-07
4.393346379647749544e-01 9.999998752915320033e-01 1.247091027401230241e-07
4.412915851272017354e-01 9.999998410233198465e-01 1.589773501078483448e-07
4.432485322896282942e-01 1.000000233809517081e+00 -2.338088000546361019e-07
4.452054794520548531e-01 1.000001176723517959e+00 -1.176722735138910955e-06
4.471624266144814119e-01 1.000002674355503718e+00 -2.674354631657517405e-06
4.491193737769079708e-01 1.000002036068613265e+00 -2.036067662254778705e-06
4.510763209393346962e-01 1.000000442232048536e+00 -4.422310065538043351e-07
4.530332681017612551e-01 9.999976646597009688e-01 2.335341444599167704e-06
4.549902152641879804e-01 9.999934751654637743e-01 6.524835800358116250e-06
4.569471624266145393e-01 9.999925631318576924e-01 7.436869464269287109e-06
4.589041095890410982e-01 9.999938900163656275e-01 6.109984972073540313e-06
4.608610567514677125e-01 9.999963169115282380e-01 3.683089800141537296e-06
4.628180039138942714e-01 9.999998438173467452e-01 1.561839484736033193e-07
4.647749510763209968e-01 1.000000602860656951e+00 -6.028593818228574798e-07
4.667318982387475557e-01 1.000000673325422529e+00 -6.733241736340341184e-07
4.686888454011742811e-01 1.000000164359966970e+00 -1.643587528114007559e-07
4.706457925636008399e-01 1.000000140788293246e+00 -1.407869716083041782e-07
4.726027397260273988e-01 1.000000396115619639e+00 -3.961140773646888019e-07
4.745596868884539576e-01 1.000000738460778749e+00 -7.384589298753494596e-07
4.765166340508805165e-01 1.000000744719996115e+00 -7.447179628686869009e-07
4.784735812133070754e-01 1.000000323030632243e+00 -3.230285814809761603e-07
4.804305283757340228e-01 9.999996442360604698e-01 3.557659242642849731e-07
4.823874755381605817e-01 9.999993671197893175e-01 6.328819385947761882e-07
4.843444227005871405e-01 1.000000080600431662e+00 -8.059924783897177633e-08
4.863013698630136994e-01 1.000001279877197113e+00 -1.279876761418213306e-06
4.882583170254402583e-01 1.000001983964039276e+00 -1.983964456611902322e-06
4.902152641878670392e-01 1.000000009676552448e+00 -9.677704060112764239e-09
4.921722113502935980e-01 9.999967987499607247e-01 3.201248124553766027e-06
4.941291585127201569e-01 9.999931854712570400e-01 6.814526131707434892e-06
4.960861056751467157e-01 9.999942489726239003e-01 5.751024714867596522e-06
4.980430528375734411e-01 9.999970790004543142e-01 2.920997148904197396e-06
5.000000000000000000e-01 9.999999964351438120e-01 3.562955413398492116e-09
