simulated data
number of E (V), I (A) couples: 400
0.495	1.6744739E-011
0.49	4.2772385E-012
0.485	9.5243715E-012
0.48	1.0389858E-011
0.475	1.1916924E-011
0.47	1.411483E-011
0.465	1.6937118E-011
0.46	2.0420238E-011
0.455	2.4674238E-011
0.45	2.9857249E-011
0.445	3.6167682E-011
0.44	4.3850361E-011
0.435	5.3199314E-011
0.43	6.4566389E-011
0.425	7.8381648E-011
0.42	9.517257E-011
0.415	1.1557942E-010
0.41	1.4037742E-010
0.405	1.7050875E-010
0.4	2.0711988E-010
0.395	2.5160379E-010
0.39	3.0565222E-010
0.385	3.7132046E-010
0.38	4.5110592E-010
0.375	5.4804297E-010
0.37	6.6581808E-010
0.365	8.0891007E-010
0.36	9.8276043E-010
0.355	1.1939803E-009
0.35	1.4506017E-009
0.345	1.762383E-009
0.34	2.1411796E-009
0.335	2.601395E-009
0.33	3.1605279E-009
0.325	3.8398373E-009
0.32	4.6651504E-009
0.315	5.6678434E-009
0.31	6.8860336E-009
0.305	8.3660265E-009
0.3	1.0164074E-008
0.295	1.2348507E-008
0.29	1.500233E-008
0.285	1.8226364E-008
0.28	2.2143066E-008
0.275	2.6901163E-008
0.27	3.2681276E-008
0.265	3.9702735E-008
0.26	4.8231846E-008
0.255	5.8591915E-008
0.25	7.1175374E-008
0.245	8.6458475E-008
0.24	1.0501905E-007
0.235	1.2755796E-007
0.23	1.5492501E-007
0.225	1.8815015E-007
0.22	2.2848099E-007
0.215	2.7742786E-007
0.21	3.3681774E-007
0.205	4.0885854E-007
0.2	4.9621558E-007
0.195	6.0210192E-007
0.19	7.3038459E-007
0.185	8.8570846E-007
0.18	1.0736393E-006
0.175	1.3008275E-006
0.17	1.5751913E-006
0.165	1.9061206E-006
0.16	2.304695E-006
0.155	2.7839113E-006
0.15	3.3589097E-006
0.145	4.0471829E-006
0.14	4.8687472E-006
0.135	5.8462502E-006
0.13	7.004983E-006
0.125	8.3727652E-006
0.12	9.9796717E-006
0.115	1.1857579E-005
0.11	1.4039519E-005
0.105	1.6558864E-005
0.1	1.9448358E-005
0.095	2.2739077E-005
0.09	2.6459376E-005
0.085	3.0633925E-005
0.08	3.5282888E-005
0.075	4.0421336E-005
0.07	4.6058901E-005
0.065	5.2199697E-005
0.06	5.8842473E-005
0.055	6.5980969E-005
0.05	7.3604402E-005
0.045	8.1698057E-005
0.04	9.0243899E-005
0.035	9.9221191E-005
0.03	0.00010860706
0.025	0.00011837702
0.02	0.00012850541
0.015	0.00013896574
0.01	0.000149731
0.005	0.00016077387
-3.76435E-016	0.00017206686
-0.005	0.00018358239
-0.01	0.00019529281
-0.015	0.00020717043
-0.02	0.00021918741
-0.025	0.00023131568
-0.03	0.00024352679
-0.035	0.00025579176
-0.04	0.00026808082
-0.045	0.00028036321
-0.05	0.00029260681
-0.055	0.00030477785
-0.06	0.00031684046
-0.065	0.00032875615
-0.07	0.00034048331
-0.075	0.0003519764
-0.08	0.00036318525
-0.085	0.00037405397
-0.09	0.00038451984
-0.095	0.00039451183
-0.1	0.00040394897
-0.105	0.00041273824
-0.11	0.0004207723
-0.115	0.00042792678
-0.12	0.00043405742
-0.125	0.0004389974
-0.13	0.00044255555
-0.135	0.00044451704
-0.14	0.00044464939
-0.145	0.00044271854
-0.15	0.00043852198
-0.155	0.00043194579
-0.16	0.00042304476
-0.165	0.00041212165
-0.17	0.00039974791
-0.175	0.00038666632
-0.18	0.00037359493
-0.185	0.00036105702
-0.19	0.00034933907
-0.195	0.00033854663
-0.2	0.00032867508
-0.205	0.00031966157
-0.21	0.00031141984
-0.215	0.00030386098
-0.22	0.00029690273
-0.225	0.00029047239
-0.23	0.00028450689
-0.235	0.000278952
-0.24	0.00027376127
-0.245	0.00026889487
-0.25	0.00026431862
-0.255	0.00026000304
-0.26	0.00025592266
-0.265	0.00025205535
-0.27	0.00024838184
-0.275	0.00024488524
-0.28	0.00024155071
-0.285	0.00023836511
-0.29	0.00023531681
-0.295	0.00023239544
-0.3	0.00022959175
-0.305	0.0002268974
-0.31	0.00022430493
-0.315	0.00022180755
-0.32	0.00021939915
-0.325	0.00021707416
-0.33	0.0002148275
-0.335	0.00021265453
-0.34	0.00021055102
-0.345	0.00020851306
-0.35	0.00020653708
-0.355	0.00020461978
-0.36	0.00020275811
-0.365	0.00020094924
-0.37	0.00019919057
-0.375	0.00019747967
-0.38	0.00019581429
-0.385	0.00019419233
-0.39	0.00019261183
-0.395	0.00019107096
-0.4	0.00018956801
-0.405	0.00018810137
-0.41	0.00018666954
-0.415	0.00018527112
-0.42	0.00018390476
-0.425	0.00018256922
-0.43	0.00018126332
-0.435	0.00017998594
-0.44	0.00017873603
-0.445	0.0001775126
-0.45	0.00017631469
-0.455	0.00017514142
-0.46	0.00017399193
-0.465	0.00017286541
-0.47	0.0001717611
-0.475	0.00017067826
-0.48	0.0001696162
-0.485	0.00016857426
-0.49	0.00016755179
-0.495	0.00016654819
-0.5	0.00016556288
-0.495	0.00016459529
-0.49	0.00016364492
-0.485	0.00016271123
-0.48	0.00016179376
-0.475	0.00016089203
-0.47	0.00016000558
-0.465	0.000159134
-0.46	0.00015827685
-0.455	0.00015743375
-0.45	0.0001566043
-0.445	0.00015578815
-0.44	0.00015498492
-0.435	0.00015419429
-0.43	0.00015341591
-0.425	0.00015264948
-0.42	0.00015189467
-0.415	0.0001511512
-0.41	0.00015041877
-0.405	0.00014969711
-0.4	0.00014898594
-0.395	0.00014828501
-0.39	0.00014759406
-0.385	0.00014691285
-0.38	0.00014624112
-0.375	0.00014557866
-0.37	0.00014492524
-0.365	0.00014428062
-0.36	0.00014364459
-0.355	0.00014301694
-0.35	0.00014239744
-0.345	0.00014178589
-0.34	0.00014118208
-0.335	0.00014058578
-0.33	0.00013999679
-0.325	0.00013941487
-0.32	0.00013883981
-0.315	0.00013827136
-0.31	0.00013770926
-0.305	0.00013715324
-0.3	0.00013660302
-0.295	0.00013605827
-0.29	0.00013551863
-0.285	0.00013498371
-0.28	0.00013445305
-0.275	0.00013392613
-0.27	0.00013340236
-0.265	0.00013288105
-0.26	0.00013236138
-0.255	0.0001318424
-0.25	0.00013132298
-0.245	0.00013080179
-0.24	0.00013027724
-0.235	0.00012974743
-0.23	0.00012921011
-0.225	0.0001286626
-0.22	0.00012810166
-0.215	0.00012752346
-0.21	0.00012692343
-0.205	0.00012629612
-0.2	0.00012563504
-0.195	0.00012493252
-0.19	0.0001241795
-0.185	0.00012336533
-0.18	0.00012247757
-0.175	0.00012150173
-0.17	0.00012042116
-0.165	0.0001192168
-0.16	0.00011786713
-0.155	0.00011634813
-0.15	0.00011463337
-0.145	0.00011269424
-0.14	0.00011050036
-0.135	0.00010802015
-0.13	0.00010522153
-0.125	0.00010207286
-0.12	9.8543856E-005
-0.115	9.4606586E-005
-0.11	9.0236396E-005
-0.105	8.5412708E-005
-0.1	8.0119635E-005
-0.095	7.4346361E-005
-0.09	6.8087289E-005
-0.085	6.134196E-005
-0.08	5.411478E-005
-0.075	4.6414598E-005
-0.07	3.8254191E-005
-0.065	2.9649691E-005
-0.06	2.0620016E-005
-0.055	1.1186315E-005
-0.05	1.3714702E-006
-0.045	-8.80034E-006
-0.04	-1.9304012E-005
-0.035	-3.0113813E-005
-0.03	-4.1203605E-005
-0.025	-5.2547011E-005
-0.02	-6.4117519E-005
-0.015	-7.5888528E-005
-0.01	-8.7833356E-005
-0.005	-9.9925202E-005
-2.89699E-016	-0.00011213706
0.005	-0.00012444162
0.01	-0.00013681109
0.015	-0.00014921705
0.02	-0.00016163018
0.025	-0.00017402004
0.03	-0.00018635473
0.035	-0.00019860051
0.04	-0.00021072143
0.045	-0.00022267875
0.05	-0.00023443037
0.055	-0.00024593014
0.06	-0.00025712695
0.065	-0.00026796377
0.07	-0.0002783764
0.075	-0.00028829202
0.08	-0.00029762744
0.085	-0.00030628708
0.09	-0.00031416059
0.095	-0.00032112023
0.1	-0.00032701822
0.105	-0.0003316844
0.11	-0.00033492526
0.115	-0.00033652608
0.12	-0.00033625948
0.125	-0.00033390543
0.13	-0.00032928972
0.135	-0.00032234579
0.14	-0.00031319396
0.145	-0.00030220606
0.15	-0.0002899957
0.155	-0.00027729255
0.16	-0.00026475049
0.165	-0.0002528149
0.17	-0.0002417135
0.175	-0.00023151823
0.18	-0.00022220864
0.185	-0.0002137171
0.19	-0.00020595896
0.195	-0.00019884947
0.2	-0.00019231102
0.205	-0.00018627516
0.21	-0.00018068253
0.215	-0.00017548203
0.22	-0.0001706298
0.225	-0.00016608818
0.23	-0.00016182476
0.235	-0.00015781155
0.24	-0.00015402432
0.245	-0.00015044197
0.25	-0.0001470461
0.255	-0.00014382056
0.26	-0.0001407511
0.265	-0.00013782515
0.27	-0.00013503152
0.275	-0.00013236023
0.28	-0.00012980238
0.285	-0.00012734993
0.29	-0.00012499566
0.295	-0.00012273305
0.3	-0.00012055618
0.305	-0.00011845964
0.31	-0.00011643855
0.315	-0.0001144884
0.32	-0.00011260509
0.325	-0.00011078485
0.33	-0.0001090242
0.335	-0.00010731994
0.34	-0.00010566912
0.345	-0.000104069
0.35	-0.00010251705
0.355	-0.00010101092
0.36	-9.9548411E-005
0.365	-9.8127491E-005
0.37	-9.6746256E-005
0.375	-9.5402932E-005
0.38	-9.4095856E-005
0.385	-9.2823471E-005
0.39	-9.1584316E-005
0.395	-9.0377019E-005
0.4	-8.920029E-005
0.405	-8.8052911E-005
0.41	-8.6933737E-005
0.415	-8.5841687E-005
0.42	-8.4775735E-005
0.425	-8.3734915E-005
0.43	-8.271831E-005
0.435	-8.172505E-005
0.44	-8.0754309E-005
0.445	-7.9805303E-005
0.45	-7.8877286E-005
0.455	-7.7969549E-005
0.46	-7.7081413E-005
0.465	-7.6212235E-005
0.47	-7.5361398E-005
0.475	-7.4528315E-005
0.48	-7.3712422E-005
0.485	-7.2913183E-005
0.49	-7.2130083E-005
0.495	-7.1362627E-005
0.5	-7.0610345E-005
