5.000000000000000000e-01 -0.000000000000000000e+00
4.980430528375733301e-01 -4.050830731304342126e-12
4.960861056751467713e-01 -3.855437719559073995e-12
4.941291585127201569e-01 -3.821916177583544101e-12
4.921722113502935980e-01 -3.796308407210254602e-12
4.902152641878669281e-01 -3.879067047031803598e-12
4.882583170254402583e-01 -3.973347939217621406e-12
4.863013698630136994e-01 -4.067616388366328231e-12
4.843444227005870295e-01 -4.161897280552146040e-12
4.823874755381604706e-01 -4.347099444903962401e-12
4.804305283757338563e-01 -4.553915164716616326e-12
4.784735812133071864e-01 -4.760718441492160076e-12
4.765166340508806275e-01 -4.967534161304814001e-12
4.745596868884539576e-01 -5.174337438080357751e-12
4.726027397260273988e-01 -5.381165600930121852e-12
4.706457925636007844e-01 -5.587968877705665602e-12
4.686888454011742255e-01 -5.794784597518318719e-12
4.667318982387475557e-01 -6.137067662352353193e-12
4.647749510763208858e-01 -6.563776733980735711e-12
4.628180039138943269e-01 -6.990485805609117421e-12
4.608610567514677125e-01 -7.417194877237499939e-12
4.589041095890410982e-01 -7.843903948865882457e-12
4.569471624266144838e-01 -8.270625463531374343e-12
4.549902152641878139e-01 -8.697334535159756861e-12
4.530332681017612551e-01 -9.124043606788139379e-12
4.510763209393345852e-01 -9.550752678416521897e-12
4.491193737769080263e-01 -9.977474193082013782e-12
4.471624266144814119e-01 -1.040417082167328532e-11
4.452054794520547421e-01 -1.083089233633877882e-11
4.432485322896281832e-01 -1.125760140796715972e-11
4.412915851272015133e-01 -1.168431047959554224e-11
4.393346379647749544e-01 -1.211101955122392476e-11
4.373776908023483401e-01 -1.253772862285230727e-11
4.354207436399216702e-01 -1.318187976798566051e-11
4.334637964774951113e-01 -1.454584816692096333e-11
4.315068493150684414e-01 -1.590981656585626614e-11
4.295499021526418826e-01 -1.727377252175446120e-11
4.275929549902152127e-01 -1.863775336372687500e-11
4.256360078277886538e-01 -2.000170931962506683e-11
4.236790606653620395e-01 -2.136567771856037126e-11
4.217221135029353696e-01 -2.272964611749567569e-11
4.197651663405088107e-01 -2.409360207339386752e-11
4.178082191780821408e-01 -2.545755802929206258e-11
4.158512720156555820e-01 -2.682152642822736378e-11
4.138943248532289676e-01 -2.818550727019978080e-11
4.119373776908022977e-01 -2.954946322609797263e-11
4.099804305283757389e-01 -3.091343162503327383e-11
4.080234833659490690e-01 -3.227738758093147213e-11
4.060665362035224546e-01 -3.364135597986677332e-11
4.041095890410958957e-01 -3.500533682183919035e-11
4.021526418786692814e-01 -3.636928033470027281e-11
4.001956947162426670e-01 -3.773326117667268338e-11
3.982387475538159971e-01 -3.909721713257087521e-11
3.962818003913894382e-01 -4.046118553150618287e-11
3.943248532289627684e-01 -4.182514148740437470e-11
3.923679060665361540e-01 -4.318910988633967590e-11
3.904109589041095951e-01 -4.455309072831209293e-11
3.884540117416829252e-01 -4.591703424117317539e-11
3.864970645792563664e-01 -4.728100264010847659e-11
3.845401174168296965e-01 -4.864497103904378425e-11
3.825831702544030821e-01 -5.000893943797908544e-11
3.806262230919765233e-01 -5.137289539387727727e-11
3.786692759295498534e-01 -5.273686379281258493e-11
3.767123287671232945e-01 -5.410081974871077676e-11
3.747553816046966246e-01 -5.546480059068318733e-11
3.727984344422700103e-01 -5.682876898961849499e-11
3.708414872798433959e-01 -6.294421065347289560e-11
3.688845401174168370e-01 -7.454843774622563472e-11
3.669275929549902227e-01 -8.615266483897837383e-11
3.649706457925635528e-01 -9.775689193173111295e-11
3.630136986301369384e-01 -1.093611190244838521e-10
3.610567514677103240e-01 -1.209653461172366041e-10
3.590998043052837096e-01 -1.325695856530264461e-10
3.571428571428571508e-01 -1.441738003027420824e-10
3.551859099804304809e-01 -1.557780398385319244e-10
3.532289628180038665e-01 -1.673822669312846506e-10
3.512720156555772522e-01 -1.789865064670745184e-10
3.493150684931506378e-01 -1.905907211167901288e-10
3.473581213307240789e-01 -2.021949482095428809e-10
3.454011741682974090e-01 -2.137991753022956070e-10
3.434442270058708502e-01 -2.254034148380854491e-10
3.414872798434441803e-01 -2.370076419308382011e-10
3.395303326810175659e-01 -2.486118690235909273e-10
3.375733855185909515e-01 -2.602160961163436535e-10
3.356164383561643372e-01 -2.718203356521335214e-10
3.336594911937377783e-01 -2.834245627448862476e-10
3.317025440313111084e-01 -2.950287898376390255e-10
3.297455968688844941e-01 -3.066330169303917517e-10
3.277886497064578797e-01 -3.182372440231444779e-10
3.258317025440312653e-01 -3.298414835589343457e-10
3.238747553816047065e-01 -3.414457106516870719e-10
3.219178082191780366e-01 -3.530499377444397981e-10
3.199608610567514777e-01 -3.646541648371925243e-10
3.180039138943248078e-01 -3.762583919299453022e-10
3.160469667318981379e-01 -3.878626190226980284e-10
3.140900195694715791e-01 -3.994668461154507546e-10
3.121330724070449647e-01 -4.110710856512406225e-10
3.101761252446184058e-01 -4.226753003009562587e-10
3.082191780821917360e-01 -4.342795398367460749e-10
3.062622309197651216e-01 -4.458837544864617111e-10
3.043052837573385072e-01 -4.574879815792144373e-10
3.023483365949118928e-01 -4.690922211150043568e-10
3.003913894324852785e-01 -4.806964482077570830e-10
2.984344422700586641e-01 -4.923006753005098092e-10
2.964774951076320497e-01 -5.039049023932625354e-10
2.945205479452054353e-01 -5.155091294860152616e-10
2.925636007827788210e-01 -5.271133565787679878e-10
2.906066536203522066e-01 -5.387175961145578557e-10
2.886497064579256477e-01 -5.503218232073105819e-10
2.866927592954989779e-01 -5.619260503000633081e-10
2.847358121330723080e-01 -5.735302773928160343e-10
2.827788649706456936e-01 -5.851345044855687605e-10
2.808219178082191347e-01 -5.967387440213586283e-10
2.788649706457925204e-01 -6.083429711141113545e-10
2.769080234833659060e-01 -6.199471982068640807e-10
2.749510763209392916e-01 -6.315514252996169103e-10
2.729941291585126772e-01 -6.431556648354066748e-10
2.710371819960860629e-01 -6.547598794851223627e-10
2.690802348336594485e-01 -6.663641190209122306e-10
2.671232876712328341e-01 -6.779683336706278151e-10
2.651663405088062198e-01 -6.895725732064176830e-10
2.632093933463796054e-01 -7.011768002991704092e-10
2.612524461839529355e-01 -7.127810398349602770e-10
2.592954990215263211e-01 -7.243852544846758615e-10
2.573385518590997623e-01 -7.359894815774285877e-10
2.553816046966731479e-01 -7.475937211132184556e-10
2.534246575342465335e-01 -7.591979482059711818e-10
2.514677103718199191e-01 -7.708021752987239080e-10
2.495107632093933048e-01 -7.824064023914767376e-10
2.475538160469666626e-01 -7.940106294842294638e-10
2.455968688845400483e-01 -8.056148690200192283e-10
2.436399217221134617e-01 -8.172190961127720579e-10
2.416829745596868473e-01 -8.811516447608901980e-10
2.397260273972602329e-01 -9.491441573295518390e-10
2.377690802348336185e-01 -1.017136682341250518e-09
2.358121330724069764e-01 -1.085129182466874914e-09
2.338551859099803620e-01 -1.153121707478573594e-09
2.318982387475537754e-01 -1.221114207604198196e-09
2.299412915851271055e-01 -1.289106720172859837e-09
2.279843444227005189e-01 -1.357099245184558517e-09
2.260273972602739045e-01 -1.425091745310182913e-09
2.240704500978472902e-01 -1.493084270321881592e-09
2.221135029354206758e-01 -1.561076770447506195e-09
2.201565557729940892e-01 -1.629069283016167629e-09
2.181996086105674748e-01 -1.697061820470903553e-09
2.162426614481408604e-01 -1.765054320596527949e-09
2.142857142857142461e-01 -1.833046833165189590e-09
2.123287671232876039e-01 -1.901039345733851231e-09
2.103718199608609618e-01 -1.969031858302512666e-09
2.084148727984343474e-01 -2.037024383314211345e-09
2.064579256360077331e-01 -2.105016883439835948e-09
2.045009784735811464e-01 -2.173009396008497382e-09
2.025440313111545321e-01 -2.241001921020196061e-09
2.005870841487279177e-01 -2.308994421145820664e-09
1.986301369863013033e-01 -2.376986946157519343e-09
1.966731898238747167e-01 -2.444979446283143946e-09
1.947162426614481023e-01 -2.512971958851805380e-09
1.927592954990214602e-01 -2.580964483863504059e-09
1.908023483365948458e-01 -2.648956983989128662e-09
1.888454011741682315e-01 -2.716949509000827342e-09
1.868884540117416448e-01 -2.784942009126451944e-09
1.849315068493149750e-01 -2.852934521695113379e-09
1.829745596868883606e-01 -2.920927046706812058e-09
1.810176125244617740e-01 -2.988919546832436661e-09
1.790606653620351596e-01 -3.056912059401098095e-09
1.771037181996085452e-01 -3.124904571969759943e-09
1.751467710371819031e-01 -3.192897084538421377e-09
1.731898238747552887e-01 -3.269444732614144692e-09
1.712328767123286744e-01 -3.560043564822761356e-09
1.692759295499020877e-01 -3.850642384588340775e-09
1.673189823874754734e-01 -4.141241216796957439e-09
1.653620352250488590e-01 -4.431840036562536858e-09
1.634050880626222724e-01 -4.722438881214190767e-09
1.614481409001956025e-01 -5.013037700979770186e-09
1.594911937377690159e-01 -5.303636520745349606e-09
1.575342465753424015e-01 -5.594235365397003515e-09
1.555772994129157316e-01 -5.884834185162582934e-09
1.536203522504891450e-01 -6.175433017371199598e-09
1.516634050880625306e-01 -6.466031849579816262e-09
1.497064579256359163e-01 -6.756630669345395681e-09
1.477495107632093296e-01 -7.047229501554012345e-09
1.457925636007827153e-01 -7.337828333762629010e-09
1.438356164383561009e-01 -7.628427165971244847e-09
1.418786692759294865e-01 -7.919025985736825093e-09
1.399217221135028999e-01 -8.209624817945441757e-09
1.379647749510762300e-01 -8.500223650154058421e-09
1.360078277886495879e-01 -8.790822469919637013e-09
1.340508806262229735e-01 -9.081421302128253677e-09
1.320939334637963869e-01 -9.372020134336870342e-09
1.301369863013697725e-01 -9.662618954102450588e-09
1.281800391389431582e-01 -9.953217786311067252e-09
1.262230919765165438e-01 -1.024381660607664584e-08
1.242661448140899433e-01 -1.053441543828526251e-08
1.223091976516633428e-01 -1.082501427049387917e-08
1.203522504892367284e-01 -1.111561310270249584e-08
1.183953033268100863e-01 -1.140621192246807608e-08
1.164383561643834719e-01 -1.169681076711972916e-08
1.144814090019568714e-01 -1.198740958688530941e-08
1.125244618395302570e-01 -1.227800840665088800e-08
1.105675146771036566e-01 -1.256860725130254274e-08
1.086105675146770005e-01 -1.285920607106812133e-08
1.066536203522504417e-01 -1.314980490327673800e-08
1.046966731898237857e-01 -1.344040373548535466e-08
1.027397260273972268e-01 -1.373100255525093491e-08
1.007827788649705292e-01 -1.402160138745955157e-08
9.882583170254388705e-02 -1.431220021966816823e-08
9.686888454011731431e-02 -1.460279905187678490e-08
9.491193737769067218e-02 -1.541653897526917933e-08
9.295499021526411332e-02 -1.672556291653968313e-08
9.099804305283745731e-02 -1.803458685781019022e-08
8.904109589041089845e-02 -1.934361079908069401e-08
8.708414872798424244e-02 -2.065263474035119780e-08
8.512720156555768358e-02 -2.196165868162170490e-08
8.317025440313102758e-02 -2.327068262289220869e-08
8.121330724070446871e-02 -2.457970656416271579e-08
7.925636007827781271e-02 -2.588873050543321958e-08
7.729941291585125385e-02 -2.719775444670372337e-08
7.534246575342459784e-02 -2.850677838797423047e-08
7.338551859099795571e-02 -2.981580232924473426e-08
7.142857142857129971e-02 -3.112482627051523805e-08
6.947162426614464370e-02 -3.243385021178574184e-08
6.751467710371808484e-02 -3.374287415305624563e-08
6.555772994129142883e-02 -3.505189809432675604e-08
6.360078277886486997e-02 -3.636092203559725983e-08
6.164383561643822090e-02 -3.766994597686776362e-08
5.968688845401166204e-02 -3.897896991813826741e-08
5.772994129158500604e-02 -4.028799385940877120e-08
5.577299412915844717e-02 -4.159701780067927499e-08
5.381604696673179117e-02 -4.290604174194978540e-08
5.185909980430523231e-02 -4.421506568322028919e-08
4.990215264187858324e-02 -4.552408962449079298e-08
4.794520547945192723e-02 -4.683311356576129677e-08
4.598825831702536837e-02 -4.814213750703180056e-08
4.403131115459871237e-02 -4.945116144830230435e-08
4.207436399217215350e-02 -5.076018538957281476e-08
4.011741682974550444e-02 -5.206920931840027883e-08
3.816046966731893864e-02 -5.337823325967078262e-08
3.620352250489228957e-02 -5.468725720094129302e-08
3.424657534246564050e-02 -5.599628114221179681e-08
3.228962818003898450e-02 -5.730530507103926088e-08
3.033268101761242563e-02 -5.861432902475280439e-08
2.837573385518577310e-02 -5.992335296602330819e-08
2.641878669275921077e-02 -6.123237690729381198e-08
2.446183953033255823e-02 -6.254140083612128266e-08
2.250489236790590569e-02 -6.385042478983481956e-08
2.054794520547934683e-02 -6.515944873110532335e-08
1.859099804305269429e-02 -6.646847267237584037e-08
1.663405088062613196e-02 -6.990521350388926743e-08
1.467710371819948116e-02 -7.336579046615222365e-08
1.272015655577291883e-02 -7.682636745330123285e-08
1.076320939334626803e-02 -8.028694441556417583e-08
8.806262230919707432e-03 -8.374752140271319827e-08
6.849315068493054028e-03 -8.720809836497614125e-08
4.892367906066493431e-03 -9.066867533968211734e-08
2.935420743639841328e-03 -9.412925232683113977e-08
9.784735812132805150e-04 -9.758982928909408276e-08
-9.784735812133715880e-04 -1.010504062638000721e-07
-2.935420743640114981e-03 -1.045109832385060482e-07
-4.892367906066675577e-03 -1.079715602132120243e-07
-6.849315068493328114e-03 -1.114321372003610467e-07
-8.806262230919889578e-03 -1.148927141626239897e-07
-1.076320939334654038e-02 -1.183532911373299790e-07
-1.272015655577310271e-02 -1.223287778728673940e-07
-1.467710371819975351e-02 -1.286486063010322830e-07
-1.663405088062631584e-02 -1.349684347291971455e-07
-1.859099804305296838e-02 -1.412882631573620345e-07
-2.054794520547952724e-02 -1.476080915855269235e-07
-2.250489236790617978e-02 -1.539279200136917860e-07
-2.446183953033274211e-02 -1.602477484418566749e-07
-2.641878669275939465e-02 -1.665675768700215374e-07
-2.837573385518604718e-02 -1.728874052981864264e-07
-3.033268101761260604e-02 -1.792072337263513154e-07
-3.228962818003926205e-02 -1.855270621545161779e-07
-3.424657534246582091e-02 -1.918468905826810669e-07
-3.620352250489246998e-02 -1.981667190108459294e-07
-3.816046966731912599e-02 -2.044865474514538647e-07
-4.011741682974577505e-02 -2.108063758796187272e-07
-4.207436399217233391e-02 -2.171262042953405698e-07
-4.403131115459898992e-02 -2.252260145451031620e-07
-4.598825831702554878e-02 -2.363404119755229941e-07
-4.794520547945220479e-02 -2.474548094059428527e-07
-4.990215264187876365e-02 -2.585692068488057312e-07
-5.185909980430541272e-02 -2.696836042667825170e-07
-5.381604696673206872e-02 -2.807980016972023756e-07
-5.577299412915862759e-02 -2.919123991400652541e-07
-5.772994129158528359e-02 -3.030267965704851127e-07
-5.968688845401184245e-02 -3.141411940009049184e-07
-6.164383561643849152e-02 -3.252555914313247770e-07
-6.360078277886505038e-02 -3.363699888617446356e-07
-6.555772994129170639e-02 -3.474843862921644413e-07
-6.751467710371826525e-02 -3.585987837225842999e-07
-6.947162426614492126e-02 -3.697131811530041585e-07
-7.142857142857148012e-02 -3.817833716154183199e-07
-7.338551859099813612e-02 -3.995677703700359063e-07
-7.534246575342477825e-02 -4.173521691370965655e-07
-7.729941291585143426e-02 -4.351365679041571718e-07
-7.925636007827809026e-02 -4.529209666463317383e-07
-8.121330724070464913e-02 -4.707053654133923975e-07
-8.317025440313130513e-02 -4.884897641680099310e-07
-8.512720156555786399e-02 -5.062741629350705902e-07
-8.708414872798452000e-02 -5.240585616896882295e-07
-8.904109589041107886e-02 -5.418429604567488887e-07
-9.099804305283773487e-02 -5.596273591989234023e-07
-9.295499021526429373e-02 -5.774117579659840615e-07
-9.491193737769093586e-02 -6.024795986793569023e-07
-9.686888454011750860e-02 -6.290398198226575147e-07
-9.882583170254415073e-02 -6.556000409535150013e-07
-1.007827788649707096e-01 -6.821602620968156137e-07
-1.027397260273973656e-01 -7.087204832276732062e-07
-1.046966731898240216e-01 -7.352807043585307987e-07
-1.066536203522505805e-01 -7.618409255018314111e-07
-1.086105675146772365e-01 -7.884011466326888978e-07
-1.105675146771037953e-01 -8.149613677635464903e-07
-1.125244618395304513e-01 -8.468992391880339943e-07
-1.144814090019570935e-01 -8.827886683673665715e-07
-1.164383561643837495e-01 -9.186780975466990428e-07
-1.183953033268103083e-01 -9.545675267135884943e-07
-1.203522504892369643e-01 -9.904569558804781575e-07
-1.223091976516635232e-01 -1.026346385059810523e-06
-1.242661448140901792e-01 -1.062235814226700186e-06
-1.262230919765167381e-01 -1.098920129328519440e-06
-1.281800391389433802e-01 -1.145422882772492004e-06
-1.301369863013700501e-01 -1.191925636228907483e-06
-1.320939334637966089e-01 -1.238428389672880047e-06
-1.340508806262232511e-01 -1.284931143129295737e-06
-1.360078277886498099e-01 -1.331433896560825176e-06
-1.379647749510764798e-01 -1.377936650004797740e-06
-1.399217221135030387e-01 -1.430690280864774918e-06
-1.418786692759296808e-01 -1.488894814999091752e-06
-1.438356164383562397e-01 -1.547099349133408375e-06
-1.457925636007828818e-01 -1.605303883280168123e-06
-1.477495107632094684e-01 -1.663508417414484958e-06
-1.497064579256361938e-01 -1.721712951548801581e-06
-1.516634050880628637e-01 -1.791444059190656912e-06
-1.536203522504894226e-01 -1.863481724011093182e-06
-1.555772994129160647e-01 -1.935519388843972577e-06
-1.575342465753426235e-01 -2.007557053664408847e-06
-1.594911937377692657e-01 -2.079594718497288031e-06
-1.614481409001958245e-01 -2.160778860314359441e-06
-1.634050880626224944e-01 -2.245837763862736551e-06
-1.653620352250490533e-01 -2.330896667398670324e-06
-1.673189823874756954e-01 -2.415955570947047011e-06
-1.692759295499022543e-01 -2.502933172290171728e-06
-1.712328767123289242e-01 -2.602330701970723407e-06
-1.731898238747554830e-01 -2.701728231651274662e-06
-1.751467710371821251e-01 -2.801125761344268831e-06
-1.771037181996087673e-01 -2.900850812939616527e-06
-1.790606653620353539e-01 -3.015094996729740271e-06
-1.810176125244619960e-01 -3.129339180519864439e-06
-1.829745596868885549e-01 -3.243583364309988183e-06
-1.849315068493151970e-01 -3.362404184263035199e-06
-1.868884540117418669e-01 -3.490884394202054879e-06
-1.888454011741685090e-01 -3.619364604141074559e-06
-1.908023483365950679e-01 -3.747844814080093815e-06
-1.927592954990217378e-01 -3.889192283460217594e-06
-1.947162426614482966e-01 -4.038395885258585136e-06
-1.966731898238749388e-01 -4.187599487056952677e-06
-1.986301369863014976e-01 -4.341485399364916126e-06
-2.005870841487281397e-01 -4.504443887929179981e-06
-2.025440313111548096e-01 -4.667402376468557161e-06
-2.045009784735813685e-01 -4.831823513485053532e-06
-2.064579256360080106e-01 -5.019193532431009315e-06
-2.084148727984345695e-01 -5.206563551352078423e-06
-2.103718199608612394e-01 -5.396111906209823278e-06
-2.123287671232877982e-01 -5.599289898872278236e-06
-2.142857142857144404e-01 -5.802467891522289432e-06
-2.162426614481409992e-01 -6.010165665423413912e-06
-2.181996086105676413e-01 -6.234299292227453062e-06
-2.201565557729942280e-01 -6.458432919043935126e-06
-2.221135029354208701e-01 -6.686289739342414749e-06
-2.240704500978475122e-01 -6.928207782806602019e-06
-2.260273972602741821e-01 -7.178013796924505331e-06
-2.279843444227008242e-01 -7.435707781696126378e-06
-2.299412915851273831e-01 -7.701289737109019706e-06
-2.318982387475540252e-01 -7.974759663188072837e-06
-2.338551859099806118e-01 -8.258337720451513261e-06
-2.358121330724072540e-01 -8.553662446163952845e-06
-2.377690802348338128e-01 -8.858445318470531917e-06
-2.397260273972604550e-01 -9.172686337396136302e-06
-2.416829745596870138e-01 -9.496385502928323088e-06
-2.436399217221136837e-01 -9.829542815079535188e-06
-2.455968688845402426e-01 -1.017364818275657064e-05
-2.475538160469668847e-01 -1.052879683743743170e-05
-2.495107632093934436e-01 -1.089416720548562703e-05
-2.514677103718200857e-01 -1.126975928687626912e-05
-2.534246575342467556e-01 -1.165557308164668670e-05
-2.553816046966733144e-01 -1.205160858975955273e-05
-2.573385518590999843e-01 -1.246361476711126400e-05
-2.592954990215265432e-01 -1.288966380110864203e-05
-2.612524461839531575e-01 -1.332822241234040827e-05
-2.632093933463798274e-01 -1.377929060083145192e-05
-2.651663405088064973e-01 -1.424286836656932839e-05
-2.671232876712330562e-01 -1.471895570954159475e-05
-2.690802348336597261e-01 -1.520957267996249087e-05
-2.710371819960862849e-01 -1.571389234012665617e-05
-2.729941291585128993e-01 -1.623192572162016956e-05
-2.749510763209394582e-01 -1.676382798030612848e-05
-2.769080234833661280e-01 -1.730975427199786038e-05
-2.788649706457926869e-01 -1.786985975257090561e-05
-2.808219178082193568e-01 -1.844429957786347408e-05
-2.827788649706459712e-01 -1.903322890373865812e-05
-2.847358121330726410e-01 -1.963680288604711903e-05
-2.866927592954990889e-01 -2.025517668062706332e-05
-2.886497064579257588e-01 -2.088850544334158672e-05
-2.906066536203524286e-01 -2.153796596144732568e-05
-2.925636007827790430e-01 -2.220694471763964820e-05
-2.945205479452055464e-01 -2.289273616910343333e-05
-2.964774951076322163e-01 -2.359562240362106397e-05
-2.984344422700589416e-01 -2.431588550887537630e-05
-3.003913894324856115e-01 -2.505380757262386739e-05
-3.023483365949122259e-01 -2.580967068258670387e-05
-3.043052837573387293e-01 -2.658375692649649359e-05
-3.062622309197653436e-01 -2.737634839209829239e-05
-3.082191780821920135e-01 -2.818772716708737769e-05
-3.101761252446186834e-01 -2.901817533924613577e-05
-3.121330724070451312e-01 -2.986797499624496160e-05
-3.140900195694718011e-01 -3.073257383768938504e-05
-3.160469667318984155e-01 -3.161121353328419365e-05
-3.180039138943250854e-01 -3.250762002734335006e-05
-3.199608610567515332e-01 -3.342189163695677694e-05
-3.219178082191782031e-01 -3.435412667912727451e-05
-3.238747553816049285e-01 -3.530442347093230387e-05
-3.258317025440315429e-01 -3.627288032943687813e-05
-3.277886497064582683e-01 -3.725959557169358273e-05
-3.297455968688846606e-01 -3.826466751475498954e-05
-3.317025440313113860e-01 -3.928819447566122923e-05
-3.336594911937379448e-01 -4.033027477148977646e-05
-3.356164383561646702e-01 -4.139100671926830712e-05
-3.375733855185910626e-01 -4.247306015797279889e-05
-3.395303326810177880e-01 -4.357510649360161141e-05
-3.414872798434443468e-01 -4.469690721050382988e-05
-3.434442270058711277e-01 -4.583862028567768393e-05
-3.454011741682974646e-01 -4.700040369612142353e-05
-3.473581213307242455e-01 -4.818241541885817430e-05
-3.493150684931508043e-01 -4.938481343089862744e-05
-3.512720156555775297e-01 -5.060775570925346735e-05
-3.532289628180040886e-01 -5.185140023098314333e-05
-3.551859099804306474e-01 -5.311590497301124446e-05
-3.571428571428574283e-01 -5.440142791242312282e-05
-3.590998043052839872e-01 -5.570438713195190986e-05
-3.610567514677107126e-01 -5.700595903537754793e-05
-3.630136986301371049e-01 -5.832267249893958717e-05
-3.649706457925638303e-01 -5.965419133966016194e-05
-3.669275929549903892e-01 -6.100017937446183618e-05
-3.688845401174171146e-01 -6.236030042029208338e-05
-3.708414872798435069e-01 -6.373421829411081148e-05
-3.727984344422702323e-01 -6.512159681286547363e-05
-3.747553816046967912e-01 -6.652209979351597776e-05
-3.767123287671235721e-01 -6.793539105302224537e-05
-3.786692759295501309e-01 -6.936113440831927484e-05
-3.806262230919766898e-01 -7.079899367636700120e-05
-3.825831702544032487e-01 -7.226049312281930092e-05
-3.845401174168299741e-01 -7.375245512098899960e-05
-3.864970645792565329e-01 -7.526438716741924858e-05
-3.884540117416830918e-01 -7.679708857994995135e-05
-3.904109589041098727e-01 -7.835141688632356707e-05
-3.923679060665364315e-01 -7.992828782417265578e-05
-3.943248532289631569e-01 -8.152867534102611262e-05
-3.962818003913895493e-01 -8.315361159438385572e-05
-3.982387475538162747e-01 -8.480418695156121615e-05
-4.001956947162428335e-01 -8.648154998981347208e-05
-4.021526418786695589e-01 -8.818690749634193384e-05
-4.041095890410961178e-01 -8.992152446819456327e-05
-4.060665362035226766e-01 -9.163094947196309009e-05
-4.080234833659492910e-01 -9.333733475973798714e-05
-4.099804305283760164e-01 -9.505218249830811594e-05
-4.119373776908025753e-01 -9.677386647109358130e-05
-4.138943248532291341e-01 -9.850066103850614184e-05
-4.158512720156556930e-01 -1.002307411380051278e-04
-4.178082191780824184e-01 -1.019621822840913015e-04
-4.197651663405089772e-01 -1.036929605682632187e-04
-4.217221135029355361e-01 -1.054209526590484396e-04
-4.236790606653620950e-01 -1.071439358020034475e-04
-4.256360078277888759e-01 -1.088595878197261041e-04
-4.275929549902154347e-01 -1.105751046185663101e-04
-4.295499021526421601e-01 -1.123851908918312886e-04
-4.315068493150687190e-01 -1.142157537124271501e-04
-4.334637964774952779e-01 -1.160687345649642896e-04
-4.354207436399220033e-01 -1.179462191774473083e-04
-4.373776908023486176e-01 -1.198504375211381607e-04
-4.393346379647751765e-01 -1.217837638106432293e-04
-4.412915851272017354e-01 -1.237487165038884420e-04
-4.432485322896284607e-01 -1.257479583021192996e-04
-4.452054794520550196e-01 -1.277842961499194561e-04
-4.471624266144815785e-01 -1.298606812351735577e-04
-4.491193737769081373e-01 -1.319802089891292454e-04
-4.510763209393348627e-01 -1.340532367432850766e-04
-4.530332681017614216e-01 -1.359905666074235546e-04
-4.549902152641882025e-01 -1.379005398760414867e-04
-4.569471624266145393e-01 -1.397764458396472760e-04
-4.589041095890413202e-01 -1.416111839653752243e-04
-4.608610567514678791e-01 -1.433972638970476836e-04
-4.628180039138946045e-01 -1.451268054551564082e-04
-4.647749510763211633e-01 -1.467915386368376721e-04
-4.667318982387477222e-01 -1.483828036158660346e-04
-4.686888454011745031e-01 -1.498915507427290422e-04
-4.706457925636010620e-01 -1.513083405445213834e-04
-4.726027397260276208e-01 -1.526233437250258511e-04
-4.745596868884541797e-01 -1.543773195665490883e-04
-4.765166340508809051e-01 -1.563969199022970753e-04
-4.784735812133074639e-01 -1.585030979347151574e-04
-4.804305283757341893e-01 -1.607040233596182066e-04
-4.823874755381605817e-01 -1.630078658728335633e-04
-4.843444227005873071e-01 -1.654227951701574511e-04
-4.863013698630138659e-01 -1.679569809474234447e-04
-4.882583170254406468e-01 -1.706185929004588300e-04
-4.902152641878670392e-01 -1.729754430776291551e-04
-4.921722113502937646e-01 -1.752002196279315671e-04
-4.941291585127203234e-01 -1.773738536007319656e-04
-4.960861056751470488e-01 -1.794860148498506199e-04
-4.980430528375734411e-01 -1.815263732290890155e-04
-5.000000000000002220e-01 -1.834845985922113685e-04
-5.000000000000000000e-01 -1.834845985922113685e-04
-4.980430528375733301e-01 -1.802216658180746326e-04
-4.960861056751467713e-01 -1.774694203931232849e-04
-4.941291585127201569e-01 -1.747559394541931389e-04
-4.921722113502935980e-01 -1.721043900098345855e-04
-4.902152641878669281e-01 -1.694574973654015772e-04
-4.882583170254402583e-01 -1.668643125946074461e-04
-4.863013698630136994e-01 -1.642804861485313087e-04
-4.843444227005870295e-01 -1.617499111505238309e-04
-4.823874755381604706e-01 -1.592296474315491983e-04
-4.804305283757338563e-01 -1.567523331723782694e-04
-4.784735812133071864e-01 -1.542844855249613835e-04
-4.765166340508806275e-01 -1.518508195065250096e-04
-4.745596868884539576e-01 -1.494417856781079081e-04
-4.726027397260273988e-01 -1.470573840397349885e-04
-4.706457925636007844e-01 -1.446977965519914407e-04
-4.686888454011742255e-01 -1.423630381481331498e-04
-4.667318982387475557e-01 -1.400530379167723785e-04
-4.647749510763208858e-01 -1.377677958579153611e-04
-4.628180039138943269e-01 -1.355055396229029054e-04
-4.608610567514677125e-01 -1.332672322306377520e-04
-4.589041095890410982e-01 -1.310529055842147314e-04
-4.569471624266144838e-01 -1.288621643101985179e-04
-4.549902152641878139e-01 -1.266940006708730830e-04
-4.530332681017612551e-01 -1.245491350851005792e-04
-4.510763209393345852e-01 -1.224275675528685924e-04
-4.491193737769080263e-01 -1.203286630117996001e-04
-4.471624266144814119e-01 -1.182519884098344649e-04
-4.452054794520547421e-01 -1.161976380855139773e-04
-4.432485322896281832e-01 -1.141654280019642080e-04
-4.412915851272015133e-01 -1.121551741223112276e-04
-4.393346379647749544e-01 -1.101666924096811204e-04
-4.373776908023483401e-01 -1.081997988271999434e-04
-4.354207436399216702e-01 -1.062543160519641979e-04
-4.334637964774951113e-01 -1.043300838197214263e-04
-4.315068493150684414e-01 -1.024269025223997629e-04
-4.295499021526418826e-01 -1.005445901452991971e-04
-4.275929549902152127e-01 -9.868296467363267045e-05
-4.256360078277886538e-01 -9.684184409273132940e-05
-4.236790606653620395e-01 -9.502104638785786677e-05
-4.217221135029353696e-01 -9.322038954429362359e-05
-4.197651663405088107e-01 -9.144156954819588538e-05
-4.178082191780821408e-01 -8.968361984364769707e-05
-4.158512720156555820e-01 -8.794620746414031015e-05
-4.138943248532289676e-01 -8.622925248637897631e-05
-4.119373776908022977e-01 -8.453267498702544361e-05
-4.099804305283757389e-01 -8.285639504279739139e-05
-4.080234833659490690e-01 -8.120033273038768432e-05
-4.060665362035224546e-01 -7.956490600965836863e-05
-4.041095890410958957e-01 -7.795036899070196363e-05
-4.021526418786692814e-01 -7.635626434461488120e-05
-4.001956947162426670e-01 -7.478256345191404940e-05
-3.982387475538159971e-01 -7.322923769314127872e-05
-3.962818003913894382e-01 -7.169625844882593845e-05
-3.943248532289627684e-01 -7.018359709949117725e-05
-3.923679060665361540e-01 -6.869123348732975476e-05
-3.904109589041095951e-01 -6.721921396369393855e-05
-3.884540117416829252e-01 -6.576746057105241556e-05
-3.864970645792563664e-01 -6.433594870744906624e-05
-3.845401174168296965e-01 -6.292465377097130176e-05
-3.825831702544030821e-01 -6.153355115968166440e-05
-3.806262230919765233e-01 -6.016261627163644872e-05
-3.786692759295498534e-01 -5.881182450490441760e-05
-3.767123287671232945e-01 -5.748091000349578073e-05
-3.747553816046966246e-01 -5.616986435812609308e-05
-3.727984344422700103e-01 -5.487869569766351839e-05
-3.708414872798433959e-01 -5.360734322825330407e-05
-3.688845401174168370e-01 -5.235574343486046247e-05
-3.669275929549902227e-01 -5.112383008123868135e-05
-3.649706457925635528e-01 -4.991153420999252323e-05
-3.630136986301369384e-01 -4.871892393482351609e-05
-3.610567514677103240e-01 -4.754615892258766342e-05
-3.590998043052837096e-01 -4.639301683813643648e-05
-3.571428571428571508e-01 -4.525946263922074419e-05
-3.551859099804304809e-01 -4.414546202792152171e-05
-3.532289628180038665e-01 -4.305098145073064578e-05
-3.512720156555772522e-01 -4.197598809849488824e-05
-3.493150684931506378e-01 -4.092044990635375736e-05
-3.473581213307240789e-01 -3.988433555389497246e-05
-3.454011741682974090e-01 -3.886761446503632649e-05
-3.434442270058708502e-01 -3.787025680804428690e-05
-3.414872798434441803e-01 -3.689223349555270491e-05
-3.395303326810175659e-01 -3.593351618456900221e-05
-3.375733855185909515e-01 -3.499407727644930887e-05
-3.356164383561643372e-01 -3.407388991692335934e-05
-3.336594911937377783e-01 -3.317107063007316534e-05
-3.317025440313111084e-01 -3.228560401615336448e-05
-3.297455968688844941e-01 -3.141831865969906771e-05
-3.277886497064578797e-01 -3.056906334675154853e-05
-3.258317025440312653e-01 -2.973768080234250321e-05
-3.238747553816047065e-01 -2.892400769043803135e-05
-3.219178082191780366e-01 -2.812787461400707284e-05
-3.199608610567514777e-01 -2.734910611492809184e-05
-3.180039138943248078e-01 -2.658752067412595402e-05
-3.160469667318981379e-01 -2.584293071142259115e-05
-3.140900195694715791e-01 -2.511514258562413379e-05
-3.121330724070449647e-01 -2.440395659451465333e-05
-3.101761252446184058e-01 -2.370916697486863376e-05
-3.082191780821917360e-01 -2.303056190235141477e-05
-3.062622309197651216e-01 -2.236792349165606550e-05
-3.043052837573385072e-01 -2.172068580725599127e-05
-3.023483365949118928e-01 -2.108881895405149742e-05
-3.003913894324852785e-01 -2.047211788739001825e-05
-2.984344422700586641e-01 -1.987032863496080858e-05
-2.964774951076320497e-01 -1.928319064070531101e-05
-2.945205479452054353e-01 -1.871043676463673795e-05
-2.925636007827788210e-01 -1.815179328293961829e-05
-2.906066536203522066e-01 -1.760697988797600783e-05
-2.886497064579256477e-01 -1.707570968819839400e-05
-2.866927592954989779e-01 -1.655768920826790775e-05
-2.847358121330723080e-01 -1.605261838898588330e-05
-2.827788649706456936e-01 -1.556019058728764091e-05
-2.808219178082191347e-01 -1.508009257623625444e-05
-2.788649706457925204e-01 -1.461200454513455446e-05
-2.769080234833659060e-01 -1.415603604419217691e-05
-2.749510763209392916e-01 -1.371478648953584233e-05
-2.729941291585126772e-01 -1.328546589236633968e-05
-2.710371819960860629e-01 -1.286782497123615270e-05
-2.690802348336594485e-01 -1.246161193946022651e-05
-2.671232876712328341e-01 -1.206657250504130335e-05
-2.651663405088062198e-01 -1.168244987081302543e-05
-2.632093933463796054e-01 -1.130898473422839518e-05
-2.612524461839529355e-01 -1.094591528757753392e-05
-2.592954990215263211e-01 -1.059297721780725363e-05
-2.573385518590997623e-01 -1.024990370663927228e-05
-2.553816046966731479e-01 -9.916425430520435429e-06
-2.534246575342465335e-01 -9.592270560628936765e-06
-2.514677103718199191e-01 -9.277164762874326632e-06
-2.495107632093933048e-01 -8.970831197903725843e-06
-2.475538160469666626e-01 -8.674233267852964266e-06
-2.455968688845400483e-01 -8.388391255688534614e-06
-2.436399217221134617e-01 -8.111361685938984931e-06
-2.416829745596868473e-01 -7.842949738924170244e-06
-2.397260273972602329e-01 -7.582961924085616839e-06
-2.377690802348336185e-01 -7.331206080017633778e-06
-2.358121330724069764e-01 -7.087491374417538704e-06
-2.338551859099803620e-01 -6.851628304116766819e-06
-2.318982387475537754e-01 -6.623428695062203124e-06
-2.299412915851271055e-01 -6.402705702334851874e-06
-2.279843444227005189e-01 -6.189273810143609192e-06
-2.260273972602739045e-01 -5.982948831812826081e-06
-2.240704500978472902e-01 -5.783547909807190869e-06
-2.221135029354206758e-01 -5.590889515713063138e-06
-2.201565557729940892e-01 -5.404793450219814440e-06
-2.181996086105674748e-01 -5.224966064451757912e-06
-2.162426614481408604e-01 -5.051243309053002556e-06
-2.142857142857142461e-01 -4.883501222929146340e-06
-2.123287671232876039e-01 -4.721559904481664502e-06
-2.103718199608609618e-01 -4.565240574312222214e-06
-2.084148727984343474e-01 -4.414365575303550129e-06
-2.064579256360077331e-01 -4.268758372532347377e-06
-2.045009784735811464e-01 -4.128243553331493588e-06
-2.025440313111545321e-01 -3.992646827258940764e-06
-2.005870841487279177e-01 -3.861795026135047102e-06
-1.986301369863013033e-01 -3.735516103992800256e-06
-1.966731898238747167e-01 -3.613639137090260675e-06
-1.947162426614481023e-01 -3.495994323954115188e-06
-1.927592954990214602e-01 -3.382412985311237591e-06
-1.908023483365948458e-01 -3.272727564150904910e-06
-1.888454011741682315e-01 -3.166529489199843255e-06
-1.868884540117416448e-01 -3.063794136844812989e-06
-1.849315068493149750e-01 -2.964371506939150452e-06
-1.829745596868883606e-01 -2.868087043655713849e-06
-1.810176125244617740e-01 -2.774766494236194606e-06
-1.790606653620351596e-01 -2.684235883545106678e-06
-1.771037181996085452e-01 -2.596321488797977930e-06
-1.751467710371819031e-01 -2.510849814401529855e-06
-1.731898238747552887e-01 -2.427647566445450625e-06
-1.712328767123286744e-01 -2.346541627542574385e-06
-1.692759295499020877e-01 -2.267359031538407838e-06
-1.673189823874754734e-01 -2.189926938108671448e-06
-1.653620352250488590e-01 -2.114072607580812250e-06
-1.634050880626222724e-01 -2.039623375575094829e-06
-1.614481409001956025e-01 -1.966815726752600671e-06
-1.594911937377690159e-01 -1.897872711645134254e-06
-1.575342465753424015e-01 -1.830708576970057160e-06
-1.555772994129157316e-01 -1.765273319891241238e-06
-1.536203522504891450e-01 -1.701525895526505676e-06
-1.516634050880625306e-01 -1.639434476366276152e-06
-1.497064579256359163e-01 -1.578976711766902309e-06
-1.477495107632093296e-01 -1.520139987331988593e-06
-1.457925636007827153e-01 -1.462921684467925664e-06
-1.438356164383561009e-01 -1.407329439615904357e-06
-1.418786692759294865e-01 -1.353381403981651278e-06
-1.399217221135028999e-01 -1.301106502655455269e-06
-1.379647749510762300e-01 -1.250544694354344647e-06
-1.360078277886495879e-01 -1.201747230672765747e-06
-1.340508806262229735e-01 -1.154776915544793328e-06
-1.320939334637963869e-01 -1.109674964060913068e-06
-1.301369863013697725e-01 -1.066495133992561573e-06
-1.281800391389431582e-01 -1.025375963215699383e-06
-1.262230919765165438e-01 -9.864254281259659863e-07
-1.242661448140899433e-01 -9.497640906288862450e-07
-1.223091976516633428e-01 -9.155253493087961406e-07
-1.203522504892367284e-01 -8.838556904920024860e-07
-1.183953033268100863e-01 -8.549149395401385569e-07
-1.164383561643834719e-01 -8.288765119195456819e-07
-1.144814090019568714e-01 -8.059276644324140923e-07
-1.125244618395302570e-01 -7.862697462861638781e-07
-1.105675146771036566e-01 -7.701184503619152139e-07
-1.086105675146770005e-01 -7.577040642963124409e-07
-1.066536203522504417e-01 -7.492717216317854455e-07
-1.046966731898237857e-01 -7.450816531223482046e-07
-1.027397260273972268e-01 -7.387574864230732290e-07
-1.007827788649705292e-01 -7.313708291044173049e-07
-9.882583170254388705e-02 -7.258333221860232205e-07
-9.686888454011731431e-02 -7.220321161496340483e-07
-9.491193737769067218e-02 -7.198393294171511470e-07
-9.295499021526411332e-02 -7.191113232202027517e-07
-9.099804305283745731e-02 -7.196879764634925884e-07
-8.904109589041089845e-02 -7.213919607063561727e-07
-8.708414872798424244e-02 -7.240280151567604452e-07
-8.512720156555768358e-02 -7.273822214039999898e-07
-8.317025440313102758e-02 -7.312212784811335435e-07
-8.121330724070446871e-02 -7.352917777718818573e-07
-7.925636007827781271e-02 -7.393194778739763118e-07
-7.729941291585125385e-02 -7.430085795309428179e-07
-7.534246575342459784e-02 -7.460410006261019821e-07
-7.338551859099795571e-02 -7.452053009259626913e-07
-7.142857142857129971e-02 -7.422675782739857150e-07
-6.947162426614464370e-02 -7.371136932071429828e-07
-6.751467710371808484e-02 -7.293595823078253057e-07
-6.555772994129142883e-02 -7.186065686636850344e-07
-6.360078277886486997e-02 -7.044413617929781506e-07
-6.164383561643822090e-02 -6.864360577565518702e-07
-5.968688845401166204e-02 -6.641481390582996370e-07
-5.772994129158500604e-02 -6.371204747011556120e-07
-5.577299412915844717e-02 -6.048813201808723695e-07
-5.381604696673179117e-02 -5.669443174611355985e-07
-5.185909980430523231e-02 -5.228084950171138782e-07
-4.990215264187858324e-02 -4.719582677608013527e-07
-4.794520547945192723e-02 -4.138634371343397979e-07
-4.598825831702536837e-02 -3.525069733522024960e-07
-4.403131115459871237e-02 -3.095428000303915391e-07
-4.207436399217215350e-02 -2.651672522482607203e-07
-4.011741682974550444e-02 -2.195826415390557477e-07
-3.816046966731893864e-02 -1.730099209098542175e-07
-3.620352250489228957e-02 -1.256886848664515745e-07
-3.424657534246564050e-02 -7.787716948179790640e-08
-3.228962818003898450e-02 -2.985225224045991100e-08
-3.033268101761242563e-02 1.809054776229046487e-08
-2.837573385518577310e-02 6.563706998845705507e-08
-2.641878669275921077e-02 1.124545123266675736e-07
-2.446183953033255823e-02 1.581914312352685282e-07
-2.250489236790590569e-02 2.024777415805657872e-07
-2.054794520547934683e-02 2.449247167923624299e-07
-1.859099804305269429e-02 2.851249887146424817e-07
-1.663405088062613196e-02 3.171622314902407618e-07
-1.467710371819948116e-02 3.371937080697919890e-07
-1.272015655577291883e-02 3.518119466225394543e-07
-1.076320939334626803e-02 3.606024568095567174e-07
-8.806262230919707432e-03 3.631507482545882787e-07
-6.849315068493054028e-03 3.590423306498153537e-07
-4.892367906066493431e-03 3.478627136065393169e-07
-2.935420743639841328e-03 3.291974068293844037e-07
-9.784735812132805150e-04 3.026319199483166244e-07
9.784735812133715880e-04 2.677517626244095918e-07
2.935420743640114981e-03 2.241424444938507731e-07
4.892367906066675577e-03 1.713894752488213574e-07
6.849315068493328114e-03 1.090783645192873682e-07
8.806262230919889578e-03 3.679462197254388184e-08
1.076320939334654038e-02 -4.587624273655701847e-08
1.272015655577310271e-02 -9.650481705251149073e-08
1.467710371819975351e-02 -1.270944109593916209e-07
1.663405088062631584e-02 -1.558754491777726002e-07
1.859099804305296838e-02 -1.824439997958807454e-07
2.054794520547952724e-02 -2.063961308148411019e-07
2.250489236790617978e-02 -2.273279103291015494e-07
2.446183953033274211e-02 -2.448354063211225504e-07
2.641878669275939465e-02 -2.585146869040165146e-07
2.837573385518604718e-02 -2.679618200913515072e-07
3.033268101761260604e-02 -2.727728739215817655e-07
3.228962818003926205e-02 -2.725439164518259508e-07
3.424657534246582091e-02 -2.668710157454243930e-07
3.620352250489246998e-02 -2.553502398346096609e-07
3.816046966731912599e-02 -2.375776567516144288e-07
4.011741682974577505e-02 -2.131493345597789474e-07
4.207436399217233391e-02 -2.090054985280166400e-07
4.403131115459898992e-02 -2.052560080682634682e-07
4.598825831702554878e-02 -2.000317095155582805e-07
4.794520547945220479e-02 -1.933326028636795140e-07
4.990215264187876365e-02 -1.851586881188487582e-07
5.185909980430541272e-02 -1.755099652624013772e-07
5.381604696673206872e-02 -1.643864343254450268e-07
5.577299412915862759e-02 -1.517880952830936141e-07
5.772994129158528359e-02 -1.377149481415686491e-07
5.968688845401184245e-02 -1.221669929008701319e-07
6.164383561643849152e-02 -1.051442295609980756e-07
6.360078277886505038e-02 -8.664665811573094381e-08
6.555772994129170639e-02 -6.667427858995482929e-08
6.751467710371826525e-02 -5.307686987517818517e-08
6.947162426614492126e-02 -4.349372097817632777e-08
7.142857142857148012e-02 -3.414717148572226843e-08
7.338551859099813612e-02 -2.503722137292993764e-08
7.534246575342477825e-02 -1.616387064602085194e-08
7.729941291585143426e-02 -7.527119304995011339e-09
7.925636007827809026e-02 8.730326563691052734e-10
8.121330724070464913e-02 9.036585225628457755e-09
8.317025440313130513e-02 1.696353840900456638e-08
8.512720156555786399e-02 2.465389220649742991e-08
8.708414872798452000e-02 3.210764660566401193e-08
8.904109589041107886e-02 3.932480163761190183e-08
9.099804305283773487e-02 4.630535727745503339e-08
9.295499021526429373e-02 5.306019654763370984e-08
9.491193737769093586e-02 5.959849006604263552e-08
9.686888454011750860e-02 6.590429645435230519e-08
9.882583170254415073e-02 7.197761570634122875e-08
1.007827788649707096e-01 7.781844782200937975e-08
1.027397260273973656e-01 8.342679281379980452e-08
1.046966731898240216e-01 8.880265066926945673e-08
1.066536203522505805e-01 9.394602138841836284e-08
1.086105675146772365e-01 9.885690498368952949e-08
1.105675146771037953e-01 1.035353014364184269e-07
1.125244618395304513e-01 1.079812107652695848e-07
1.144814090019570935e-01 1.121946329640215065e-07
1.164383561643837495e-01 1.161755680388957021e-07
1.183953033268103083e-01 1.199240159587845820e-07
1.203522504892369643e-01 1.234399767672387556e-07
1.223091976516635232e-01 1.267234504269291499e-07
1.242661448140901792e-01 1.297744369689633413e-07
1.262230919765167381e-01 1.325929363684552368e-07
1.281800391389433802e-01 1.351789486502909294e-07
1.301369863013700501e-01 1.375324737709197699e-07
1.320939334637966089e-01 1.396535117925569636e-07
1.340508806262232511e-01 1.415420626529873318e-07
1.360078277886498099e-01 1.431981264019830068e-07
1.379647749510764798e-01 1.446217030084364126e-07
1.399217221135030387e-01 1.458127924910120790e-07
1.418786692759296808e-01 1.467713948310454496e-07
1.438356164383562397e-01 1.474975100472011072e-07
1.457925636007828818e-01 1.551185236267758906e-07
1.477495107632094684e-01 1.643781111343712390e-07
1.497064579256361938e-01 1.740208485540064766e-07
1.516634050880628637e-01 1.840467358919031132e-07
1.536203522504894226e-01 1.944557731542827117e-07
1.555772994129160647e-01 2.052479603038161066e-07
1.575342465753426235e-01 2.164232973778324635e-07
1.594911937377692657e-01 2.279817843825532392e-07
1.614481409001958245e-01 2.399234212868709106e-07
1.634050880626224944e-01 2.522482081032284447e-07
1.653620352250490533e-01 2.649561448254043844e-07
1.673189823874756954e-01 2.780472314782847694e-07
1.692759295499022543e-01 2.915214680369835072e-07
1.712328767123289242e-01 3.053788545077221605e-07
1.731898238747554830e-01 3.196193908905007294e-07
1.751467710371821251e-01 3.342430771915406708e-07
1.771037181996087673e-01 3.492499133983990179e-07
1.790606653620353539e-01 3.646398995297403004e-07
1.810176125244619960e-01 3.804130355668999885e-07
1.829745596868885549e-01 3.965693215160995393e-07
1.849315068493151970e-01 4.131087573773389527e-07
1.868884540117418669e-01 4.300313431630613544e-07
1.888454011741685090e-01 4.473370788483805990e-07
1.908023483365950679e-01 4.650259644519612690e-07
1.927592954990217378e-01 4.830979999738033116e-07
1.947162426614482966e-01 5.015531854014637598e-07
1.966731898238749388e-01 5.220828472671978978e-07
1.986301369863014976e-01 5.471503283705767535e-07
2.005870841487281397e-01 5.730163231576904109e-07
2.025440313111548096e-01 5.996808316223173073e-07
2.045009784735813685e-01 6.271438537706788995e-07
2.064579256360080106e-01 6.554053896027751876e-07
2.084148727984345695e-01 6.844654391123848204e-07
2.103718199608612394e-01 7.143240023119507120e-07
2.123287671232877982e-01 7.449810792014728623e-07
2.142857142857144404e-01 7.764366697685082516e-07
2.162426614481409992e-01 8.086907740192784426e-07
2.181996086105676413e-01 8.417433919537833294e-07
2.201565557729942280e-01 8.755945235658014552e-07
2.221135029354208701e-01 9.102441688677759456e-07
2.240704500978475122e-01 9.456923278534851318e-07
2.260273972602741821e-01 9.819390005229290140e-07
2.279843444227008242e-01 1.018984186869886241e-06
2.299412915851273831e-01 1.056827886894356601e-06
2.318982387475540252e-01 1.095470100608783219e-06
2.338551859099806118e-01 1.134910828006944852e-06
2.358121330724072540e-01 1.175150069088840862e-06
2.377690802348338128e-01 1.216187823848250429e-06
2.397260273972604550e-01 1.258024092310059169e-06
2.416829745596870138e-01 1.300658874436938127e-06
2.436399217221136837e-01 1.344092170247551888e-06
2.455968688845402426e-01 1.388323979741900238e-06
2.475538160469668847e-01 1.433354302938647973e-06
2.495107632093934436e-01 1.491647061777229570e-06
2.514677103718200857e-01 1.555702877951083475e-06
2.534246575342467556e-01 1.621756497787754335e-06
2.553816046966733144e-01 1.689807921287241939e-06
2.573385518590999843e-01 1.759857148424660247e-06
2.592954990215265432e-01 1.831904179218673842e-06
2.612524461839531575e-01 1.905949013669282723e-06
2.632093933463798274e-01 1.981991651776487102e-06
2.651663405088064973e-01 2.060032093540286344e-06
2.671232876712330562e-01 2.140070338942016502e-06
2.690802348336597261e-01 2.222106388019006742e-06
2.710371819960862849e-01 2.306140240746370387e-06
2.729941291585128993e-01 2.392171897130329319e-06
2.749510763209394582e-01 2.480201357145997709e-06
2.769080234833661280e-01 2.570228620843147214e-06
2.788649706457926869e-01 2.662253688178227634e-06
2.808219178082193568e-01 2.756276559176124798e-06
2.827788649706459712e-01 2.852297233824395792e-06
2.847358121330726410e-01 2.950315712123040615e-06
2.866927592954990889e-01 3.050331994084502182e-06
2.886497064579257588e-01 3.152346079702558612e-06
2.906066536203524286e-01 3.256357968958546381e-06
2.925636007827790430e-01 3.362367661889793384e-06
2.945205479452055464e-01 3.470375158471414641e-06
2.964774951076322163e-01 3.580380458690966389e-06
2.984344422700589416e-01 3.692383562579556761e-06
3.003913894324856115e-01 3.810199177652750527e-06
3.023483365949122259e-01 3.944806524920375268e-06
3.043052837573387293e-01 4.083443798722724512e-06
3.062622309197653436e-01 4.226184198970955499e-06
3.082191780821920135e-01 4.373100925545115224e-06
3.101761252446186834e-01 4.524267178337696982e-06
3.121330724070451312e-01 4.679756157284742573e-06
3.140900195694718011e-01 4.839641062247636314e-06
3.160469667318984155e-01 5.003995093143756482e-06
3.180039138943250854e-01 5.172891449871815287e-06
3.199608610567515332e-01 5.346403332311862265e-06
3.219178082191782031e-01 5.524603940393717758e-06
3.238747553816049285e-01 5.707566473997431302e-06
3.258317025440315429e-01 5.895364133003051583e-06
3.277886497064582683e-01 6.088070117340398945e-06
3.297455968688846606e-01 6.285757626895744379e-06
3.317025440313113860e-01 6.488499861586464469e-06
3.336594911937379448e-01 6.696370021273945223e-06
3.356164383561646702e-01 6.909441305881783835e-06
3.375733855185910626e-01 7.127786915283809230e-06
3.395303326810177880e-01 7.351480049434728425e-06
3.414872798434443468e-01 7.580593908177259672e-06
3.434442270058711277e-01 7.815201691422561485e-06
3.454011741682974646e-01 8.055376599075566685e-06
3.473581213307242455e-01 8.301191831047431243e-06
3.493150684931508043e-01 8.552720587218206390e-06
3.512720156555775297e-01 8.810036067505267013e-06
3.532289628180040886e-01 9.077121235945120992e-06
3.551859099804306474e-01 9.352546390871183300e-06
3.571428571428574283e-01 9.634645961046218576e-06
3.590998043052839872e-01 9.923516821424574285e-06
3.610567514677107126e-01 1.021925584699792664e-05
3.630136986301371049e-01 1.052195991269573896e-05
3.649706457925638303e-01 1.083172589349724286e-05
3.669275929549903892e-01 1.114865066438789562e-05
3.688845401174171146e-01 1.147283110030959841e-05
3.708414872798435069e-01 1.180436407624158622e-05
3.727984344422702323e-01 1.214334646714442881e-05
3.747553816046967912e-01 1.248987514799113718e-05
3.767123287671235721e-01 1.284404699371117297e-05
3.786692759295501309e-01 1.320595887932109820e-05
3.806262230919766898e-01 1.357570767976281914e-05
3.825831702544032487e-01 1.395339027000312276e-05
3.845401174168299741e-01 1.433910352499635992e-05
3.864970645792565329e-01 1.473294431972176392e-05
3.884540117416830918e-01 1.513500952914612174e-05
3.904109589041098727e-01 1.554539602823622717e-05
3.923679060665364315e-01 1.596420069193398304e-05
3.943248532289631569e-01 1.639152039523106727e-05
3.962818003913895493e-01 1.682745201309427194e-05
3.982387475538162747e-01 1.727209242045305189e-05
4.001956947162428335e-01 1.772553849233641886e-05
4.021526418786695589e-01 1.818788710364894527e-05
4.041095890410961178e-01 1.865518991649561589e-05
4.060665362035226766e-01 1.910374120168756079e-05
4.080234833659492910e-01 1.955798181487105827e-05
4.099804305283760164e-01 2.001788203413482908e-05
4.119373776908025753e-01 2.048341213759248317e-05
4.138943248532291341e-01 2.095454240335763049e-05
4.158512720156556930e-01 2.143124310953143302e-05
4.178082191780824184e-01 2.191348453422750409e-05
4.197651663405089772e-01 2.240123695554700566e-05
4.217221135029355361e-01 2.289447065162843352e-05
4.236790606653620950e-01 2.339315590054806719e-05
4.256360078277888759e-01 2.389726298043195785e-05
4.275929549902154347e-01 2.440676216938127084e-05
4.295499021526421601e-01 2.492162374550961612e-05
4.315068493150687190e-01 2.544181798694304487e-05
4.334637964774952779e-01 2.596731517174539539e-05
4.354207436399220033e-01 2.649808557808004591e-05
4.373776908023486176e-01 2.703409948401083471e-05
4.393346379647751765e-01 2.757532716768869882e-05
4.412915851272017354e-01 2.812173890718991436e-05
4.432485322896284607e-01 2.867330498064053928e-05
4.452054794520550196e-01 2.922999566615418015e-05
4.471624266144815785e-01 2.979178124181955771e-05
4.491193737769081373e-01 3.035863198578760898e-05
4.510763209393348627e-01 3.091410689024156743e-05
4.530332681017614216e-01 3.141946871412945824e-05
4.549902152641882025e-01 3.192133143299491488e-05
4.569471624266145393e-01 3.241933960700338981e-05
4.589041095890413202e-01 3.291313779634520438e-05
4.608610567514678791e-01 3.340237056117336306e-05
4.628180039138946045e-01 3.388668246167821432e-05
4.647749510763211633e-01 3.436571805805007274e-05
4.667318982387477222e-01 3.483912191045439077e-05
4.686888454011745031e-01 3.530653857905662090e-05
4.706457925636010620e-01 3.576761262405953246e-05
4.726027397260276208e-01 3.622198860560369549e-05
4.745596868884541797e-01 3.666931108391676178e-05
4.765166340508809051e-01 3.710922461912684659e-05
4.784735812133074639e-01 3.753803145367155488e-05
4.804305283757341893e-01 3.793282981428799158e-05
4.823874755381605817e-01 3.831377545889034212e-05
4.843444227005873071e-01 3.868022232276856860e-05
4.863013698630138659e-01 3.903152434113796543e-05
4.882583170254406468e-01 3.936703544925117780e-05
4.902152641878670392e-01 3.968610958241060223e-05
4.921722113502937646e-01 3.998810067576932705e-05
4.941291585127203234e-01 4.027236266465463799e-05
4.960861056751470488e-01 4.053824948429429780e-05
4.980430528375734411e-01 4.078511506992848335e-05
5.000000000000002220e-01 4.101231335684715670e-05
