simulated data
number of E (V), I (A) couples: 400
0.495	3.7442358E-012
0.49	9.5642041E-013
0.485	2.1297125E-012
0.48	2.3232427E-012
0.475	2.6647047E-012
0.47	3.156171E-012
0.465	3.7872534E-012
0.46	4.5661025E-012
0.455	5.5173268E-012
0.45	6.6762825E-012
0.445	8.0873377E-012
0.44	9.8052374E-012
0.435	1.1895727E-011
0.43	1.4437484E-011
0.425	1.752667E-011
0.42	2.1281236E-011
0.415	2.584435E-011
0.41	3.1389355E-011
0.405	3.8126938E-011
0.4	4.6313451E-011
0.395	5.6260383E-011
0.39	6.8346025E-011
0.385	8.302996E-011
0.38	1.0087064E-010
0.375	1.2254659E-010
0.37	1.4888216E-010
0.365	1.8087889E-010
0.36	2.1975361E-010
0.355	2.6698472E-010
0.35	3.2436837E-010
0.345	3.9408683E-010
0.34	4.7879142E-010
0.335	5.8170335E-010
0.33	7.0673621E-010
0.325	8.5864479E-010
0.32	1.0432059E-009
0.315	1.267438E-009
0.31	1.539868E-009
0.305	1.8708558E-009
0.3	2.2729877E-009
0.295	2.7615552E-009
0.29	3.3551364E-009
0.285	4.0763022E-009
0.28	4.952474E-009
0.275	6.0169666E-009
0.27	7.3102537E-009
0.265	8.881506E-009
0.26	1.079046E-008
0.255	1.3109686E-008
0.25	1.5927345E-008
0.245	1.9350538E-008
0.24	2.3509364E-008
0.235	2.8561866E-008
0.23	3.4700014E-008
0.225	4.2156987E-008
0.22	5.1216E-008
0.215	6.2221019E-008
0.21	7.5589762E-008
0.205	9.1829465E-008
0.2	1.11556E-007
0.195	1.3551702E-007
0.19	1.6462004E-007
0.185	1.9996637E-007
0.18	2.4289217E-007
0.175	2.9501807E-007
0.17	3.58309E-007
0.165	4.3514629E-007
0.16	5.2841438E-007
0.155	6.4160483E-007
0.15	7.7894079E-007
0.145	9.4552531E-007
0.14	1.1475175E-006
0.135	1.3923405E-006
0.13	1.688925E-006
0.125	2.0479931E-006
0.12	2.4823836E-006
0.115	3.0074214E-006
0.11	3.6413269E-006
0.105	4.4056596E-006
0.1	5.3257783E-006
0.095	6.431292E-006
0.09	7.7564561E-006
0.085	9.3404465E-006
0.08	1.1227416E-005
0.075	1.3466196E-005
0.07	1.6109479E-005
0.065	1.921225E-005
0.06	2.282925E-005
0.055	2.7011207E-005
0.05	3.1799679E-005
0.045	3.722046E-005
0.04	4.327579E-005
0.035	4.9935992E-005
0.03	5.7131653E-005
0.025	6.4747941E-005
0.02	7.2622963E-005
0.015	8.055192E-005
0.01	8.8298127E-005
0.005	9.5610601E-005
-3.76435E-016	0.00010224625
-0.005	0.00010799318
-0.01	0.00011269093
-0.015	0.00011624391
-0.02	0.00011862593
-0.025	0.00011987577
-0.03	0.00012008553
-0.035	0.00011938497
-0.04	0.00011792485
-0.045	0.00011586182
-0.05	0.00011334652
-0.055	0.00011051545
-0.06	0.00010748636
-0.065	0.00010435653
-0.07	0.00010120324
-0.075	9.8085473E-005
-0.08	9.5046365E-005
-0.085	9.2115874E-005
-0.09	8.9313365E-005
-0.095	8.6649944E-005
-0.1	8.4130467E-005
-0.105	8.1755202E-005
-0.11	7.9521164E-005
-0.115	7.742316E-005
-0.12	7.5454585E-005
-0.125	7.3608023E-005
-0.13	7.1875686E-005
-0.135	7.0249724E-005
-0.14	6.8722444E-005
-0.145	6.7286449E-005
-0.15	6.5934733E-005
-0.155	6.4660727E-005
-0.16	6.3458324E-005
-0.165	6.2321878E-005
-0.17	6.1246196E-005
-0.175	6.0226517E-005
-0.18	5.9258489E-005
-0.185	5.8338137E-005
-0.19	5.7461839E-005
-0.195	5.6626297E-005
-0.2	5.5828505E-005
-0.205	5.5065729E-005
-0.21	5.4335477E-005
-0.215	5.3635479E-005
-0.22	5.2963666E-005
-0.225	5.231815E-005
-0.23	5.1697207E-005
-0.235	5.109926E-005
-0.24	5.0522866E-005
-0.245	4.9966703E-005
-0.25	4.942956E-005
-0.255	4.8910321E-005
-0.26	4.8407962E-005
-0.265	4.792154E-005
-0.27	4.7450184E-005
-0.275	4.699309E-005
-0.28	4.6549515E-005
-0.285	4.6118769E-005
-0.29	4.5700215E-005
-0.295	4.5293258E-005
-0.3	4.4897346E-005
-0.305	4.4511967E-005
-0.31	4.4136639E-005
-0.315	4.3770916E-005
-0.32	4.3414377E-005
-0.325	4.3066632E-005
-0.33	4.272731E-005
-0.335	4.2396068E-005
-0.34	4.2072579E-005
-0.345	4.1756538E-005
-0.35	4.1447657E-005
-0.355	4.1145663E-005
-0.36	4.0850298E-005
-0.365	4.056132E-005
-0.37	4.0278497E-005
-0.375	4.0001613E-005
-0.38	3.9730458E-005
-0.385	3.9464836E-005
-0.39	3.9204561E-005
-0.395	3.8949452E-005
-0.4	3.8699342E-005
-0.405	3.8454068E-005
-0.41	3.8213474E-005
-0.415	3.7977415E-005
-0.42	3.7745748E-005
-0.425	3.751834E-005
-0.43	3.7295059E-005
-0.435	3.7075784E-005
-0.44	3.6860396E-005
-0.445	3.664878E-005
-0.45	3.6440828E-005
-0.455	3.6236435E-005
-0.46	3.60355E-005
-0.465	3.5837928E-005
-0.47	3.5643623E-005
-0.475	3.5452498E-005
-0.48	3.5264467E-005
-0.485	3.5079445E-005
-0.49	3.4897353E-005
-0.495	3.4718115E-005
-0.5	3.4541655E-005
-0.495	3.4367898E-005
-0.49	3.4196784E-005
-0.485	3.4028239E-005
-0.48	3.3862202E-005
-0.475	3.369861E-005
-0.47	3.3537402E-005
-0.465	3.3378521E-005
-0.46	3.3221909E-005
-0.455	3.3067513E-005
-0.45	3.2915281E-005
-0.445	3.2765161E-005
-0.44	3.2617103E-005
-0.435	3.2471061E-005
-0.43	3.2326987E-005
-0.425	3.2184838E-005
-0.42	3.2044569E-005
-0.415	3.1906139E-005
-0.41	3.1769506E-005
-0.405	3.1634631E-005
-0.4	3.1501476E-005
-0.395	3.1370003E-005
-0.39	3.1240175E-005
-0.385	3.1111957E-005
-0.38	3.0985315E-005
-0.375	3.0860216E-005
-0.37	3.0736625E-005
-0.365	3.0614512E-005
-0.36	3.0493845E-005
-0.355	3.0374592E-005
-0.35	3.0256725E-005
-0.345	3.0140212E-005
-0.34	3.0025024E-005
-0.335	2.9911132E-005
-0.33	2.9798507E-005
-0.325	2.9687118E-005
-0.32	2.9576937E-005
-0.315	2.9467932E-005
-0.31	2.9360072E-005
-0.305	2.9253324E-005
-0.3	2.9147654E-005
-0.295	2.9043026E-005
-0.29	2.8939401E-005
-0.285	2.8836735E-005
-0.28	2.8734982E-005
-0.275	2.8634089E-005
-0.27	2.8533998E-005
-0.265	2.843464E-005
-0.26	2.8335938E-005
-0.255	2.8237803E-005
-0.25	2.8140129E-005
-0.245	2.8042793E-005
-0.24	2.7945647E-005
-0.235	2.7848519E-005
-0.23	2.77512E-005
-0.225	2.7653443E-005
-0.22	2.7554948E-005
-0.215	2.7455358E-005
-0.21	2.735424E-005
-0.205	2.7251074E-005
-0.2	2.7145228E-005
-0.195	2.7035942E-005
-0.19	2.6922295E-005
-0.185	2.6803172E-005
-0.18	2.6677225E-005
-0.175	2.6542819E-005
-0.17	2.6397976E-005
-0.165	2.6240304E-005
-0.16	2.6066904E-005
-0.155	2.5874273E-005
-0.15	2.5658176E-005
-0.145	2.5413497E-005
-0.14	2.5134064E-005
-0.135	2.4812444E-005
-0.13	2.4439693E-005
-0.125	2.4005077E-005
-0.12	2.3495745E-005
-0.115	2.2896363E-005
-0.11	2.2188697E-005
-0.105	2.1351179E-005
-0.1	2.0358438E-005
-0.095	1.9180857E-005
-0.09	1.7784172E-005
-0.085	1.61292E-005
-0.08	1.4171783E-005
-0.075	1.1863087E-005
-0.07	9.1504195E-006
-0.065	5.978799E-006
-0.06	2.2934934E-006
-0.055	-1.9562141E-006
-0.05	-6.8118636E-006
-0.045	-1.2299226E-005
-0.04	-1.8420514E-005
-0.035	-2.514602E-005
-0.03	-3.2406297E-005
-0.025	-4.0086483E-005
-0.02	-4.8024661E-005
-0.015	-5.6016015E-005
-0.01	-6.3823857E-005
-0.005	-7.1197221E-005
-2.89699E-016	-7.7893046E-005
0.005	-8.3699485E-005
0.01	-8.8456131E-005
0.015	-9.2067468E-005
0.02	-9.4507382E-005
0.025	-9.5814693E-005
0.03	-9.6081574E-005
0.035	-9.5437834E-005
0.04	-9.403425E-005
0.045	-9.2027492E-005
0.05	-8.9568221E-005
0.055	-8.6792938E-005
0.06	-8.3819378E-005
0.065	-8.074483E-005
0.07	-7.7646551E-005
0.075	-7.4583515E-005
0.08	-7.1598852E-005
0.085	-6.872251E-005
0.09	-6.5973842E-005
0.095	-6.3363948E-005
0.1	-6.0897679E-005
0.105	-5.8575297E-005
0.11	-5.6393813E-005
0.115	-5.4348032E-005
0.12	-5.2431346E-005
0.125	-5.0636341E-005
0.13	-4.8955226E-005
0.135	-4.7380153E-005
0.14	-4.590343E-005
0.145	-4.4517661E-005
0.15	-4.3215843E-005
0.155	-4.1991408E-005
0.16	-4.0838251E-005
0.165	-3.9750729E-005
0.17	-3.8723653E-005
0.175	-3.7752263E-005
0.18	-3.683221E-005
0.185	-3.5959524E-005
0.19	-3.5130584E-005
0.195	-3.4342095E-005
0.2	-3.3591055E-005
0.205	-3.2874733E-005
0.21	-3.219064E-005
0.215	-3.1536508E-005
0.22	-3.0910273E-005
0.225	-3.0310049E-005
0.23	-2.9734114E-005
0.235	-2.9180895E-005
0.24	-2.8648952E-005
0.245	-2.8136967E-005
0.25	-2.7643728E-005
0.255	-2.7168127E-005
0.26	-2.6709139E-005
0.265	-2.6265825E-005
0.27	-2.5837317E-005
0.275	-2.5422813E-005
0.28	-2.5021572E-005
0.285	-2.463291E-005
0.29	-2.4256188E-005
0.295	-2.3890817E-005
0.3	-2.3536246E-005
0.305	-2.3191965E-005
0.31	-2.2857496E-005
0.315	-2.2532394E-005
0.32	-2.2216241E-005
0.325	-2.1908648E-005
0.33	-2.160925E-005
0.335	-2.1317701E-005
0.34	-2.1033681E-005
0.345	-2.0756884E-005
0.35	-2.0487025E-005
0.355	-2.0223833E-005
0.36	-1.9967054E-005
0.365	-1.9716445E-005
0.37	-1.9471779E-005
0.375	-1.9232839E-005
0.38	-1.899942E-005
0.385	-1.8771327E-005
0.39	-1.8548373E-005
0.395	-1.8330384E-005
0.4	-1.8117191E-005
0.405	-1.7908634E-005
0.41	-1.770456E-005
0.415	-1.7504823E-005
0.42	-1.7309285E-005
0.425	-1.7117812E-005
0.43	-1.6930277E-005
0.435	-1.6746557E-005
0.44	-1.6566537E-005
0.445	-1.6390103E-005
0.45	-1.6217149E-005
0.455	-1.6047571E-005
0.46	-1.5881271E-005
0.465	-1.5718153E-005
0.47	-1.5558126E-005
0.475	-1.5401102E-005
0.48	-1.5246996E-005
0.485	-1.5095728E-005
0.49	-1.4947217E-005
0.495	-1.480139E-005
0.5	-1.4658172E-005
