5.000000000000000000e-01 1.000000000000000000e+00 0.000000000000000000e+00
4.980430528375733301e-01 9.999999982743186244e-01 1.725680938158788219e-09
4.960861056751467713e-01 9.999999978186443483e-01 2.181355591412240500e-09
4.941291585127201569e-01 9.999999974878586162e-01 2.512141590181815356e-09
4.921722113502935980e-01 9.999999971630446627e-01 2.836955860284171548e-09
4.902152641878669281e-01 9.999999968556232410e-01 3.144377129221644227e-09
4.882583170254402583e-01 9.999999965500487864e-01 3.449951353787624952e-09
4.863013698630136994e-01 9.999999962444745538e-01 3.755525578353606503e-09
4.843444227005870295e-01 9.999999959389000992e-01 4.061099802919588054e-09
4.823874755381604706e-01 9.999999955502799631e-01 4.449719834195608631e-09
4.804305283757338563e-01 9.999999951419262789e-01 4.858073522511640791e-09
4.784735812133071864e-01 9.999999947335725947e-01 5.266427210827673778e-09
4.765166340508806275e-01 9.999999943252186885e-01 5.674780899143705110e-09
4.745596868884539576e-01 9.999999939168650043e-01 6.083134587459736443e-09
4.726027397260273988e-01 9.999999935085113201e-01 6.491488275775769430e-09
4.706457925636007844e-01 9.999999931001577469e-01 6.899841964091799935e-09
4.686888454011742255e-01 9.999999926918037296e-01 7.308195652407832922e-09
4.667318982387475557e-01 9.999999920012343502e-01 7.998765992119174898e-09
4.647749510763208858e-01 9.999999911347381421e-01 8.865263595037980038e-09
4.628180039138943269e-01 9.999999902682420450e-01 9.731761197956788486e-09
4.608610567514677125e-01 9.999999894017459479e-01 1.059825880087559528e-08
4.589041095890410982e-01 9.999999885352498508e-01 1.146475640379440207e-08
4.569471624266144838e-01 9.999999876687535316e-01 1.233125400671321217e-08
4.549902152641878139e-01 9.999999868022573235e-01 1.319775160963201566e-08
4.530332681017612551e-01 9.999999859357613374e-01 1.406424921255082742e-08
4.510763209393345852e-01 9.999999850692651293e-01 1.493074681546963586e-08
4.491193737769080263e-01 9.999999842027691432e-01 1.579724441838843769e-08
4.471624266144814119e-01 9.999999833362729351e-01 1.666374202130724283e-08
4.452054794520547421e-01 9.999999824697766160e-01 1.753023962422605790e-08
4.432485322896281832e-01 9.999999816032805189e-01 1.839673722714485973e-08
4.412915851272015133e-01 9.999999807367844218e-01 1.926323483006367149e-08
4.393346379647749544e-01 9.999999798702883247e-01 2.012973243298247332e-08
4.373776908023483401e-01 9.999999790037921166e-01 2.099623003590128507e-08
4.354207436399216702e-01 9.999999774879680947e-01 2.251205410894139466e-08
4.334637964774951113e-01 9.999999738226458268e-01 2.617737270376225377e-08
4.315068493150684414e-01 9.999999701573230038e-01 2.984269129858308641e-08
4.295499021526418826e-01 9.999999664920005138e-01 3.350800989340392897e-08
4.275929549902152127e-01 9.999999628266780238e-01 3.717332848822478477e-08
4.256360078277886538e-01 9.999999591613555339e-01 4.083864708304564719e-08
4.236790606653620395e-01 9.999999554960332659e-01 4.450396567786646329e-08
4.217221135029353696e-01 9.999999518307107760e-01 4.816928427268731909e-08
4.197651663405088107e-01 9.999999481653880640e-01 5.183460286750817489e-08
4.178082191780821408e-01 9.999999445000655740e-01 5.549992146232902407e-08
4.158512720156555820e-01 9.999999408347430840e-01 5.916524005714986664e-08
4.138943248532289676e-01 9.999999371694204831e-01 6.283055865197070920e-08
4.119373776908022977e-01 9.999999335040982151e-01 6.649587724679156501e-08
4.099804305283757389e-01 9.999999298387755031e-01 7.016119584161240757e-08
4.080234833659490690e-01 9.999999261734529021e-01 7.382651443643327661e-08
4.060665362035224546e-01 9.999999225081304122e-01 7.749183303125410594e-08
4.041095890410958957e-01 9.999999188428079222e-01 8.115715162607493527e-08
4.021526418786692814e-01 9.999999151774856543e-01 8.482247022089581754e-08
4.001956947162426670e-01 9.999999115121631643e-01 8.848778881571666010e-08
3.982387475538159971e-01 9.999999078468404523e-01 9.215310741053750267e-08
3.962818003913894382e-01 9.999999041815178513e-01 9.581842600535831877e-08
3.943248532289627684e-01 9.999999005161953614e-01 9.948374460017916133e-08
3.923679060665361540e-01 9.999998968508728714e-01 1.031490631950000701e-07
3.904109589041095951e-01 9.999998931855504924e-01 1.068143817898208994e-07
3.884540117416829252e-01 9.999998895202280025e-01 1.104797003846417420e-07
3.864970645792563664e-01 9.999998858549052905e-01 1.141450189794625581e-07
3.845401174168296965e-01 9.999998821895828005e-01 1.178103375742834271e-07
3.825831702544030821e-01 9.999998785242603105e-01 1.214756561691042432e-07
3.806262230919765233e-01 9.999998748589380426e-01 1.251409747639251519e-07
3.786692759295498534e-01 9.999998711936155527e-01 1.288062933587459548e-07
3.767123287671232945e-01 9.999998675282928406e-01 1.324716119535668106e-07
3.747553816046966246e-01 9.999998638629703507e-01 1.361369305483876664e-07
3.727984344422700103e-01 9.999998601976477497e-01 1.398022491432085222e-07
3.708414872798433959e-01 9.999998375632581649e-01 1.624366372007835956e-07
3.688845401174168370e-01 9.999997930163255777e-01 2.069835710170565449e-07
3.669275929549902227e-01 9.999997484693925465e-01 2.515305048333292825e-07
3.649706457925635528e-01 9.999997039224597373e-01 2.960774386496022848e-07
3.630136986301369384e-01 9.999996593755268171e-01 3.406243724658754989e-07
3.610567514677103240e-01 9.999996148285941189e-01 3.851713062821479718e-07
3.590998043052837096e-01 9.999995702816611987e-01 4.297182400984209741e-07
3.571428571428571508e-01 9.999995257347282784e-01 4.742651739146938705e-07
3.551859099804304809e-01 9.999994811877953582e-01 5.188121077309669787e-07
3.532289628180038665e-01 9.999994366408626600e-01 5.633590415472397693e-07
3.512720156555772522e-01 9.999993920939299619e-01 6.079059753635127716e-07
3.493150684931506378e-01 9.999993475469970416e-01 6.524529091797857739e-07
3.473581213307240789e-01 9.999993030000644545e-01 6.969998429960583526e-07
3.454011741682974090e-01 9.999992584531314233e-01 7.415467768123312491e-07
3.434442270058708502e-01 9.999992139061986141e-01 7.860937106286038278e-07
3.414872798434441803e-01 9.999991693592656938e-01 8.306406444448772537e-07
3.395303326810175659e-01 9.999991248123329957e-01 8.751875782611502560e-07
3.375733855185909515e-01 9.999990802654000754e-01 9.197345120774235759e-07
3.356164383561643372e-01 9.999990357184671552e-01 9.642814458936959429e-07
3.336594911937377783e-01 9.999989911715344570e-01 1.008828379709968733e-06
3.317025440313111084e-01 9.999989466246015368e-01 1.053375313526241312e-06
3.297455968688844941e-01 9.999989020776688387e-01 1.097922247342514738e-06
3.277886497064578797e-01 9.999988575307359184e-01 1.142469181158787740e-06
3.258317025440312653e-01 9.999988129838033313e-01 1.187016114975060531e-06
3.238747553816047065e-01 9.999987684368703000e-01 1.231563048791333533e-06
3.219178082191780366e-01 9.999987238899374908e-01 1.276109982607605900e-06
3.199608610567514777e-01 9.999986793430046816e-01 1.320656916423879326e-06
3.180039138943248078e-01 9.999986347960718724e-01 1.365203850240152328e-06
3.160469667318981379e-01 9.999985902491389522e-01 1.409750784056425119e-06
3.140900195694715791e-01 9.999985457022060320e-01 1.454297717872697909e-06
3.121330724070449647e-01 9.999985011552733338e-01 1.498844651688970912e-06
3.101761252446184058e-01 9.999984566083406357e-01 1.543391585505243491e-06
3.082191780821917360e-01 9.999984120614077154e-01 1.587938519321516281e-06
3.062622309197651216e-01 9.999983675144750173e-01 1.632485453137789072e-06
3.043052837573385072e-01 9.999983229675420970e-01 1.677032386954062497e-06
3.023483365949118928e-01 9.999982784206091768e-01 1.721579320770335500e-06
3.003913894324852785e-01 9.999982338736763676e-01 1.766126254586608502e-06
2.984344422700586641e-01 9.999981893267435584e-01 1.810673188402881293e-06
2.964774951076320497e-01 9.999981447798107492e-01 1.855220122219153660e-06
2.945205479452054353e-01 9.999981002328777180e-01 1.899767056035426662e-06
2.925636007827788210e-01 9.999980556859451308e-01 1.944313989851699241e-06
2.906066536203522066e-01 9.999980111390120996e-01 1.988860923667973090e-06
2.886497064579256477e-01 9.999979665920795124e-01 2.033407857484245669e-06
2.866927592954989779e-01 9.999979220451464812e-01 2.077954791300519095e-06
2.847358121330723080e-01 9.999978774982138940e-01 2.122501725116792097e-06
2.827788649706456936e-01 9.999978329512808628e-01 2.167048658933065099e-06
2.808219178082191347e-01 9.999977884043480536e-01 2.211595592749337254e-06
2.788649706457925204e-01 9.999977438574150224e-01 2.256142526565610257e-06
2.769080234833659060e-01 9.999976993104824352e-01 2.300689460381883259e-06
2.749510763209392916e-01 9.999976547635495150e-01 2.345236394198155838e-06
2.729941291585126772e-01 9.999976102166165948e-01 2.389783328014429264e-06
2.710371819960860629e-01 9.999975656696838966e-01 2.434330261830701419e-06
2.690802348336594485e-01 9.999975211227511984e-01 2.478877195646974421e-06
2.671232876712328341e-01 9.999974765758182782e-01 2.523424129463247424e-06
2.651663405088062198e-01 9.999974320288853580e-01 2.567971063279520849e-06
2.632093933463796054e-01 9.999973874819526598e-01 2.612517997095792581e-06
2.612524461839529355e-01 9.999973429350197396e-01 2.657064930912066854e-06
2.592954990215263211e-01 9.999972983880869304e-01 2.701611864728339433e-06
2.573385518590997623e-01 9.999972538411541212e-01 2.746158798544612435e-06
2.553816046966731479e-01 9.999972092942213120e-01 2.790705732360885437e-06
2.534246575342465335e-01 9.999971647472883918e-01 2.835252666177158440e-06
2.514677103718199191e-01 9.999971202003556936e-01 2.879799599993431442e-06
2.495107632093933048e-01 9.999970756534227734e-01 2.924346533809704444e-06
2.475538160469666626e-01 9.999970311064900752e-01 2.968893467625977023e-06
2.455968688845400483e-01 9.999969865595571550e-01 3.013440401442248755e-06
2.436399217221134617e-01 9.999969420126244568e-01 3.057987335258522604e-06
2.416829745596868473e-01 9.999967583978157659e-01 3.241602144231862310e-06
2.397260273972602329e-01 9.999965639932578698e-01 3.436006702139802122e-06
2.377690802348336185e-01 9.999963695887004178e-01 3.630411260047741086e-06
2.358121330724069764e-01 9.999961751841428548e-01 3.824815817955683862e-06
2.338551859099803620e-01 9.999959807795850697e-01 4.019220375863623250e-06
2.318982387475537754e-01 9.999957863750276177e-01 4.213624933771560943e-06
2.299412915851271055e-01 9.999955919704699436e-01 4.408029491679501178e-06
2.279843444227005189e-01 9.999953975659121586e-01 4.602434049587438872e-06
2.260273972602739045e-01 9.999952031613543735e-01 4.796838607495379107e-06
2.240704500978472902e-01 9.999950087567970325e-01 4.991243165403316801e-06
2.221135029354206758e-01 9.999948143522391364e-01 5.185647723311256188e-06
2.201565557729940892e-01 9.999946199476814623e-01 5.380052281219196423e-06
2.181996086105674748e-01 9.999944255431241213e-01 5.574456839127133270e-06
2.162426614481408604e-01 9.999942311385663363e-01 5.768861397035074352e-06
2.142857142857142461e-01 9.999940367340085512e-01 5.963265954943012046e-06
2.123287671232876039e-01 9.999938423294509882e-01 6.157670512850951433e-06
2.103718199608609618e-01 9.999936479248933141e-01 6.352075070758894209e-06
2.084148727984343474e-01 9.999934535203356401e-01 6.546479628666832750e-06
2.064579256360077331e-01 9.999932591157780770e-01 6.740884186574771291e-06
2.045009784735811464e-01 9.999930647112205140e-01 6.935288744482711526e-06
2.025440313111545321e-01 9.999928703066627289e-01 7.129693302390650067e-06
2.005870841487279177e-01 9.999926759021051659e-01 7.324097860298587760e-06
1.986301369863013033e-01 9.999924814975474918e-01 7.518502418206527995e-06
1.966731898238747167e-01 9.999922870929898178e-01 7.712906976114466536e-06
1.947162426614481023e-01 9.999920926884322547e-01 7.907311534022405924e-06
1.927592954990214602e-01 9.999918982838745807e-01 8.101716091930345312e-06
1.908023483365948458e-01 9.999917038793169066e-01 8.296120649838284699e-06
1.888454011741682315e-01 9.999915094747593436e-01 8.490525207746222393e-06
1.868884540117416448e-01 9.999913150702014475e-01 8.684929765654161781e-06
1.849315068493149750e-01 9.999911206656439955e-01 8.879334323562102863e-06
1.829745596868883606e-01 9.999909262610864324e-01 9.073738881470042251e-06
1.810176125244617740e-01 9.999907318565285363e-01 9.268143439377981638e-06
1.790606653620351596e-01 9.999904612219423505e-01 9.538778025784615364e-06
1.771037181996085452e-01 9.999897903797065890e-01 1.020962026180929102e-05
1.751467710371819031e-01 9.999891195374706054e-01 1.088046249783396838e-05
1.731898238747552887e-01 9.999884486952348439e-01 1.155130473385864573e-05
1.712328767123286744e-01 9.999877778529988603e-01 1.222214696988332139e-05
1.692759295499020877e-01 9.999871070107628768e-01 1.289298920590800383e-05
1.673189823874754734e-01 9.999864361685268932e-01 1.356383144193268118e-05
1.653620352250488590e-01 9.999857653262909096e-01 1.423467367795735515e-05
1.634050880626222724e-01 9.999850944840551481e-01 1.490551591398203589e-05
1.614481409001956025e-01 9.999844236418191645e-01 1.557635815000672341e-05
1.594911937377690159e-01 9.999837527995834030e-01 1.624720038603140584e-05
1.575342465753424015e-01 9.999830819573474194e-01 1.691804262205608150e-05
1.555772994129157316e-01 9.999824111151114359e-01 1.758888485808076055e-05
1.536203522504891450e-01 9.999817402728756743e-01 1.825972709410543960e-05
1.516634050880625306e-01 9.999810694306396908e-01 1.893056933013011526e-05
1.497064579256359163e-01 9.999803985884037072e-01 1.960141156615479431e-05
1.477495107632093296e-01 9.999797277461677236e-01 2.027225380217947335e-05
1.457925636007827153e-01 9.999790569039316290e-01 2.094309603820414901e-05
1.438356164383561009e-01 9.999783860616959785e-01 2.161393827422882467e-05
1.418786692759294865e-01 9.999777152194601060e-01 2.228478051025350033e-05
1.399217221135028999e-01 9.999770443772241224e-01 2.295562274627817599e-05
1.379647749510762300e-01 9.999763735349881388e-01 2.362646498230285165e-05
1.360078277886495879e-01 9.999757026927520442e-01 2.429730721832755103e-05
1.340508806262229735e-01 9.999750318505161717e-01 2.496814945435222669e-05
1.320939334637963869e-01 9.999743610082804102e-01 2.563899169037690574e-05
1.301369863013697725e-01 9.999736901660443156e-01 2.630983392640158817e-05
1.281800391389431582e-01 9.999730193238083320e-01 2.698067616242626383e-05
1.262230919765165438e-01 9.999723484815725705e-01 2.765151839845093949e-05
1.242661448140899433e-01 9.999716776393365869e-01 2.832236063447561515e-05
1.223091976516633428e-01 9.999710067971008254e-01 2.899320287050029420e-05
1.203522504892367284e-01 9.999703359548648418e-01 2.966404510652496986e-05
1.183953033268100863e-01 9.999696651126288582e-01 3.033488734254964891e-05
1.164383561643834719e-01 9.999685745100928003e-01 3.142549080314411658e-05
1.144814090019568714e-01 9.999663077899649810e-01 3.369221444554117411e-05
1.125244618395302570e-01 9.999640410698373838e-01 3.595893808793824520e-05
1.105675146771036566e-01 9.999617743497095645e-01 3.822566173033530273e-05
1.086105675146770005e-01 9.999595076295816343e-01 4.049238537273241447e-05
1.066536203522504417e-01 9.999572409094537040e-01 4.275910901512945846e-05
1.046966731898237857e-01 9.999549741893261068e-01 4.502583265752656342e-05
1.027397260273972268e-01 9.999527074691981765e-01 4.729255629992357352e-05
1.007827788649705292e-01 9.999504407490705793e-01 4.955927994232069204e-05
9.882583170254388705e-02 9.999481740289426490e-01 5.182600358471780379e-05
9.686888454011731431e-02 9.999459073088148298e-01 5.409272722711483422e-05
9.491193737769067218e-02 9.999436405886872326e-01 5.635945086951193918e-05
9.295499021526411332e-02 9.999413738685591913e-01 5.862617451190896961e-05
9.099804305283745731e-02 9.999391071484313720e-01 6.089289815430607458e-05
8.904109589041089845e-02 9.999368404283035527e-01 6.315962179670309823e-05
8.708414872798424244e-02 9.999345737081759555e-01 6.542634543910019643e-05
8.512720156555768358e-02 9.999323069880482473e-01 6.769306908149722685e-05
8.317025440313102758e-02 9.999300402679203170e-01 6.995979272389433860e-05
8.121330724070446871e-02 9.999277735477924978e-01 7.222651636629135547e-05
7.925636007827781271e-02 9.999255068276647895e-01 7.449324000868848077e-05
7.729941291585125385e-02 9.999232401075369703e-01 7.675996365108549765e-05
7.534246575342459784e-02 9.999209733874090400e-01 7.902668729348260939e-05
7.338551859099795571e-02 9.999187066672814428e-01 8.129341093587974824e-05
7.142857142857129971e-02 9.999164399471536235e-01 8.356013457827673801e-05
6.947162426614464370e-02 9.999141732270258043e-01 8.582685822067386331e-05
6.751467710371808484e-02 9.999119065068979850e-01 8.809358186307085308e-05
6.555772994129142883e-02 9.999096397867701658e-01 9.036030550546800548e-05
6.360078277886486997e-02 9.999073730666423465e-01 9.262702914786502236e-05
6.164383561643822090e-02 9.999051063465146383e-01 9.489375279026212055e-05
5.968688845401166204e-02 9.999028396263867080e-01 9.716047643265913743e-05
5.772994129158500604e-02 9.999005729062591108e-01 9.942720007505626272e-05
5.577299412915844717e-02 9.998983061861311805e-01 1.016939237174532796e-04
5.381604696673179117e-02 9.998951524509289701e-01 1.048476601010117821e-04
5.185909980430523231e-02 9.998904625608651120e-01 1.095375473059395199e-04
4.990215264187858324e-02 9.998857726708012539e-01 1.142274345108674609e-04
4.794520547945192723e-02 9.998810827807372847e-01 1.189173217157954291e-04
4.598825831702536837e-02 9.998763928906730936e-01 1.236072089207231398e-04
4.403131115459871237e-02 9.998717030006090134e-01 1.282970961256510944e-04
4.207436399217215350e-02 9.998670131105453773e-01 1.329869833305788321e-04
4.011741682974550444e-02 9.998623232204812972e-01 1.376768705355067867e-04
3.816046966731893864e-02 9.998576333304169950e-01 1.423667577404345245e-04
3.620352250489228957e-02 9.998529434403531369e-01 1.470566449453625062e-04
3.424657534246564050e-02 9.998482535502892787e-01 1.517465321502902711e-04
3.228962818003898450e-02 9.998435636602249765e-01 1.564364193552182257e-04
3.033268101761242563e-02 9.998388737701611184e-01 1.611263065601459634e-04
2.837573385518577310e-02 9.998341838800972603e-01 1.658161937650739180e-04
2.641878669275921077e-02 9.998294939900331801e-01 1.705060809700016558e-04
2.446183953033255823e-02 9.998248040999691000e-01 1.751959681749296104e-04
2.250489236790590569e-02 9.998200837375138539e-01 1.799163278225696713e-04
2.054794520547934683e-02 9.998111993001768116e-01 1.888007693529268605e-04
1.859099804305269429e-02 9.998023148628397694e-01 1.976852108832843750e-04
1.663405088062613196e-02 9.997934304255029492e-01 2.065696524136415100e-04
1.467710371819948116e-02 9.997845459881662400e-01 2.154540939439989703e-04
1.272015655577291883e-02 9.997756615508290867e-01 2.243385354743561324e-04
1.076320939334626803e-02 9.997667771134923775e-01 2.332229770047136198e-04
8.806262230919707432e-03 9.997578926761553353e-01 2.421074185350708362e-04
6.849315068493054028e-03 9.997490082388185151e-01 2.509918600654282694e-04
4.892367906066493431e-03 9.997401238014814728e-01 2.598763015957854857e-04
2.935420743639841328e-03 9.997312393641446526e-01 2.687607431261429189e-04
9.784735812132805150e-04 9.997223549268079434e-01 2.776451846565001352e-04
-9.784735812133715880e-04 9.997134704894707902e-01 2.865296261868575684e-04
-2.935420743640114981e-03 9.997045860521340810e-01 2.954140677172151100e-04
-4.892367906066675577e-03 9.996957016147970387e-01 3.042985092475722179e-04
-6.849315068493328114e-03 9.996868171774602185e-01 3.131829507779297595e-04
-8.806262230919889578e-03 9.996779327401233983e-01 3.220673923082869759e-04
-1.076320939334654038e-02 9.996646727950943001e-01 3.353273366430352355e-04
-1.272015655577310271e-02 9.996490409652509790e-01 3.509591631430116583e-04
-1.467710371819975351e-02 9.996334091354075468e-01 3.665909896429886232e-04
-1.663405088062631584e-02 9.996177773055638927e-01 3.822228161429650460e-04
-1.859099804305296838e-02 9.996021454757206826e-01 3.978546426429420109e-04
-2.054794520547952724e-02 9.995865136458771394e-01 4.134864691429184337e-04
-2.250489236790617978e-02 9.995708818160333742e-01 4.291182956428955071e-04
-2.446183953033274211e-02 9.995552499861901641e-01 4.447501221428718215e-04
-2.641878669275939465e-02 9.995396181563466209e-01 4.603819486428487864e-04
-2.837573385518604718e-02 9.995239863265030777e-01 4.760137751428258597e-04
-3.033268101761260604e-02 9.995083544966597566e-01 4.916456016428021741e-04
-3.228962818003926205e-02 9.994927226668162135e-01 5.072774281427791391e-04
-3.424657534246582091e-02 9.994770908369724483e-01 5.229092546427556703e-04
-3.620352250489246998e-02 9.994614590071291271e-01 5.385410811427325268e-04
-3.816046966731912599e-02 9.994436748546207117e-01 5.563252306765616032e-04
-4.011741682974577505e-02 9.994193273153075818e-01 5.806727681403112996e-04
-4.207436399217233391e-02 9.993949797759944520e-01 6.050203056040598035e-04
-4.403131115459898992e-02 9.993706322366814332e-01 6.293678430678092831e-04
-4.598825831702554878e-02 9.993462846973683034e-01 6.537153805315576785e-04
-4.794520547945220479e-02 9.993219371580553956e-01 6.780629179953072665e-04
-4.990215264187876365e-02 9.992975896187420437e-01 7.024104554590555535e-04
-5.185909980430541272e-02 9.992732420794291359e-01 7.267579929228051416e-04
-5.381604696673206872e-02 9.992488945401158951e-01 7.511055303865549464e-04
-5.577299412915862759e-02 9.992245470008029873e-01 7.754530678503032334e-04
-5.772994129158528359e-02 9.992001994614898575e-01 7.998006053140528215e-04
-5.968688845401184245e-02 9.991747306501853609e-01 8.252694148540391447e-04
-6.164383561643849152e-02 9.991393672316581931e-01 8.606328323655662929e-04
-6.360078277886505038e-02 9.991040038131313583e-01 8.959962498770919232e-04
-6.555772994129170639e-02 9.990686403946040794e-01 9.313596673886192882e-04
-6.751467710371826525e-02 9.990332769760770226e-01 9.667230849001448101e-04
-6.947162426614492126e-02 9.989979135575499658e-01 1.002086502411672284e-03
-7.142857142857148012e-02 9.989625501390227980e-01 1.037449919923197697e-03
-7.338551859099813612e-02 9.989271867204958522e-01 1.072813337434725062e-03
-7.534246575342477825e-02 9.988918233019687953e-01 1.108176754946250692e-03
-7.729941291585143426e-02 9.988564598834416275e-01 1.143540172457777841e-03
-7.925636007827809026e-02 9.988094853270688134e-01 1.190514728591546842e-03
-8.121330724070464913e-02 9.987622310273291948e-01 1.237769028111423888e-03
-8.317025440313130513e-02 9.987149767275889101e-01 1.285023327631303752e-03
-8.512720156555786399e-02 9.986677224278489584e-01 1.332277627151181231e-03
-8.708414872798452000e-02 9.986204681281092288e-01 1.379531926671060879e-03
-8.904109589041107886e-02 9.985732138283689441e-01 1.426786226190938141e-03
-9.099804305283773487e-02 9.985259595286289924e-01 1.474040525710818006e-03
-9.295499021526429373e-02 9.984698092360271282e-01 1.530190818430010461e-03
-9.491193737769093586e-02 9.984090357502509727e-01 1.590964304499082466e-03
-9.686888454011750860e-02 9.983482622644745952e-01 1.651737790568152302e-03
-9.882583170254415073e-02 9.982874887786981066e-01 1.712511276637224741e-03
-1.007827788649707096e-01 9.982267152929216181e-01 1.773284762706294794e-03
-1.027397260273973656e-01 9.981659418071453516e-01 1.834058248775366582e-03
-1.046966731898240216e-01 9.981016793495969264e-01 1.898320706736204280e-03
-1.066536203522505805e-01 9.980261645385803959e-01 1.973835518551554733e-03
-1.086105675146772365e-01 9.979506497275636434e-01 2.049350330366908439e-03
-1.105675146771037953e-01 9.978751349165473350e-01 2.124865142182259109e-03
-1.125244618395304513e-01 9.977996201055308045e-01 2.200379953997612381e-03
-1.144814090019570935e-01 9.977241052945142741e-01 2.275894765812962618e-03
-1.164383561643837495e-01 9.976372902104277962e-01 2.362709850072292669e-03
-1.183953033268103083e-01 9.975447883039687547e-01 2.455211756389544860e-03
-1.203522504892369643e-01 9.974522863975094911e-01 2.547713662706801822e-03
-1.223091976516635232e-01 9.973597844910502275e-01 2.640215569024053580e-03
-1.242661448140901792e-01 9.972672825845911859e-01 2.732717475341310542e-03
-1.262230919765167381e-01 9.971634622314942131e-01 2.836537828697521281e-03
-1.281800391389433802e-01 9.970535719266599983e-01 2.946428134005557586e-03
-1.301369863013700501e-01 9.969436816218261166e-01 3.056318439313594326e-03
-1.320939334637966089e-01 9.968337913169923459e-01 3.166208744621625860e-03
-1.340508806262232511e-01 9.967204328042982286e-01 3.279567257997804269e-03
-1.360078277886498099e-01 9.965920925116429352e-01 3.407907552234861956e-03
-1.379647749510764798e-01 9.964637522189876417e-01 3.536247846471924413e-03
-1.399217221135030387e-01 9.963354119263320152e-01 3.664588140708982533e-03
-1.418786692759296808e-01 9.962037875620781691e-01 3.796212506752760178e-03
-1.438356164383562397e-01 9.960562794264942177e-01 3.943720645133251893e-03
-1.457925636007828818e-01 9.959087712909103773e-01 4.091228783513749245e-03
-1.477495107632094684e-01 9.957612631553265370e-01 4.238736921894242261e-03
-1.497064579256361938e-01 9.956005870897868260e-01 4.399412963114697483e-03
-1.516634050880628637e-01 9.954294105467504927e-01 4.570589460208463253e-03
-1.536203522504894226e-01 9.952582340037143815e-01 4.741765957302223819e-03
-1.555772994129160647e-01 9.950870574606778263e-01 4.912942454395989589e-03
-1.575342465753426235e-01 9.948967069790038975e-01 5.103292956140278655e-03
-1.594911937377692657e-01 9.947051622844554908e-01 5.294837674870048888e-03
-1.614481409001958245e-01 9.945136175899071951e-01 5.486382393599808713e-03
-1.634050880626224944e-01 9.943014266855969563e-01 5.698573270746493113e-03
-1.653620352250490533e-01 9.940825248322915364e-01 5.917475080198819973e-03
-1.673189823874756954e-01 9.938636229789863386e-01 6.136376889651155506e-03
-1.692759295499022543e-01 9.936318703861055646e-01 6.368129478319002612e-03
-1.712328767123289242e-01 9.933903445483756034e-01 6.609655341983064133e-03
-1.731898238747554830e-01 9.931488187106456422e-01 6.851181205647115247e-03
-1.751467710371821251e-01 9.928874995033134532e-01 7.112500434230399800e-03
-1.771037181996087673e-01 9.926194849832856715e-01 7.380514973925022572e-03
-1.790606653620353539e-01 9.923514704632581118e-01 7.648529513619635803e-03
-1.810176125244619960e-01 9.920557822807801740e-01 7.944217708388552623e-03
-1.829745596868885549e-01 9.917578975472001179e-01 8.242102453674068213e-03
-1.849315068493151970e-01 9.914584002894462067e-01 8.541599722722450008e-03
-1.868884540117418669e-01 9.911394935920048166e-01 8.860506426503735738e-03
-1.888454011741685090e-01 9.908101597255525306e-01 9.189840296634672889e-03
-1.908023483365950679e-01 9.904703986900890156e-01 9.529601333115242379e-03
-1.927592954990217378e-01 9.901202104856143826e-01 9.879789535945461554e-03
-1.947162426614482966e-01 9.897595951121289648e-01 1.024040490512530613e-02
-1.966731898238749388e-01 9.893840241197975338e-01 1.061597589618165811e-02
-1.986301369863014976e-01 9.889904580697818082e-01 1.100954195177340778e-02
-2.005870841487281397e-01 9.885832689150773067e-01 1.141673111340985383e-02
-2.025440313111548096e-01 9.881624566556834743e-01 1.183754338109098241e-02
-2.045009784735813685e-01 9.877280212916010882e-01 1.227197875481677095e-02
-2.064579256360080106e-01 9.872799628228299262e-01 1.272003723458726282e-02
-2.084148727984345695e-01 9.868091679845419906e-01 1.319083207948929491e-02
-2.103718199608612394e-01 9.863196608216087125e-01 1.368033924718636309e-02
-2.123287671232877982e-01 9.858131027861438689e-01 1.418689728661151964e-02
-2.142857142857144404e-01 9.852894938781476819e-01 1.471050619776480967e-02
-2.162426614481409992e-01 9.847488340976197074e-01 1.525116598064618287e-02
-2.181996086105676413e-01 9.841890450619095176e-01 1.581095501869079351e-02
-2.201565557729942280e-01 9.836004744317587978e-01 1.639952565480114893e-02
-2.221135029354208701e-01 9.829909095122195684e-01 1.700909058098547255e-02
-2.240704500978475122e-01 9.823603503032909412e-01 1.763964979724369844e-02
-2.260273972602741821e-01 9.817087968049740265e-01 1.829120330357589252e-02
-2.279843444227008242e-01 9.810362490172683803e-01 1.896375109998202357e-02
-2.299412915851273831e-01 9.803373164362777503e-01 1.966268368875883146e-02
-2.318982387475540252e-01 9.796087878976129648e-01 2.039121223334306593e-02
-2.338551859099806118e-01 9.788533737375226806e-01 2.114662639828986113e-02
-2.358121330724072540e-01 9.780702535546894616e-01 2.192974658467389953e-02
-2.377690802348338128e-01 9.772586069477948723e-01 2.274139319356972833e-02
-2.397260273972604550e-01 9.764176135155203662e-01 2.358238662605205427e-02
-2.416829745596870138e-01 9.755464528565491733e-01 2.445354728319538984e-02
-2.436399217221136837e-01 9.746443045695620810e-01 2.535569556607445221e-02
-2.455968688845402426e-01 9.737103482532418752e-01 2.628965187576377122e-02
-2.475538160469668847e-01 9.727437635062702315e-01 2.725623661333805708e-02
-2.495107632093934436e-01 9.717437299273288254e-01 2.825627017987180842e-02
-2.514677103718200857e-01 9.707077032059154842e-01 2.929229688884300853e-02
-2.534246575342467556e-01 9.696303204769906037e-01 3.036967961352871406e-02
-2.553816046966733144e-01 9.685148587504550655e-01 3.148514133613489890e-02
-2.573385518590999843e-01 9.673602941379924047e-01 3.263970594511342305e-02
-2.592954990215265432e-01 9.661656027512885991e-01 3.383439732891585505e-02
-2.612524461839531575e-01 9.649297607020284051e-01 3.507023937599404451e-02
-2.632093933463798274e-01 9.636517441018961350e-01 3.634825597479959813e-02
-2.651663405088064973e-01 9.623305290625767672e-01 3.766947101378436552e-02
-2.671232876712330562e-01 9.609650916957548361e-01 3.903490838139992564e-02
-2.690802348336597261e-01 9.595544081131159864e-01 4.044559196609813501e-02
-2.710371819960862849e-01 9.580957632341358110e-01 4.190423684563883422e-02
-2.729941291585128993e-01 9.565798524070869835e-01 4.342014765768889561e-02
-2.749510763209394582e-01 9.550124781334232704e-01 4.498752191263510197e-02
-2.769080234833661280e-01 9.533923466432251415e-01 4.660765338007064051e-02
-2.788649706457926869e-01 9.517181641665737324e-01 4.828183582958847642e-02
-2.808219178082193568e-01 9.499886369335495129e-01 5.001136303078182466e-02
-2.827788649706459712e-01 9.482024711742329526e-01 5.179752875324369898e-02
-2.847358121330726410e-01 9.463583731187049652e-01 5.364162676656718254e-02
-2.866927592954990889e-01 9.444550489970466867e-01 5.554495084034519192e-02
-2.886497064579257588e-01 9.424912050393381424e-01 5.750879474417112946e-02
-2.906066536203524286e-01 9.404649228689361262e-01 5.953507685758357981e-02
-2.925636007827790430e-01 9.383674925754832419e-01 6.163250712886301358e-02
-2.945205479452055464e-01 9.362032420782185893e-01 6.379675760945015262e-02
-2.964774951076322163e-01 9.339706610435476453e-01 6.602933863372996426e-02
-2.984344422700589416e-01 9.316682391378766637e-01 6.833176053608665257e-02
-3.003913894324856115e-01 9.292944660276125646e-01 7.070553365090477549e-02
-3.023483365949122259e-01 9.268478313791607137e-01 7.315216831256877994e-02
-3.043052837573387293e-01 9.243268248589280311e-01 7.567317485546298794e-02
-3.062622309197653436e-01 9.217299361333206598e-01 7.827006361397233214e-02
-3.082191780821920135e-01 9.190556095616990717e-01 8.094439022924862503e-02
-3.101761252446186834e-01 9.162941842582694729e-01 8.370581553788439266e-02
-3.121330724070451312e-01 9.134498148655991745e-01 8.655018493284927228e-02
-3.140900195694718011e-01 9.105207481678618819e-01 8.947925162927089504e-02
-3.160469667318984155e-01 9.075052309492319669e-01 9.249476884227615658e-02
-3.180039138943250854e-01 9.044015099938831348e-01 9.559848978699228561e-02
-3.199608610567515332e-01 9.012078320859888692e-01 9.879216767854610837e-02
-3.219178082191782031e-01 8.979224440097230975e-01 1.020775557320653670e-01
-3.238747553816049285e-01 8.945435925492597473e-01 1.054564071626769295e-01
-3.258317025440315429e-01 8.910695244887725242e-01 1.089304751855080106e-01
-3.277886497064582683e-01 8.875015555170626680e-01 1.124984441474940616e-01
-3.297455968688846606e-01 8.838361027665866398e-01 1.161638968937571126e-01
-3.317025440313113860e-01 8.800713163447103637e-01 1.199286833150842169e-01
-3.336594911937379448e-01 8.762055468455078877e-01 1.237944528179344972e-01
-3.356164383561646702e-01 8.722371448630537039e-01 1.277628548087675064e-01
-3.375733855185910626e-01 8.681644609914223043e-01 1.318355386940423535e-01
-3.395303326810177880e-01 8.639858458246865158e-01 1.360141538802191463e-01
-3.414872798434443468e-01 8.596996499569207195e-01 1.403003497737570215e-01
-3.434442270058711277e-01 8.553042239821992965e-01 1.446957757811155321e-01
-3.454011741682974646e-01 8.508027903874980646e-01 1.491972093990378279e-01
-3.473581213307242455e-01 8.461913596611849719e-01 1.538086401477653520e-01
-3.493150684931508043e-01 8.414677392274495515e-01 1.585322606055172556e-01
-3.512720156555775297e-01 8.366304616406445849e-01 1.633695382178458333e-01
-3.532289628180040886e-01 8.316780594551240746e-01 1.683219404303030742e-01
-3.551859099804306474e-01 8.266090652252413573e-01 1.733909346884406066e-01
-3.571428571428574283e-01 8.214220115053488813e-01 1.785779884378115856e-01
-3.590998043052839872e-01 8.161154308498006493e-01 1.838845691239676117e-01
-3.610567514677107126e-01 8.106878558129499979e-01 1.893121441924607851e-01
-3.630136986301371049e-01 8.051526617683232301e-01 1.948473382776034213e-01
-3.649706457925638303e-01 7.995033137967991754e-01 2.004966862957138496e-01
-3.669275929549903892e-01 7.937352672566435619e-01 2.062647328867869834e-01
-3.688845401174171146e-01 7.878476719703275677e-01 2.121523282285868728e-01
-3.708414872798435069e-01 7.818396777603235925e-01 2.181603224988767631e-01
-3.727984344422702323e-01 7.757104344491021486e-01 2.242895658754217592e-01
-3.747553816046967912e-01 7.694590918591350803e-01 2.305409085359851895e-01
-3.767123287671235721e-01 7.630847998128935661e-01 2.369152006583309100e-01
-3.786692759295501309e-01 7.565867081328495614e-01 2.434132924202229153e-01
-3.806262230919766898e-01 7.499723567079537023e-01 2.500276439102555037e-01
-3.825831702544032487e-01 7.432403041637719587e-01 2.567596965046972102e-01
-3.845401174168299741e-01 7.363875312377328175e-01 2.636124694722210560e-01
-3.864970645792565329e-01 7.294140766068828441e-01 2.705859241336116550e-01
-3.884540117416830918e-01 7.223200351604380787e-01 2.776799655973332115e-01
-3.904109589041098727e-01 7.151055579997800393e-01 2.848944427595312412e-01
-3.923679060665364315e-01 7.077708524384607180e-01 2.922291483040293514e-01
-3.943248532289631569e-01 7.003161820021996942e-01 2.996838187023319611e-01
-3.962818003913895493e-01 6.927418664288845784e-01 3.072581342136220806e-01
-3.982387475538162747e-01 6.850665289409465508e-01 3.149334716748743435e-01
-4.001956947162428335e-01 6.772933284935869214e-01 3.227066721369927782e-01
-4.021526418786695589e-01 6.694155999607157570e-01 3.305844006981858985e-01
-4.041095890410961178e-01 6.614360852694713966e-01 3.385639154353031754e-01
-4.060665362035226766e-01 6.533577222065479750e-01 3.466422785659647454e-01
-4.080234833659492910e-01 6.451836444181928698e-01 3.548163564485642407e-01
-4.099804305283760164e-01 6.369171814102098095e-01 3.630828195822640714e-01
-4.119373776908025753e-01 6.285618585479566534e-01 3.714381426069987557e-01
-4.138943248532291341e-01 6.201213970563470568e-01 3.798786043034738102e-01
-4.158512720156556930e-01 6.115815864099646282e-01 3.884184151231776516e-01
-4.178082191780824184e-01 6.029387068265543714e-01 3.970612948201233117e-01
-4.197651663405089772e-01 5.942072819064794231e-01 4.057927198455546502e-01
-4.217221135029355361e-01 5.853892952322365950e-01 4.146107066127890928e-01
-4.236790606653620950e-01 5.764867652300589285e-01 4.235132366910258073e-01
-4.256360078277888759e-01 5.675017451699186921e-01 4.324982568053420406e-01
-4.275929549902154347e-01 5.584363231655233850e-01 4.415636788366950061e-01
-4.295499021526421601e-01 5.492926221743182902e-01 4.507073798219221050e-01
-4.315068493150687190e-01 5.400727999974863636e-01 4.599272019537392064e-01
-4.334637964774952779e-01 5.307953388670101358e-01 4.692046630435386390e-01
-4.354207436399220033e-01 5.214756445424713061e-01 4.785243573652059323e-01
-4.373776908023486176e-01 5.121030784260731661e-01 4.878969234698001811e-01
-4.393346379647751765e-01 5.026826091878627834e-01 4.973173926878177165e-01
-4.412915851272017354e-01 4.932194118135455607e-01 5.067805900342368108e-01
-4.432485322896284607e-01 4.837188676044923419e-01 5.162811342085127375e-01
-4.452054794520550196e-01 4.741865641777358586e-01 5.258134375945799910e-01
-4.471624266144815785e-01 4.646282954659716191e-01 5.353717062608521760e-01
-4.491193737769081373e-01 4.550500617175553542e-01 5.449499399602237837e-01
-4.510763209393348627e-01 4.454546414402191790e-01 5.545453601829641865e-01
-4.530332681017614216e-01 4.358438641583592399e-01 5.641561374016774710e-01
-4.549902152641882025e-01 4.262281605597010303e-01 5.737718409340839543e-01
-4.569471624266145393e-01 4.166136740333264976e-01 5.833863273922424986e-01
-4.589041095890413202e-01 4.070067102823600180e-01 5.929932910742700125e-01
-4.608610567514678791e-01 3.974137373239734483e-01 6.025862639643320140e-01
-4.628180039138946045e-01 3.878413854893824619e-01 6.121586157326492916e-01
-4.647749510763211633e-01 3.782964474238492691e-01 6.217035537354933528e-01
-4.667318982387477222e-01 3.687858780866777875e-01 6.312141230151933069e-01
-4.686888454011745031e-01 3.593141216891678758e-01 6.406858793570167077e-01
-4.706457925636010620e-01 3.498827636991833634e-01 6.501172372839311153e-01
-4.726027397260276208e-01 3.405035018410159653e-01 6.594964990817900885e-01
-4.745596868884541797e-01 3.311832677537565051e-01 6.688167331122286674e-01
-4.765166340508809051e-01 3.219291117864835350e-01 6.780708890269075972e-01
-4.784735812133074639e-01 3.127482029982606715e-01 6.872517977675162149e-01
-4.804305283757341893e-01 3.036478291581368172e-01 6.963521715657723377e-01
-4.823874755381605817e-01 2.946353967451473821e-01 7.053646039434220416e-01
-4.843444227005873071e-01 2.857184309483108975e-01 7.142815697122402163e-01
-4.863013698630138659e-01 2.768986145848845171e-01 7.231013860495474344e-01
-4.882583170254406468e-01 2.681631088254558537e-01 7.318368917640385440e-01
-4.902152641878670392e-01 2.595340690268737038e-01 7.404659315146249199e-01
-4.921722113502937646e-01 2.510174702581132733e-01 7.489825302310637589e-01
-4.941291585127203234e-01 2.426192743536035312e-01 7.573807260775348160e-01
-4.960861056751470488e-01 2.343454299132245455e-01 7.656545704526431795e-01
-4.980430528375734411e-01 2.262018723023083988e-01 7.737981279894168285e-01
-5.000000000000002220e-01 2.181945236516365516e-01 7.818054765553106300e-01
-5.000000000000000000e-01 2.181945236516365516e-01 7.818054765553106300e-01
-4.980430528375733301e-01 2.135684078718455559e-01 7.864315925017424380e-01
-4.960861056751467713e-01 2.108085765097005848e-01 7.891914239987400936e-01
-4.941291585127201569e-01 2.088665426814321768e-01 7.911334577900507314e-01
-4.921722113502935980e-01 2.075263836202704826e-01 7.924736168284494120e-01
-4.902152641878669281e-01 2.065800167499764473e-01 7.934199837000766031e-01
-4.882583170254402583e-01 2.059752727105121917e-01 7.940247277561942596e-01
-4.863013698630136994e-01 2.056741040877364812e-01 7.943258964019710433e-01
-4.843444227005870295e-01 2.056772865293165498e-01 7.943227139713182616e-01
-4.823874755381604706e-01 2.059514888396938581e-01 7.940485116687352463e-01
-4.804305283757338563e-01 2.063896083646210022e-01 7.936103921513721904e-01
-4.784735812133071864e-01 2.070366371661671312e-01 7.929633633559409756e-01
-4.765166340508806275e-01 2.078925752443320230e-01 7.921074252824418238e-01
-4.745596868884539576e-01 2.089387749722305121e-01 7.910612255584423824e-01
-4.726027397260273988e-01 2.100932492975793320e-01 7.899067512392301538e-01
-4.706457925636007844e-01 2.114132259468345931e-01 7.885867745962524822e-01
-4.686888454011742255e-01 2.128987049199962400e-01 7.871012956295091456e-01
-4.667318982387475557e-01 2.144961332663473941e-01 7.855038672158451973e-01
-4.647749510763208858e-01 2.161707702866616509e-01 7.838292300065655693e-01
-4.628180039138943269e-01 2.179612573623790905e-01 7.820387426735322389e-01
-4.608610567514677125e-01 2.198675944934996296e-01 7.801324052167456502e-01
-4.589041095890410982e-01 2.218357544786812019e-01 7.781642450535815048e-01
-4.569471624266144838e-01 2.238820381589161079e-01 7.761179612778666970e-01
-4.549902152641878139e-01 2.260152312051484369e-01 7.739847681835265725e-01
-4.530332681017612551e-01 2.282302592301067024e-01 7.717697401506623534e-01
-4.510763209393345852e-01 2.304904887283905912e-01 7.695095106329050694e-01
-4.491193737769080263e-01 2.328187941466399735e-01 7.671812052159396877e-01
-4.471624266144814119e-01 2.352151754848548215e-01 7.647848238997665415e-01
-4.452054794520547421e-01 2.376726218670292545e-01 7.623273775578731648e-01
-4.432485322896281832e-01 2.401807477560058968e-01 7.598192517236856958e-01
-4.412915851272015133e-01 2.427422662120573560e-01 7.572577333379062470e-01
-4.393346379647749544e-01 2.453543209962926741e-01 7.546456786383994864e-01
-4.373776908023483401e-01 2.480138980440568519e-01 7.519861016640465579e-01
-4.354207436399216702e-01 2.507181150496522459e-01 7.492818847154314454e-01
-4.334637964774951113e-01 2.534641142031884842e-01 7.465358856011723443e-01
-4.315068493150684414e-01 2.562492714828966123e-01 7.437507283394813040e-01
-4.295499021526418826e-01 2.590749622032565425e-01 7.409250376544076477e-01
-4.275929549902152127e-01 2.619370872215093238e-01 7.380629126696306441e-01
-4.256360078277886538e-01 2.648334532077610826e-01 7.351665467160204415e-01
-4.236790606653620395e-01 2.677618668321171125e-01 7.322381331244472991e-01
-4.217221135029353696e-01 2.707201347646837064e-01 7.292798652257805880e-01
-4.197651663405088107e-01 2.737060636755664911e-01 7.262939363508902346e-01
-4.178082191780821408e-01 2.767174602348714263e-01 7.232825398306468312e-01
-4.158512720156555820e-01 2.797542634259628791e-01 7.202457366700240060e-01
-4.138943248532289676e-01 2.828141506151709006e-01 7.171858495044345361e-01
-4.119373776908022977e-01 2.858944158639175059e-01 7.141055842764700845e-01
-4.099804305283757389e-01 2.889930556345859936e-01 7.110069445235978058e-01
-4.080234833659490690e-01 2.921080663895603835e-01 7.078919337832847436e-01
-4.060665362035224546e-01 2.952374445912241963e-01 7.047625555929984964e-01
-4.041095890410958957e-01 2.983791867019609523e-01 7.016208134902066629e-01
-4.021526418786692814e-01 3.015339399440219448e-01 6.984660602578770527e-01
-4.001956947162426670e-01 3.047044452026905770e-01 6.952955550201849189e-01
-3.982387475538159971e-01 3.078848494942650893e-01 6.921151507528878755e-01
-3.962818003913894382e-01 3.110735564252453678e-01 6.889264438501616628e-01
-3.943248532289627684e-01 3.142689696021316315e-01 6.857310307061804666e-01
-3.923679060665361540e-01 3.174694926314239884e-01 6.825305077151211375e-01
-3.904109589041095951e-01 3.206735291196227688e-01 6.793264712711579723e-01
-3.884540117416829252e-01 3.238794826732277476e-01 6.761205177684670442e-01
-3.864970645792563664e-01 3.270960773157955970e-01 6.729039231567550683e-01
-3.845401174168296965e-01 3.303158136508601017e-01 6.696841868488423444e-01
-3.825831702544030821e-01 3.335372613171680434e-01 6.664627392062167921e-01
-3.806262230919765233e-01 3.367593148644861256e-01 6.632406856784837101e-01
-3.786692759295498534e-01 3.399808688425810521e-01 6.600191317152470649e-01
-3.767123287671232945e-01 3.432008178012195265e-01 6.567991827661123772e-01
-3.747553816046966246e-01 3.464180562901678639e-01 6.535819442806842794e-01
-3.727984344422700103e-01 3.496350170837941862e-01 6.503649834976183985e-01
-3.708414872798433959e-01 3.528514076442278435e-01 6.471485929572932116e-01
-3.688845401174168370e-01 3.560644104710034563e-01 6.439355901529398851e-01
-3.669275929549902227e-01 3.592732145496616014e-01 6.407267860995252695e-01
-3.649706457925635528e-01 3.624770088657434663e-01 6.375229918120159933e-01
-3.630136986301369384e-01 3.656749824047897945e-01 6.343250183053787961e-01
-3.610567514677103240e-01 3.688663241523414404e-01 6.311336765945798621e-01
-3.590998043052837096e-01 3.720503716508127834e-01 6.279496291323956036e-01
-3.571428571428571508e-01 3.752269168002941857e-01 6.247730839976604056e-01
-3.551859099804304809e-01 3.783948112430361999e-01 6.216051895607075384e-01
-3.532289628180038665e-01 3.815533264871316943e-01 6.184466743109972020e-01
-3.512720156555772522e-01 3.847017404994551582e-01 6.152982602789778266e-01
-3.493150684931506378e-01 3.878393377056618130e-01 6.121606630360852952e-01
-3.473581213307240789e-01 3.909654089901879459e-01 6.090345916947426108e-01
-3.454011741682974090e-01 3.940792516962506320e-01 6.059207489083622278e-01
-3.434442270058708502e-01 3.971780764519254880e-01 6.028219241036605336e-01
-3.414872798434441803e-01 4.002617794579699240e-01 5.997382210597005381e-01
-3.395303326810175659e-01 4.033297290315589478e-01 5.966702714538029140e-01
-3.375733855185909515e-01 4.063809774177203904e-01 5.936190230442018878e-01
-3.356164383561643372e-01 4.094145631073933256e-01 5.905854373435539539e-01
-3.336594911937377783e-01 4.124295108374274044e-01 5.875704896189373194e-01
-3.317025440313111084e-01 4.154248315905830768e-01 5.845751688918516820e-01
-3.297455968688844941e-01 4.184020794783758213e-01 5.815979210284401013e-01
-3.277886497064578797e-01 4.213625727298540014e-01 5.786374277799861687e-01
-3.258317025440312653e-01 4.243036326499827204e-01 5.756963678641474624e-01
-3.238747553816047065e-01 4.272248434262694294e-01 5.727751570923904634e-01
-3.219178082191780366e-01 4.301258237011301722e-01 5.698741768210975334e-01
-3.199608610567514777e-01 4.330062265718908066e-01 5.669937739515655828e-01
-3.180039138943248078e-01 4.358657395907865051e-01 5.641342609300079580e-01
-3.160469667318981379e-01 4.387040847649619768e-01 5.612959157475528871e-01
-3.140900195694715791e-01 4.415210185564710788e-01 5.584789819402441458e-01
-3.121330724070449647e-01 4.443163318822769825e-01 5.556836685890411687e-01
-3.101761252446184058e-01 4.470898501142530623e-01 5.529101503198189382e-01
-3.082191780821917360e-01 4.498414330791808968e-01 5.501585673033669854e-01
-3.062622309197651216e-01 4.525709750587524338e-01 5.474290252553914993e-01
-3.043052837573385072e-01 4.552784047895687691e-01 5.447215954365136614e-01
-3.023483365949118928e-01 4.579636854631397025e-01 5.420363146522697573e-01
-3.003913894324852785e-01 4.606238400877712968e-01 5.393761599639650406e-01
-2.984344422700586641e-01 4.632597086149232712e-01 5.367402913970819034e-01
-2.964774951076320497e-01 4.658721626187200537e-01 5.341278373543324465e-01
-2.945205479452054353e-01 4.684611299754180558e-01 5.315388699600398503e-01
-2.925636007827788210e-01 4.710265638143205091e-01 5.289734360855313788e-01
-2.906066536203522066e-01 4.735684425177775214e-01 5.264315573491364919e-01
-2.886497064579256477e-01 4.760867697211847993e-01 5.239132301161890659e-01
-2.866927592954989779e-01 4.785815743129850919e-01 5.214184254990261724e-01
-2.847358121330723080e-01 4.810529104346676355e-01 5.189470893569874121e-01
-2.827788649706456936e-01 4.835008574807679316e-01 5.164991422964173573e-01
-2.808219178082191347e-01 4.859255200988679690e-01 5.140744796706621100e-01
-2.788649706457925204e-01 4.883270281895961684e-01 5.116729715800727440e-01
-2.769080234833659060e-01 4.907055369066281036e-01 5.092944628720030842e-01
-2.749510763209392916e-01 4.930612266566846147e-01 5.069387731408105946e-01
-2.729941291585126772e-01 4.953943030995341390e-01 5.046056967278551575e-01
-2.710371819960860629e-01 4.977008370108284563e-01 5.022991628095228034e-01
-2.690802348336594485e-01 4.999840918915374743e-01 5.000159079215956703e-01
-2.671232876712328341e-01 5.022442988504483008e-01 4.977557009559703260e-01
-2.651663405088062198e-01 5.044816368280578001e-01 4.955183629719694949e-01
-2.632093933463796054e-01 5.066963044048198306e-01 4.933036953889422538e-01
-2.612524461839529355e-01 5.088885198011450228e-01 4.911114799862640323e-01
-2.592954990215263211e-01 5.110585208774021115e-01 4.889414789033363906e-01
-2.573385518590997623e-01 5.132065651339159373e-01 4.867934346395874079e-01
-2.553816046966731479e-01 5.153329297109701113e-01 4.846670700544710719e-01
-2.534246575342465335e-01 5.174379113888049053e-01 4.825620883674681116e-01
-2.514677103718199191e-01 5.195218265876175856e-01 4.804781731580850535e-01
-2.495107632093933048e-01 5.215850113675628563e-01 4.784149883658549429e-01
-2.475538160469666626e-01 5.236278214287528598e-01 4.763721782903368451e-01
-2.455968688845400483e-01 5.256506321112572877e-01 4.743493675911164553e-01
-2.436399217221134617e-01 5.276521326354325359e-01 4.723478670496328302e-01
-2.416829745596868473e-01 5.296277552095323138e-01 4.703722444635557443e-01
-2.397260273972602329e-01 5.315826229954956350e-01 4.684173766646212989e-01
-2.377690802348336185e-01 5.335169802495705049e-01 4.664830193964362159e-01
-2.358121330724069764e-01 5.354310820791983172e-01 4.645689175514079450e-01
-2.338551859099803620e-01 5.373251944430146310e-01 4.626748051707451070e-01
-2.318982387475537754e-01 5.391995941508476164e-01 4.608004054444571618e-01
-2.299412915851271055e-01 5.410545688637202755e-01 4.589454307113541853e-01
-2.279843444227005189e-01 5.428904170938494422e-01 4.571095824590479806e-01
-2.260273972602739045e-01 5.447074482046447841e-01 4.552925513239505229e-01
-2.240704500978472902e-01 5.465059824107096897e-01 4.534940170912751256e-01
-2.221135029354206758e-01 5.482863507778421575e-01 4.517136486950362739e-01
-2.201565557729940892e-01 5.500488952230335737e-01 4.499511042180491804e-01
-2.181996086105674748e-01 5.517939685144683803e-01 4.482060308919296743e-01
-2.162426614481408604e-01 5.535219342715258506e-01 4.464780650970950893e-01
-2.142857142857142461e-01 5.552304036683124444e-01 4.447695956672594875e-01
-2.123287671232876039e-01 5.569185869796411392e-01 4.430814123308085550e-01
-2.103718199608609618e-01 5.585892708225268510e-01 4.414107284635618300e-01
-2.084148727984343474e-01 5.602427023746063828e-01 4.397572968881210409e-01
-2.064579256360077331e-01 5.618791330342756130e-01 4.381208662063433290e-01
-2.045009784735811464e-01 5.634988184206902728e-01 4.365011807993403048e-01
-2.025440313111545321e-01 5.651020183737642810e-01 4.348979808274781034e-01
-2.005870841487279177e-01 5.666889969541719640e-01 4.333110022303782172e-01
-1.986301369863013033e-01 5.682600224433453917e-01 4.317399767269163302e-01
-1.966731898238747167e-01 5.698153673434769306e-01 4.301846318152235393e-01
-1.947162426614481023e-01 5.713553083775176900e-01 4.286446907726852995e-01
-1.927592954990214602e-01 5.728801264891776324e-01 4.271198726559421455e-01
-1.908023483365948458e-01 5.743901068429262402e-01 4.256098923008890811e-01
-1.888454011741682315e-01 5.758855388239922934e-01 4.241144603226760790e-01
-1.868884540117416448e-01 5.773667160383625374e-01 4.226332831157079140e-01
-1.849315068493149750e-01 5.788306479328386711e-01 4.211693512197154932e-01
-1.829745596868883606e-01 5.802788359429398302e-01 4.197211632046605745e-01
-1.810176125244617740e-01 5.817124693743322972e-01 4.182875297690367145e-01
-1.790606653620351596e-01 5.831317360398889926e-01 4.168682630999016592e-01
-1.771037181996085452e-01 5.845368229377712055e-01 4.154631761990176808e-01
-1.751467710371819031e-01 5.859279162514288153e-01 4.140720828828505784e-01
-1.731898238747552887e-01 5.873052013495998480e-01 4.126947977825711766e-01
-1.712328767123286744e-01 5.886688627863113643e-01 4.113311363440542157e-01
-1.692759295499020877e-01 5.900190843008781272e-01 4.099809148278789062e-01
-1.673189823874754734e-01 5.913560488179038233e-01 4.086439503093280967e-01
-1.653620352250488590e-01 5.926799384472801746e-01 4.073200606783896061e-01
-1.634050880626222724e-01 5.939909344841880490e-01 4.060090646397549463e-01
-1.614481409001956025e-01 5.952892174090964605e-01 4.047107817128205998e-01
-1.594911937377690159e-01 5.965749668877622369e-01 4.034250322316862425e-01
-1.575342465753424015e-01 5.978483617712315734e-01 4.021516373451569093e-01
-1.555772994129157316e-01 5.991091579958760516e-01 4.008908411238908398e-01
-1.536203522504891450e-01 6.003578347440454710e-01 3.996421643802322565e-01
-1.516634050880625306e-01 6.015945524201748995e-01 3.984054467098475105e-01
-1.497064579256359163e-01 6.028194687982184607e-01 3.971805303389066011e-01
-1.477495107632093296e-01 6.040327395718654291e-01 3.959672595738593648e-01
-1.457925636007827153e-01 6.052345183155860564e-01 3.947654808403888715e-01
-1.438356164383561009e-01 6.064249564456802855e-01 3.935750427223649317e-01
-1.418786692759294865e-01 6.076042031813235766e-01 3.923957960007969925e-01
-1.399217221135028999e-01 6.087724055056155104e-01 3.912275936927885334e-01
-1.379647749510762300e-01 6.099297081266273901e-01 3.900702910904877974e-01
-1.360078277886495879e-01 6.110762534384482914e-01 3.889237458000437964e-01
-1.340508806262229735e-01 6.122121814822338859e-01 3.877878177805583193e-01
-1.320939334637963869e-01 6.133376299072527127e-01 3.866623693830392172e-01
-1.301369863013697725e-01 6.144527339319350023e-01 3.855472653893535773e-01
-1.281800391389431582e-01 6.155577586773871568e-01 3.844422406754262056e-01
-1.262230919765165438e-01 6.166531892682374227e-01 3.833468101081595192e-01
-1.242661448140899433e-01 6.177388358078061970e-01 3.822611635924780260e-01
-1.223091976516633428e-01 6.188148465899656614e-01 3.811851528343184192e-01
-1.203522504892367284e-01 6.198813689795907855e-01 3.801186304685954531e-01
-1.183953033268100863e-01 6.209385494270536210e-01 3.790614500447080371e-01
-1.164383561643834719e-01 6.219865334827182624e-01 3.780134660120433865e-01
-1.144814090019568714e-01 6.230254658114326993e-01 3.769745337054843382e-01
-1.125244618395302570e-01 6.240554902070236665e-01 3.759445093309129460e-01
-1.105675146771036566e-01 6.250767496067909379e-01 3.749232499507168526e-01
-1.086105675146770005e-01 6.260893861060001786e-01 3.739106134692951056e-01
-1.066536203522504417e-01 6.270935409723783494e-01 3.729064586185624197e-01
-1.046966731898237857e-01 6.280893546606061140e-01 3.719106449434555484e-01
-1.027397260273972268e-01 6.290769668268126891e-01 3.709230327874390998e-01
-1.007827788649705292e-01 6.300565163430691396e-01 3.699434832780092997e-01
-9.882583170254388705e-02 6.310278021273436622e-01 3.689721975032014267e-01
-9.686888454011731431e-02 6.319908253977102319e-01 3.680091742470497640e-01
-9.491193737769067218e-02 6.329459818287702655e-01 3.670540178295058631e-01
-9.295499021526411332e-02 6.338933781887057251e-01 3.661066214824036935e-01
-9.099804305283745731e-02 6.348331184257585136e-01 3.651668812575273870e-01
-8.904109589041089845e-02 6.357653036168366967e-01 3.642346960780077358e-01
-8.708414872798424244e-02 6.366900319161191701e-01 3.633099677897177471e-01
-8.512720156555768358e-02 6.376073985036596614e-01 3.623926012126686969e-01
-8.317025440313102758e-02 6.385174955339907310e-01 3.614825041924062954e-01
-8.121330724070446871e-02 6.394204120847315487e-01 3.605795876514061860e-01
-7.925636007827781271e-02 6.403162341051886752e-01 3.596837656404702765e-01
-7.729941291585125385e-02 6.412050443649621734e-01 3.587949553901221833e-01
-7.534246575342459784e-02 6.420869224025518296e-01 3.579130773620041728e-01
-7.338551859099795571e-02 6.429619444739593792e-01 3.570380553002717727e-01
-7.142857142857129971e-02 6.438301835012942842e-01 3.561698162829912695e-01
-6.947162426614464370e-02 6.446917090213790669e-01 3.553082907735335971e-01
-6.751467710371808484e-02 6.455465871343522011e-01 3.544534126719726119e-01
-6.555772994129142883e-02 6.463948804522745561e-01 3.536051193664790926e-01
-6.360078277886486997e-02 6.472366480477327322e-01 3.527633517847179601e-01
-6.164383561643822090e-02 6.480719454024445048e-01 3.519280544452432213e-01
-5.968688845401166204e-02 6.489008243558633815e-01 3.510991755088954669e-01
-5.772994129158500604e-02 6.497233330537820484e-01 3.502766668301953157e-01
-5.577299412915844717e-02 6.505395158969395908e-01 3.494604840087419673e-01
-5.381604696673179117e-02 6.513494134896237187e-01 3.486505864406076460e-01
-5.185909980430523231e-02 6.521530625882756560e-01 3.478469373697338218e-01
-4.990215264187858324e-02 6.529504960500969180e-01 3.470495039393270975e-01
-4.794520547945192723e-02 6.537417427816509807e-01 3.462582572432556516e-01
-4.598825831702536837e-02 6.545268276874705027e-01 3.454731723774447927e-01
-4.403131115459871237e-02 6.553057716186605486e-01 3.446942284912724586e-01
-4.207436399217215350e-02 6.560786538148655200e-01 3.439213463449591890e-01
-4.011741682974550444e-02 6.568496020703122884e-01 3.431503981023412697e-01
-3.816046966731893864e-02 6.576151434720602929e-01 3.423848567127635301e-01
-3.620352250489228957e-02 6.583753410137836992e-01 3.416246591825171097e-01
-3.424657534246564050e-02 6.591302560631314700e-01 3.408697441439177966e-01
-3.228962818003898450e-02 6.598799483617285855e-01 3.401200518553046392e-01
-3.033268101761242563e-02 6.606244760251758219e-01 3.393755242010408346e-01
-2.837573385518577310e-02 6.613638955430491961e-01 3.386361046915127293e-01
-2.641878669275921077e-02 6.620982617789005209e-01 3.379017384631310961e-01
-2.446183953033255823e-02 6.628276279702562945e-01 3.371723722783301347e-01
-2.250489236790590569e-02 6.635520457286201434e-01 3.364479545255682491e-01
-2.054794520547934683e-02 6.642715650394699356e-01 3.357284352193270482e-01
-1.859099804305269429e-02 6.649862342622596678e-01 3.350137660001123452e-01
-1.663405088062613196e-02 6.656961001304184666e-01 3.343039001344534356e-01
-1.467710371819948116e-02 6.664012077513521426e-01 3.335987925149038746e-01
-1.272015655577291883e-02 6.671016006064405257e-01 3.328983996600404227e-01
-1.076320939334626803e-02 6.677973205510394639e-01 3.322026797144641552e-01
-8.806262230919707432e-03 6.684884078144819330e-01 3.315115924487992971e-01
-6.849315068493054028e-03 6.691749010000739295e-01 3.308250992596946105e-01
-4.892367906066493431e-03 6.698568370850987996e-01 3.301431631698222846e-01
-2.935420743639841328e-03 6.705342514208147975e-01 3.294657488278779911e-01
-9.784735812132805150e-04 6.712071777324561950e-01 3.287928225085817724e-01
9.784735812133715880e-04 6.718756481192318386e-01 3.281243521126768758e-01
2.935420743640114981e-03 6.725396930543272589e-01 3.274603071669308640e-01
4.892367906066675577e-03 6.731993413849031160e-01 3.268006588241350041e-01
6.849315068493328114e-03 6.738546203320951999e-01 3.261453798631038792e-01
8.806262230919889578e-03 6.745055554910155404e-01 3.254944446886761100e-01
1.076320939334654038e-02 6.751521708307512970e-01 3.248478293317146326e-01
1.272015655577310271e-02 6.757944886943658691e-01 3.242055114491051437e-01
1.467710371819975351e-02 6.764325297988968977e-01 3.235674703237579886e-01
1.663405088062631584e-02 6.770680257907129018e-01 3.229319743256999775e-01
1.859099804305296838e-02 6.777011548598741442e-01 3.222988452663627656e-01
2.054794520547952724e-02 6.783305034001245737e-01 3.216694967382188741e-01
2.250489236790617978e-02 6.789561107654649152e-01 3.210438893874559829e-01
2.446183953033274211e-02 6.795780152743791103e-01 3.204219848957820527e-01
2.641878669275939465e-02 6.801962542098366482e-01 3.198037459804253246e-01
2.837573385518604718e-02 6.808108638192917894e-01 3.191891363941329884e-01
3.033268101761260604e-02 6.814218793146844533e-01 3.185781209251735135e-01
3.228962818003926205e-02 6.820293348724386640e-01 3.179706653973345398e-01
3.424657534246582091e-02 6.826332636334642157e-01 3.173667366699238213e-01
3.620352250489246998e-02 6.832336977031558956e-01 3.167663026377693924e-01
3.816046966731912599e-02 6.838306681513933727e-01 3.161693322312187915e-01
4.011741682974577505e-02 6.844242050125410870e-01 3.155757954161401146e-01
4.207436399217233391e-02 6.850143372854488044e-01 3.149856631939211837e-01
4.403131115459898992e-02 6.856010929334508397e-01 3.143989076014696016e-01
4.598825831702554878e-02 6.861844988843677218e-01 3.138155017112133627e-01
4.794520547945220479e-02 6.867645810305036402e-01 3.132354196311000205e-01
4.990215264187876365e-02 6.873413642286487768e-01 3.126586365045972427e-01
5.185909980430541272e-02 6.879148723000774179e-01 3.120851285106930884e-01
5.381604696673206872e-02 6.884851280305499532e-01 3.115148728638951203e-01
5.577299412915862759e-02 6.890521531703113212e-01 3.109478478142311264e-01
5.772994129158528359e-02 6.896159684340908980e-01 3.103840326472487865e-01
5.968688845401184245e-02 6.901765935011043851e-01 3.098234076840156170e-01
6.164383561643849152e-02 6.907340470150511447e-01 3.092659542811196927e-01
6.360078277886505038e-02 6.912883465841165309e-01 3.087116548306683139e-01
6.555772994129170639e-02 6.918395087809703359e-01 3.081604927602894506e-01
6.751467710371826525e-02 6.923875491427681217e-01 3.076124525331304094e-01
6.947162426614492126e-02 6.929324821711493332e-01 3.070675196478591107e-01
7.142857142857148012e-02 6.934743213322394073e-01 3.065256806386632005e-01
7.338551859099813612e-02 6.940132329073038786e-01 3.059867692223415814e-01
7.534246575342477825e-02 6.945537989068953921e-01 3.054462033217164585e-01
7.729941291585143426e-02 6.950919063559151123e-01 3.049080959726105933e-01
7.925636007827809026e-02 6.956275971936765057e-01 3.043724052355656351e-01
8.121330724070464913e-02 6.961609130365618014e-01 3.038390894940492526e-01
8.317025440313130513e-02 6.966918951780216585e-01 3.033081074544548006e-01
8.512720156555786399e-02 6.972205845885766085e-01 3.027794181461010981e-01
8.708414872798452000e-02 6.977470219158145026e-01 3.022529809212328722e-01
8.904109589041107886e-02 6.982712474843946193e-01 3.017287554550201478e-01
9.099804305283773487e-02 6.987933012960417800e-01 3.012067017455593021e-01
9.295499021526429373e-02 6.993132230295523444e-01 3.006867801138719543e-01
9.491193737769093586e-02 6.998310520407903246e-01 3.001689512039053542e-01
9.686888454011750860e-02 7.003468273626893836e-01 2.996531759825329377e-01
9.882583170254415073e-02 7.008605877052516142e-01 2.991394157395531606e-01
1.007827788649707096e-01 7.013723714555470945e-01 2.986276320876910528e-01
1.027397260273973656e-01 7.018822166777165528e-01 2.981177869625961652e-01
1.046966731898240216e-01 7.023901611129683697e-01 2.976098426228449001e-01
1.066536203522505805e-01 7.028962421795803550e-01 2.971037616499386802e-01
1.086105675146772365e-01 7.034004969728990808e-01 2.965995069483048363e-01
1.105675146771037953e-01 7.039029622653398821e-01 2.960970417452962744e-01
1.125244618395304513e-01 7.044036745063868565e-01 2.955963295911920863e-01
1.144814090019570935e-01 7.049026698225935306e-01 2.950973343591960507e-01
1.164383561643837495e-01 7.053999840175816383e-01 2.946000202454387429e-01
1.183953033268103083e-01 7.058956525720420094e-01 2.941043517689758136e-01
1.203522504892369643e-01 7.063897106437352358e-01 2.936102937717887107e-01
1.223091976516635232e-01 7.068821930674890064e-01 2.931178114187846795e-01
1.242661448140901792e-01 7.073731343552014383e-01 2.926268701977965958e-01
1.262230919765167381e-01 7.078625686958386343e-01 2.921374359195829107e-01
1.281800391389433802e-01 7.083505299554366808e-01 2.916494747178280944e-01
1.301369863013700501e-01 7.088370516770987617e-01 2.911629530491418594e-01
1.320939334637966089e-01 7.093241008154368421e-01 2.906759039781613430e-01
1.340508806262232511e-01 7.098117513930670697e-01 2.901882534823879700e-01
1.360078277886498099e-01 7.102985271528265976e-01 2.897014778034376903e-01
1.379647749510764798e-01 7.107844852289852966e-01 2.892155198069845112e-01
1.399217221135030387e-01 7.112696829705509316e-01 2.887303221439645462e-01
1.418786692759296808e-01 7.117541779412690506e-01 2.882458272505763475e-01
1.438356164383562397e-01 7.122380279196232067e-01 2.877619773482801291e-01
1.457925636007828818e-01 7.127212908988352913e-01 2.872787144437982665e-01
1.477495107632094684e-01 7.132040250868639797e-01 2.867959803291159071e-01
1.497064579256361938e-01 7.136862889064065074e-01 2.863137165814799712e-01
1.516634050880628637e-01 7.141681409948983372e-01 2.858318645633990962e-01
1.536203522504894226e-01 7.146496402045119378e-01 2.853503654226448027e-01
1.555772994129160647e-01 7.151308456021580051e-01 2.848691600922501621e-01
1.575342465753426235e-01 7.156118164694854622e-01 2.843881892905109621e-01
1.594911937377692657e-01 7.160926123028805712e-01 2.839073935209847077e-01
1.614481409001958245e-01 7.165732928134672663e-01 2.834267130724913430e-01
1.634050880626224944e-01 7.170539179271080421e-01 2.829460880191126404e-01
1.653620352250490533e-01 7.175345477844030651e-01 2.824654582201928110e-01
1.673189823874756954e-01 7.180152427406902849e-01 2.819847633203380610e-01
1.692759295499022543e-01 7.184960633660451013e-01 2.815039427494169799e-01
1.712328767123289242e-01 7.189770704452811412e-01 2.810229357225598745e-01
1.731898238747554830e-01 7.194583249779503697e-01 2.805416812401594351e-01
1.751467710371821251e-01 7.199398881783414250e-01 2.800601180878706797e-01
1.771037181996087673e-01 7.204218214754822824e-01 2.795781848366107325e-01
1.790606653620353539e-01 7.209041865131373683e-01 2.790958198425584347e-01
1.810176125244619960e-01 7.213870451498101133e-01 2.786129612471554551e-01
1.829745596868885549e-01 7.218704594587409540e-01 2.781295469771050133e-01
1.849315068493151970e-01 7.223544917279087763e-01 2.776455147443728788e-01
1.868884540117418669e-01 7.228392044600298050e-01 2.771608020461866495e-01
1.888454011741685090e-01 7.233250953794594373e-01 2.766749111599834388e-01
1.908023483365950679e-01 7.238204184357900361e-01 2.761795881709122602e-01
1.927592954990217378e-01 7.243177259983871741e-01 2.756822806776451085e-01
1.947162426614482966e-01 7.248171419043678565e-01 2.751828648432658175e-01
1.966731898238749388e-01 7.253187915263583641e-01 2.746812152953548303e-01
1.986301369863014976e-01 7.258228017724930314e-01 2.741772051259906418e-01
2.005870841487281397e-01 7.263293010864149135e-01 2.736707058917476898e-01
2.025440313111548096e-01 7.268384194472762294e-01 2.731615876136983534e-01
2.045009784735813685e-01 7.273502883697370303e-01 2.726497187774113429e-01
2.064579256360080106e-01 7.278650409039657543e-01 2.721349663329529767e-01
2.084148727984345695e-01 7.283828116356410032e-01 2.716171956948865152e-01
2.103718199608612394e-01 7.289037366859479894e-01 2.710962707422719387e-01
2.123287671232877982e-01 7.294279537115817558e-01 2.705720538186666690e-01
2.142857142857144404e-01 7.299556019047448441e-01 2.700444057321245150e-01
2.162426614481409992e-01 7.304868219931497375e-01 2.695131857551974486e-01
2.181996086105676413e-01 7.310217562400167512e-01 2.689782516249334954e-01
2.201565557729942280e-01 7.315605484440742545e-01 2.684394595428781782e-01
2.221135029354208701e-01 7.321033439395605580e-01 2.678966641750738509e-01
2.240704500978475122e-01 7.326502895962210271e-01 2.673497186520602531e-01
2.260273972602741821e-01 7.332015338193107468e-01 2.667984745688738446e-01
2.279843444227008242e-01 7.337572265495930779e-01 2.662427819850481381e-01
2.299412915851273831e-01 7.343175192633393245e-01 2.656824894246139213e-01
2.318982387475540252e-01 7.348825649723299547e-01 2.651174438760989793e-01
2.338551859099806118e-01 7.354525182238544900e-01 2.645474907925281505e-01
2.358121330724072540e-01 7.360275351007103950e-01 2.639724740914228263e-01
2.377690802348338128e-01 7.366077732212031881e-01 2.633922361548022839e-01
2.397260273972604550e-01 7.371933917391479962e-01 2.628066178291822985e-01
2.416829745596870138e-01 7.377845513438682223e-01 2.622154584255757537e-01
2.436399217221136837e-01 7.383814142601953234e-01 2.616185957194928635e-01
2.455968688845402426e-01 7.389841442484700318e-01 2.610158659509403956e-01
2.475538160469668847e-01 7.396028774284146845e-01 2.603971329823988046e-01
2.495107632093934436e-01 7.402373780887758770e-01 2.597626325262132330e-01
2.514677103718200857e-01 7.408805734048111713e-01 2.591194374206718942e-01
2.534246575342467556e-01 7.415327574621797257e-01 2.584672535802587934e-01
2.553816046966733144e-01 7.421942285643809978e-01 2.578057827016203563e-01
2.573385518590999843e-01 7.428652892327509694e-01 2.571347222635651519e-01
2.592954990215265432e-01 7.435462462064645894e-01 2.564537655270646699e-01
2.612524461839531575e-01 7.442374104425353298e-01 2.557626015352522098e-01
2.632093933463798274e-01 7.449390971158149632e-01 2.550609151134238806e-01
2.651663405088064973e-01 7.456516256189933411e-01 2.543483868690379901e-01
2.671232876712330562e-01 7.463753195625990600e-01 2.536246931917151004e-01
2.690802348336597261e-01 7.471105067749987949e-01 2.528895062532385829e-01
2.710371819960862849e-01 7.478575193023975221e-01 2.521424940075537302e-01
2.729941291585128993e-01 7.486166934088389624e-01 2.513833201907684223e-01
2.749510763209394582e-01 7.493883695762044717e-01 2.506116443211530154e-01
2.769080234833661280e-01 7.501728925042148166e-01 2.498271216991401755e-01
2.788649706457926869e-01 7.509706111104279547e-01 2.490294034073250173e-01
2.808219178082193568e-01 7.517818785302410323e-01 2.482181363104647986e-01
2.827788649706459712e-01 7.526070521168894967e-01 2.473929630554794756e-01
2.847358121330726410e-01 7.534464934414464299e-01 2.465535220714513420e-01
2.866927592954990889e-01 7.543005682928236588e-01 2.456994475696249736e-01
2.886497064579257588e-01 7.551696466777721994e-01 2.448303695434072003e-01
2.906066536203524286e-01 7.560541028208800363e-01 2.439459137683674950e-01
2.925636007827790430e-01 7.569543151645745649e-01 2.430457018022377236e-01
2.945205479452055464e-01 7.578706663691204826e-01 2.421293509849119785e-01
2.964774951076322163e-01 7.588035433126225637e-01 2.411964744384468284e-01
2.984344422700589416e-01 7.597533370910216632e-01 2.402466810670610964e-01
3.003913894324856115e-01 7.607204430180992683e-01 2.392795755571363314e-01
3.023483365949122259e-01 7.617052606254730573e-01 2.382947583772161426e-01
3.043052837573387293e-01 7.627089609270054638e-01 2.372910585045651666e-01
3.062622309197653436e-01 7.637424302569474355e-01 2.362575894816831279e-01
3.082191780821920135e-01 7.647965253492658988e-01 2.352034946873106658e-01
3.101761252446186834e-01 7.658717811473887416e-01 2.341282391767894877e-01
3.121330724070451312e-01 7.669687412911779800e-01 2.330312793089746037e-01
3.140900195694718011e-01 7.680879581902904096e-01 2.319120626728742030e-01
3.160469667318984155e-01 7.692299930975321498e-01 2.307700280142920835e-01
3.180039138943250854e-01 7.703954161822197388e-01 2.296046051624680839e-01
3.199608610567515332e-01 7.715848066035365660e-01 2.284152149567194034e-01
3.219178082191782031e-01 7.727987525838921901e-01 2.272012691730809775e-01
3.238747553816049285e-01 7.740378514822783274e-01 2.259621704509479079e-01
3.258317025440315429e-01 7.753027098676287254e-01 2.246973122197150896e-01
3.277886497064582683e-01 7.765939435921774825e-01 2.234060786254195574e-01
3.297455968688846606e-01 7.779121778648144803e-01 2.220878444573807786e-01
3.317025440313113860e-01 7.792580473244465900e-01 2.207419750748418896e-01
3.336594911937379448e-01 7.806321961133542153e-01 2.193678263336107381e-01
3.356164383561646702e-01 7.820352779505488350e-01 2.179647445127018690e-01
3.375733855185910626e-01 7.834679562051318769e-01 2.165320662409758734e-01
3.395303326810177880e-01 7.849309039696529267e-01 2.150691184237821241e-01
3.414872798434443468e-01 7.864248041334664929e-01 2.135752181695988183e-01
3.434442270058711277e-01 7.879503494560924359e-01 2.120496727166745754e-01
3.454011741682974646e-01 7.895082426405710674e-01 2.104917793596696729e-01
3.473581213307242455e-01 7.910991964068236904e-01 2.089008253762964507e-01
3.493150684931508043e-01 7.927239335650084762e-01 2.072760879539608525e-01
3.512720156555775297e-01 7.943831870888811153e-01 2.056168341164038016e-01
3.532289628180040886e-01 7.960777001891508053e-01 2.039223206503416042e-01
3.551859099804306474e-01 7.978082263868377932e-01 2.021917940321078244e-01
3.571428571428574283e-01 7.995755295866348034e-01 2.004244903542933276e-01
3.590998043052839872e-01 8.013803841502609160e-01 1.986196352523884046e-01
3.610567514677107126e-01 8.032235749698216631e-01 1.967764438314235365e-01
3.630136986301371049e-01 8.050726785921378248e-01 1.949273397805410535e-01
3.649706457925638303e-01 8.069309520209764219e-01 1.930690660753343613e-01
3.669275929549903892e-01 8.088212720518297427e-01 1.911787457585740202e-01
3.688845401174171146e-01 8.107438652432510384e-01 1.892561522728626877e-01
3.708414872798435069e-01 8.126989465783216460e-01 1.873010706363600342e-01
3.727984344422702323e-01 8.146867191729552093e-01 1.853132977344789101e-01
3.747553816046967912e-01 8.167073739842005686e-01 1.832926426115824570e-01
3.767123287671235721e-01 8.187610895185510884e-01 1.812389267626799971e-01
3.786692759295501309e-01 8.208480315402472138e-01 1.791519844251241445e-01
3.806262230919766898e-01 8.229683527795823572e-01 1.770316628703067219e-01
3.825831702544032487e-01 8.251221926412078966e-01 1.748778226953554282e-01
3.845401174168299741e-01 8.273096769124392846e-01 1.726903381148306993e-01
3.864970645792565329e-01 8.295309174715614908e-01 1.704690972524217640e-01
3.884540117416830918e-01 8.317860119961315579e-01 1.682140024326437555e-01
3.904109589041098727e-01 8.340750436712873750e-01 1.659249704725328511e-01
3.923679060665364315e-01 8.363980808980511217e-01 1.636019329733446881e-01
3.943248532289631569e-01 8.387551770016343777e-01 1.612448366122494203e-01
3.962818003913895493e-01 8.411463699397443428e-01 1.588536434340291903e-01
3.982387475538162747e-01 8.435716820108881686e-01 1.564283311427730749e-01
4.001956947162428335e-01 8.460311195626789571e-01 1.539688933935757509e-01
4.021526418786695589e-01 8.485246727001400924e-01 1.514753400842326347e-01
4.041095890410961178e-01 8.510523149940119048e-01 1.489476976469363556e-01
4.060665362035226766e-01 8.536140031890551150e-01 1.463860093399741991e-01
4.080234833659492910e-01 8.562096769123579421e-01 1.437903355394229976e-01
4.099804305283760164e-01 8.588392583816399917e-01 1.411607540308473796e-01
4.119373776908025753e-01 8.615026521135578097e-01 1.384973603009954368e-01
4.138943248532291341e-01 8.641997446320106580e-01 1.358002678294955023e-01
4.158512720156556930e-01 8.669304041764457347e-01 1.330696083805514851e-01
4.178082191780824184e-01 8.696944804101627291e-01 1.303055322946414796e-01
4.197651663405089772e-01 8.724859110161440334e-01 1.275141018643058954e-01
4.217221135029355361e-01 8.752438391109131910e-01 1.247561736801496429e-01
4.236790606653620950e-01 8.780265705716958635e-01 1.219734421458445461e-01
4.256360078277888759e-01 8.808335491147412100e-01 1.191664635461626015e-01
4.275929549902154347e-01 8.836619610481376563e-01 1.163380515723213410e-01
4.295499021526421601e-01 8.864608513771531362e-01 1.135391611811065460e-01
4.315068493150687190e-01 8.892550226483748599e-01 1.107449898466922877e-01
4.334637964774952779e-01 8.920407602942244107e-01 1.079592521353647389e-01
4.354207436399220033e-01 8.948142147062905227e-01 1.051857976541711315e-01
4.373776908023486176e-01 8.975714012353304128e-01 1.024286110509190079e-01
4.393346379647751765e-01 9.003082001912692256e-01 9.969181201417665061e-02
4.412915851272017354e-01 9.030203568432007000e-01 9.697965527327202795e-02
4.432485322896284607e-01 9.057034814193856143e-01 9.429653059829443129e-02
4.452054794520550196e-01 9.083900205171580033e-01 9.160999142717433930e-02
4.471624266144815785e-01 9.110553817429707379e-01 8.894463013172579369e-02
4.491193737769081373e-01 9.136974397596926423e-01 8.630257204988649178e-02
4.510763209393348627e-01 9.163144541279444333e-01 8.368555762228993555e-02
4.530332681017614216e-01 9.189047272872363781e-01 8.109528441078817096e-02
4.549902152641882025e-01 9.214666045559654073e-01 7.853340709845173240e-02
4.569471624266145393e-01 9.239984741314164474e-01 7.600153748957022559e-02
4.589041095890413202e-01 9.264987670897623095e-01 7.350124450965100920e-02
4.608610567514678791e-01 9.289531110251297852e-01 7.104690053274642647e-02
4.628180039138946045e-01 9.313655900955124523e-01 6.863442141732176149e-02
4.647749510763211633e-01 9.337343207333876904e-01 6.626569073174021218e-02
4.667318982387477222e-01 9.360565096807028640e-01 6.394350173250934466e-02
4.686888454011745031e-01 9.383293032618702512e-01 6.167070809350862215e-02
4.706457925636010620e-01 9.405497873837658229e-01 5.945022390598854456e-02
4.726027397260276208e-01 9.427149875357319075e-01 5.728502367857100930e-02
4.745596868884541797e-01 9.448218687895757473e-01 5.517814233724860351e-02
4.765166340508809051e-01 9.469148458104353905e-01 5.308516525361134386e-02
4.784735812133074639e-01 9.489741995840024202e-01 5.102581142581190388e-02
4.804305283757341893e-01 9.509951229872295464e-01 4.900488797289712095e-02
4.823874755381605817e-01 9.529793964295967257e-01 4.702061448669257737e-02
4.843444227005873071e-01 9.549290897237129316e-01 4.507092115601911420e-02
4.863013698630138659e-01 9.568465620853154885e-01 4.315344876669383045e-02
4.882583170254406468e-01 9.587344621332698491e-01 4.126554870152936150e-02
4.902152641878670392e-01 9.605957278895692619e-01 3.940428294033435086e-02
4.921722113502937646e-01 9.623387047961451390e-01 3.766130600488277330e-02
4.941291585127203234e-01 9.639948782792400195e-01 3.600513248215045370e-02
4.960861056751470488e-01 9.655815589391694154e-01 3.441845177937431777e-02
4.980430528375734411e-01 9.670956968030478551e-01 3.290431386879817677e-02
5.000000000000002220e-01 9.685342418979916435e-01 3.146576872266544644e-02
