5.000000000000000000e-01 1.000000000000000000e+00 0.000000000000000000e+00
4.980430528375733301e-01 9.999999962235315287e-01 3.776467817851526672e-09
4.960861056751467713e-01 9.999999959240484237e-01 4.075951553133790139e-09
4.941291585127201569e-01 9.999999955884839586e-01 4.411515815715642082e-09
4.921722113502935980e-01 9.999999952511209322e-01 4.748878651614084382e-09
4.902152641878669281e-01 9.999999948321480758e-01 5.167851368184582365e-09
4.882583170254402583e-01 9.999999944045088185e-01 5.595490620755652186e-09
4.863013698630136994e-01 9.999999939768693391e-01 6.023129873326721180e-09
4.843444227005870295e-01 9.999999935492303038e-01 6.450769125897791001e-09
4.823874755381604706e-01 9.999999929085336969e-01 7.091465583915913835e-09
4.804305283757338563e-01 9.999999922172100320e-01 7.782789496693727669e-09
4.784735812133072974e-01 9.999999915258863670e-01 8.474113409471545639e-09
4.765166340508806275e-01 9.999999908345624799e-01 9.165437322249360300e-09
4.745596868884539576e-01 9.999999901432385929e-01 9.856761235027176615e-09
4.726027397260273988e-01 9.999999894519150390e-01 1.054808514780499128e-08
4.706457925636007844e-01 9.999999887605912630e-01 1.123940906058280594e-08
4.686888454011742255e-01 9.999999880692673759e-01 1.193073297336062225e-08
4.667318982387475557e-01 9.999999866641816615e-01 1.333581874137127742e-08
4.647749510763208858e-01 9.999999848141535308e-01 1.518584696459201639e-08
4.628180039138943269e-01 9.999999829641251781e-01 1.703587518781275536e-08
4.608610567514677125e-01 9.999999811140969364e-01 1.888590341103350426e-08
4.589041095890410982e-01 9.999999792640685836e-01 2.073593163425424323e-08
4.569471624266144838e-01 9.999999774140404529e-01 2.258595985747498220e-08
4.549902152641878139e-01 9.999999755640121002e-01 2.443598808069572779e-08
4.530332681017612551e-01 9.999999737139839695e-01 2.628601630391646015e-08
4.510763209393345852e-01 9.999999718639557278e-01 2.813604452713719581e-08
4.491193737769080263e-01 9.999999700139273751e-01 2.998607275035794471e-08
4.471624266144814119e-01 9.999999681638991333e-01 3.183610097357867707e-08
4.452054794520548531e-01 9.999999663138707806e-01 3.368612919679942927e-08
4.432485322896281832e-01 9.999999644638426499e-01 3.553615742002016825e-08
4.412915851272015133e-01 9.999999626138142972e-01 3.738618564324090722e-08
4.393346379647749544e-01 9.999999607637861665e-01 3.923621386646164619e-08
4.373776908023483401e-01 9.999999589137577027e-01 4.108624208968238516e-08
4.354207436399216702e-01 9.999999541383445267e-01 4.586165542780452154e-08
4.334637964774951113e-01 9.999999396788976647e-01 6.032110224973821550e-08
4.315068493150684414e-01 9.999999252194509136e-01 7.478054907167193593e-08
4.295499021526418826e-01 9.999999107600041626e-01 8.923999589360568283e-08
4.275929549902152127e-01 9.999998963005571895e-01 1.036994427155393900e-07
4.256360078277886538e-01 9.999998818411104384e-01 1.181588895374730972e-07
4.236790606653620395e-01 9.999998673816636874e-01 1.326183363594068573e-07
4.217221135029353696e-01 9.999998529222169363e-01 1.470777831813405645e-07
4.197651663405088107e-01 9.999998384627700743e-01 1.615372300032742188e-07
4.178082191780821408e-01 9.999998240033234342e-01 1.759966768252079789e-07
4.158512720156555265e-01 9.999998095438764611e-01 1.904561236471416332e-07
4.138943248532289676e-01 9.999997950844297101e-01 2.049155704690752874e-07
4.119373776908022977e-01 9.999997806249829591e-01 2.193750172910090740e-07
4.099804305283757389e-01 9.999997661655362080e-01 2.338344641129428077e-07
4.080234833659491245e-01 9.999997517060894570e-01 2.482939109348764620e-07
4.060665362035224546e-01 9.999997372466427059e-01 2.627533577568101692e-07
4.041095890410958957e-01 9.999997227871959549e-01 2.772128045787439293e-07
4.021526418786692814e-01 9.999997083277490928e-01 2.916722514006775306e-07
4.001956947162426670e-01 9.999996938683022307e-01 3.061316982226112907e-07
3.982387475538159971e-01 9.999996794088554797e-01 3.205911450445451567e-07
3.962818003913894382e-01 9.999996649494087286e-01 3.350505918664786522e-07
3.943248532289627684e-01 9.999996504899618666e-01 3.495100386884123064e-07
3.923679060665362095e-01 9.999996360305153376e-01 3.639694855103462254e-07
3.904109589041095951e-01 9.999996215710682534e-01 3.784289323322797738e-07
3.884540117416829808e-01 9.999996071116215024e-01 3.928883791542135339e-07
3.864970645792563664e-01 9.999995926521747514e-01 4.073478259761472940e-07
3.845401174168296965e-01 9.999995781927280003e-01 4.218072727980810012e-07
3.825831702544031376e-01 9.999995637332812493e-01 4.362667196200146025e-07
3.806262230919765233e-01 9.999995492738344982e-01 4.507261664419483627e-07
3.786692759295498534e-01 9.999995348143876361e-01 4.651856132638821228e-07
3.767123287671232945e-01 9.999995203549406630e-01 4.796450600858158829e-07
3.747553816046966246e-01 9.999995058954940230e-01 4.941045069077495372e-07
3.727984344422700103e-01 9.999994914360472720e-01 5.085639537296832973e-07
3.708414872798433959e-01 9.999994473528885930e-01 5.526471123834111789e-07
3.688845401174168370e-01 9.999993690492350318e-01 6.309507657393845797e-07
3.669275929549902227e-01 9.999992907455818036e-01 7.092544190953577688e-07
3.649706457925635528e-01 9.999992124419285755e-01 7.875580724513309579e-07
3.630136986301369939e-01 9.999991341382752363e-01 8.658617258073041470e-07
3.610567514677103240e-01 9.999990558346216751e-01 9.441653791632775478e-07
3.590998043052837096e-01 9.999989775309683360e-01 1.022469032519250949e-06
3.571428571428571508e-01 9.999988992273149968e-01 1.100772685875223714e-06
3.551859099804304809e-01 9.999988209236616576e-01 1.179076339231197327e-06
3.532289628180039220e-01 9.999987426200083185e-01 1.257379992587170728e-06
3.512720156555772522e-01 9.999986643163548683e-01 1.335683645943143282e-06
3.493150684931506378e-01 9.999985860127011961e-01 1.413987299299116682e-06
3.473581213307240789e-01 9.999985077090479679e-01 1.492290952655090507e-06
3.454011741682974646e-01 9.999984294053947398e-01 1.570594606011063061e-06
3.434442270058707947e-01 9.999983511017414006e-01 1.648898259367037097e-06
3.414872798434441803e-01 9.999982727980880615e-01 1.727201912723009439e-06
3.395303326810176214e-01 9.999981819651597714e-01 1.818034840883077338e-06
3.375733855185909515e-01 9.999979470455713226e-01 2.052954429290231864e-06
3.356164383561643372e-01 9.999977121259828738e-01 2.287874017697386179e-06
3.336594911937377783e-01 9.999974772063944251e-01 2.522793606104540494e-06
3.317025440313111084e-01 9.999972422868059763e-01 2.757713194511695232e-06
3.297455968688845496e-01 9.999970073672176385e-01 2.992632782918845311e-06
3.277886497064578797e-01 9.999967724476290787e-01 3.227552371326000049e-06
3.258317025440312653e-01 9.999965375280406299e-01 3.462471959733154788e-06
3.238747553816047065e-01 9.999963026084521811e-01 3.697391548140309526e-06
3.219178082191780366e-01 9.999960676888637323e-01 3.932311136547462146e-06
3.199608610567514222e-01 9.999958327692755056e-01 4.167230724954618578e-06
3.180039138943248078e-01 9.999955978496866127e-01 4.402150313361768234e-06
3.160469667318982490e-01 9.999953629300983859e-01 4.637069901768922972e-06
3.140900195694715791e-01 9.999951242749860469e-01 4.875725014126995720e-06
3.121330724070449647e-01 9.999946457411903467e-01 5.354258809664095539e-06
3.101761252446184058e-01 9.999941672073948684e-01 5.832792605201196206e-06
3.082191780821917360e-01 9.999936886735991681e-01 6.311326400738298566e-06
3.062622309197651216e-01 9.999932101398036899e-01 6.789860196275399233e-06
3.043052837573385072e-01 9.999927316060079896e-01 7.268393991812491429e-06
3.023483365949118928e-01 9.999922530722122893e-01 7.746927787349592096e-06
3.003913894324853340e-01 9.999917745384168111e-01 8.225461582886692762e-06
2.984344422700586641e-01 9.999912960046211108e-01 8.703995378423793429e-06
2.964774951076320497e-01 9.999908174708256325e-01 9.182529173960894095e-06
2.945205479452054353e-01 9.999903389370301543e-01 9.661062969497994762e-06
2.925636007827788210e-01 9.999898604032344540e-01 1.013959676503508865e-05
2.906066536203522066e-01 9.999893818694389758e-01 1.061813056057219101e-05
2.886497064579256477e-01 9.999889033356432755e-01 1.109666435610928999e-05
2.866927592954989779e-01 9.999879334923327256e-01 1.206650766685107845e-05
2.847358121330723635e-01 9.999869381537702662e-01 1.306184622922602472e-05
2.827788649706457491e-01 9.999859428152075846e-01 1.405718479160097269e-05
2.808219178082191347e-01 9.999849474766455693e-01 1.505252335397590371e-05
2.788649706457925759e-01 9.999839521380831098e-01 1.604786191635084998e-05
2.769080234833659615e-01 9.999829567995205393e-01 1.704320047872579625e-05
2.749510763209392916e-01 9.999819614609581908e-01 1.803853904110074252e-05
2.729941291585126772e-01 9.999809661223959534e-01 1.903387760347568879e-05
2.710371819960860629e-01 9.999799707838336049e-01 2.002921616585063506e-05
2.690802348336594485e-01 9.999789754452711454e-01 2.102455472822558133e-05
2.671232876712328896e-01 9.999779801067087970e-01 2.201989329060050727e-05
2.651663405088062753e-01 9.999769847681464485e-01 2.301523185297546032e-05
2.632093933463796054e-01 9.999759894295839890e-01 2.401057041535040659e-05
2.612524461839529910e-01 9.999703223782626660e-01 2.967762173668949701e-05
2.592954990215263766e-01 9.999640542339789384e-01 3.594576602041500951e-05
2.573385518590997623e-01 9.999577860896953219e-01 4.221391030414053556e-05
2.553816046966732034e-01 9.999520191467639041e-01 4.798085323542653771e-05
2.534246575342465335e-01 9.999478872218934278e-01 5.211277810608115271e-05
2.514677103718199191e-01 9.999437552970225074e-01 5.624470297673576772e-05
2.495107632093933048e-01 9.999396233721520311e-01 6.037662784739038273e-05
2.475538160469667182e-01 9.999347669661475813e-01 6.523303385183508939e-05
2.455968688845400483e-01 9.999298711254370753e-01 7.012887456246052695e-05
2.436399217221134617e-01 9.999249752847265693e-01 7.502471527308599160e-05
2.416829745596868473e-01 9.999191806749300193e-01 8.081932506960704215e-05
2.397260273972602329e-01 9.999129274552001068e-01 8.707254479923122285e-05
2.377690802348336185e-01 9.999066742354703052e-01 9.332576452885544421e-05
2.358121330724070319e-01 9.998998830869099130e-01 1.001169130889876814e-04
2.338551859099803620e-01 9.998916611351224004e-01 1.083388648764858366e-04
2.318982387475537754e-01 9.998826576347901174e-01 1.173423652090267190e-04
2.299412915851271610e-01 9.998728674989453280e-01 1.271325010539507867e-04
2.279843444227005467e-01 9.998622258445220012e-01 1.377741554774274406e-04
2.260273972602739323e-01 9.998507690254907487e-01 1.492309745089084709e-04
2.240704500978473457e-01 9.998384970418514595e-01 1.615029581483939046e-04
2.221135029354206758e-01 9.998253971286252817e-01 1.746028713749945053e-04
2.201565557729940892e-01 9.998114719208854861e-01 1.885280791147867516e-04
2.181996086105674748e-01 9.997967237784186612e-01 2.032762215817092628e-04
2.162426614481408604e-01 9.997810259938260113e-01 2.189740061743082242e-04
2.142857142857142461e-01 9.997642892473588283e-01 2.357107526415070926e-04
2.123287671232876039e-01 9.997466007324842252e-01 2.533992675158509063e-04
2.103718199608609896e-01 9.997276348820750558e-01 2.723651179249340307e-04
2.084148727984344029e-01 9.997058119603777770e-01 2.941880396220901916e-04
2.064579256360077886e-01 9.996814403944969118e-01 3.185596055025474585e-04
2.045009784735811742e-01 9.996541666716510788e-01 3.458333283479814342e-04
2.025440313111545876e-01 9.996257066327519647e-01 3.742933672471540629e-04
2.005870841487279177e-01 9.995954660633995514e-01 4.045339365996856095e-04
1.986301369863013033e-01 9.995634244721790518e-01 4.365755278209883326e-04
1.966731898238747167e-01 9.995292674604139282e-01 4.707325395865440305e-04
1.947162426614481023e-01 9.994928325669715230e-01 5.071674330286915630e-04
1.927592954990214880e-01 9.994541848469914447e-01 5.458151530086257936e-04
1.908023483365949013e-01 9.994128040965728488e-01 5.871959034268325753e-04
1.888454011741682315e-01 9.993675391191459978e-01 6.324608808533313010e-04
1.868884540117415893e-01 9.993185210619155434e-01 6.814789380839409404e-04
1.849315068493150305e-01 9.992653646285631908e-01 7.346353714362053363e-04
1.829745596868884161e-01 9.992071892216936035e-01 7.928107783055113149e-04
1.810176125244617740e-01 9.991437513288818906e-01 8.562486711173702188e-04
1.790606653620352151e-01 9.990745952722686063e-01 9.254047277307867695e-04
1.771037181996085452e-01 9.989998017019254828e-01 1.000198298074104347e-03
1.751467710371819586e-01 9.989191722008397001e-01 1.080827799159618605e-03
1.731898238747553720e-01 9.988324839127253885e-01 1.167516087273721406e-03
1.712328767123286744e-01 9.987396353877637800e-01 1.260364612234945829e-03
1.692759295499021155e-01 9.986405699186227114e-01 1.359430081375906027e-03
1.673189823874754734e-01 9.985352908022453455e-01 1.464709197753660038e-03
1.653620352250488590e-01 9.984231856973491137e-01 1.576814302650220590e-03
1.634050880626222169e-01 9.983005578186814333e-01 1.699442181317932683e-03
1.614481409001956580e-01 9.981671496660715626e-01 1.832850333927760027e-03
1.594911937377690436e-01 9.980212294749584157e-01 1.978770525040494943e-03
1.575342465753424015e-01 9.978650843044021279e-01 2.134915695596735843e-03
1.555772994129158426e-01 9.976971733543948950e-01 2.302826645603967860e-03
1.536203522504891728e-01 9.975169004189898825e-01 2.483099581009388934e-03
1.516634050880625861e-01 9.973226300863459182e-01 2.677369913653528458e-03
1.497064579256359163e-01 9.971138845418967556e-01 2.886115458102889685e-03
1.477495107632093296e-01 9.968897997957643087e-01 3.110200204235045139e-03
1.457925636007827708e-01 9.966476456084771840e-01 3.352354391522044917e-03
1.438356164383561009e-01 9.963862338418689735e-01 3.613766158130115799e-03
1.418786692759294865e-01 9.961036736736840203e-01 3.896326326314742891e-03
1.399217221135028444e-01 9.957981277253660224e-01 4.201872274632991421e-03
1.379647749510762855e-01 9.954673614378581892e-01 4.532638562140874072e-03
1.360078277886496712e-01 9.951093259857736184e-01 4.890674014225951383e-03
1.340508806262230290e-01 9.947255236530837541e-01 5.274476346916448857e-03
1.320939334637964702e-01 9.943140169713295951e-01 5.685983028670489950e-03
1.301369863013697725e-01 9.938736624173338807e-01 6.126337582666258053e-03
1.281800391389432137e-01 9.933987708968119446e-01 6.601229103188435351e-03
1.262230919765165438e-01 9.928881218142844300e-01 7.111878185715519649e-03
1.242661448140899433e-01 9.923382936727582759e-01 7.661706327241228805e-03
1.223091976516633844e-01 9.917450839648060956e-01 8.254916035193252122e-03
1.203522504892367284e-01 9.911045190516564185e-01 8.895480948342953526e-03
1.183953033268101279e-01 9.904131024890380219e-01 9.586897510961516627e-03
1.164383561643834719e-01 9.896665546905694111e-01 1.033344530943036167e-02
1.144814090019569131e-01 9.888614780518398817e-01 1.113852194816026923e-02
1.125244618395302570e-01 9.880051022537302829e-01 1.199489774626941521e-02
1.105675146771036566e-01 9.870944081018451222e-01 1.290559189815436783e-02
1.086105675146770561e-01 9.861081290798137111e-01 1.389187092018560193e-02
1.066536203522504000e-01 9.850415125959712803e-01 1.495848740402890009e-02
1.046966731898238412e-01 9.838913471679018308e-01 1.610865283209853699e-02
1.027397260273971852e-01 9.826560017161400928e-01 1.734399828386013614e-02
1.007827788649705847e-01 9.813365687066374354e-01 1.866343129336200946e-02
9.882583170254401195e-02 9.799194984965229338e-01 2.008050150347642435e-02
9.686888454011736982e-02 9.783966927876223130e-01 2.160330721237841908e-02
9.491193737769075545e-02 9.767571465932083363e-01 2.324285340679253797e-02
9.295499021526411332e-02 9.749935098890341045e-01 2.500649011096671426e-02
9.099804305283754058e-02 9.731004853939209109e-01 2.689951460607910294e-02
8.904109589041089845e-02 9.710848470610963235e-01 2.891515293890350655e-02
8.708414872798424244e-02 9.689307814763123972e-01 3.106921852368844245e-02
8.512720156555768358e-02 9.666132179920627898e-01 3.338678200793845918e-02
8.317025440313102758e-02 9.641265829606795457e-01 3.587341703932157150e-02
8.121330724070446871e-02 9.614635923876155843e-01 3.853640761238549817e-02
7.925636007827781271e-02 9.586172018902834324e-01 4.138279810971737249e-02
7.729941291585125385e-02 9.555735623337071605e-01 4.442643766629328361e-02
7.534246575342459784e-02 9.523188814759699916e-01 4.768111852403126433e-02
7.338551859099795571e-02 9.488409402680824112e-01 5.115905973191922640e-02
7.142857142857138297e-02 9.451274938364584433e-01 5.487250616354303473e-02
6.947162426614474084e-02 9.411661186874279439e-01 5.883388131257299980e-02
6.751467710371818198e-02 9.369419413267749963e-01 6.305805867322519798e-02
6.555772994129152598e-02 9.324400922202946695e-01 6.755990777970509453e-02
6.360078277886486997e-02 9.276456430959301169e-01 7.235435690406910592e-02
6.164383561643831111e-02 9.225450190604511658e-01 7.745498093954931995e-02
5.968688845401166204e-02 9.171242769903737990e-01 8.287572300962653404e-02
5.772994129158509624e-02 9.113677291015731541e-01 8.863227089842594386e-02
5.577299412915844717e-02 9.052577606075793426e-01 9.474223939241779857e-02
5.381604696673188831e-02 8.987759414809599612e-01 1.012240585190370690e-01
5.185909980430523231e-02 8.919110836496858541e-01 1.080889163503119810e-01
4.990215264187858324e-02 8.846516953974445929e-01 1.153483046025540332e-01
4.794520547945201744e-02 8.769852311017733992e-01 1.230147688982256848e-01
4.598825831702536837e-02 8.688942723017339942e-01 1.311057276982658948e-01
4.403131115459880951e-02 8.603565796664658372e-01 1.396434203335365498e-01
4.207436399217215350e-02 8.513557254656231033e-01 1.486442745343810046e-01
4.011741682974550444e-02 8.418892872750899370e-01 1.581107127249118394e-01
3.816046966731884843e-02 8.319792654147213362e-01 1.680207345852779977e-01
3.620352250489228957e-02 8.215832173886744583e-01 1.784167826113234878e-01
3.424657534246573071e-02 8.106948108392462160e-01 1.893051891607510639e-01
3.228962818003907470e-02 7.993143003507499067e-01 2.006856996492490941e-01
3.033268101761251584e-02 7.874408167701030248e-01 2.125591832298958095e-01
2.837573385518577310e-02 7.750738337916354137e-01 2.249261662083640034e-01
2.641878669275921077e-02 7.622158582870088850e-01 2.377841417129886170e-01
2.446183953033255823e-02 7.488727553169294282e-01 2.511272446830663529e-01
2.250489236790599937e-02 7.350527843469686351e-01 2.649472156530281453e-01
2.054794520547943704e-02 7.207668815222041392e-01 2.792331184777924191e-01
1.859099804305278450e-02 7.060296821489133734e-01 2.939703178510805204e-01
1.663405088062613196e-02 6.908597736380034382e-01 3.091402263619955626e-01
1.467710371819948116e-02 6.752777502026858780e-01 3.247222497973183408e-01
1.272015655577291883e-02 6.593071857908502365e-01 3.406928142091490974e-01
1.076320939334635823e-02 6.429760035377822813e-01 3.570239964622126116e-01
8.806262230919707432e-03 6.263147915873219507e-01 3.736852084126700557e-01
6.849315068493054028e-03 6.093570256549006858e-01 3.906429743450861025e-01
4.892367906066402358e-03 5.921393300328381404e-01 4.078606699671427083e-01
2.935420743639841328e-03 5.746994803057108303e-01 4.253005196942633015e-01
9.784735812131892252e-04 5.570785798639559250e-01 4.429214201360128778e-01
-9.784735812133715880e-04 5.393186184355117652e-01 4.606813815644577037e-01
-2.935420743639932401e-03 5.214639527301310196e-01 4.785360472698449996e-01
-4.892367906066584504e-03 5.035594273307790747e-01 4.964405726691993315e-01
-6.849315068493237041e-03 4.856510001787939235e-01 5.143489998211842051e-01
-8.806262230919889578e-03 4.677833316712713407e-01 5.322166683287109512e-01
-1.076320939334645017e-02 4.500019165341100358e-01 5.499980834658801943e-01
-1.272015655577310271e-02 4.323513049641181105e-01 5.676486950358810013e-01
-1.467710371819966331e-02 4.148747945267298176e-01 5.851252054732772878e-01
-1.663405088062631584e-02 3.976141909677056718e-01 6.023858090323019887e-01
-1.859099804305296838e-02 3.806085335123599034e-01 6.193914664876427612e-01
-2.054794520547952724e-02 3.638944628554614535e-01 6.361055371445289985e-01
-2.250489236790617978e-02 3.475068969040054911e-01 6.524931030959733036e-01
-2.446183953033274211e-02 3.314772884111316653e-01 6.685227115888439098e-01
-2.641878669275930097e-02 3.158348056256604086e-01 6.841651943743196629e-01
-2.837573385518595351e-02 3.006049713857350536e-01 6.993950286142585071e-01
-3.033268101761260604e-02 2.858086934415542402e-01 7.141913065584514220e-01
-3.228962818003926205e-02 2.714642304972645359e-01 7.285357695027459002e-01
-3.424657534246582091e-02 2.575875806725028139e-01 7.424124193275132289e-01
-3.620352250489246998e-02 2.441904487034678439e-01 7.558095512965541385e-01
-3.816046966731903578e-02 2.312816098770620055e-01 7.687183901229683869e-01
-4.011741682974568485e-02 2.188668400140239556e-01 7.811331599860156238e-01
-4.207436399217233391e-02 2.069488818940849462e-01 7.930511181059554104e-01
-4.403131115459889972e-02 1.955274386109870088e-01 8.044725613890426619e-01
-4.598825831702554878e-02 1.845993865634181774e-01 8.154006134365823222e-01
-4.794520547945210764e-02 1.741616138906078581e-01 8.258383861093732126e-01
-4.990215264187876365e-02 1.642081419419632593e-01 8.357918580580357970e-01
-5.185909980430532251e-02 1.547262286636728046e-01 8.452737713363509542e-01
-5.381604696673197852e-02 1.457042706710191260e-01 8.542957293290254217e-01
-5.577299412915862759e-02 1.371394032226246340e-01 8.628605967774116703e-01
-5.772994129158518645e-02 1.290197079682678383e-01 8.709802920317208930e-01
-5.968688845401184245e-02 1.213200623409371598e-01 8.786799376590508359e-01
-6.164383561643840131e-02 1.140309314952042963e-01 8.859690685047999503e-01
-6.360078277886505038e-02 1.071411872970775975e-01 8.928588127029332133e-01
-6.555772994129170639e-02 1.006328920319013998e-01 8.993671079681213598e-01
-6.751467710371826525e-02 9.449028644325943582e-02 9.055097135567712341e-01
-6.947162426614492126e-02 8.869660170906509822e-02 9.113033982909577446e-01
-7.142857142857148012e-02 8.323680408142143661e-02 9.167631959185866819e-01
-7.338551859099813612e-02 7.809726535230086808e-02 9.219027346477084439e-01
-7.534246575342477825e-02 7.326071361981406627e-02 9.267392863801824365e-01
-7.729941291585135099e-02 6.871192955033759986e-02 9.312880704496295792e-01
-7.925636007827799312e-02 6.443780628709488978e-02 9.355621937128462129e-01
-8.121330724070456586e-02 6.042284483172517817e-02 9.395771551682023937e-01
-8.317025440313120799e-02 5.665087519189719589e-02 9.433491248080509983e-01
-8.512720156555776685e-02 5.311329729528059540e-02 9.468867027046845575e-01
-8.708414872798442286e-02 4.979732789866558179e-02 9.502026721013019372e-01
-8.904109589041107886e-02 4.667824720576684711e-02 9.533217527942149383e-01
-9.099804305283763772e-02 4.375473388577286182e-02 9.562452661142203381e-01
-9.295499021526429373e-02 4.102806118076987585e-02 9.589719388192232685e-01
-9.491193737769085259e-02 3.846868088497757548e-02 9.615313191150370864e-01
-9.686888454011750860e-02 3.606411572418401212e-02 9.639358842758265489e-01
-9.882583170254415073e-02 3.381282837218919923e-02 9.661871716278072064e-01
-1.007827788649708067e-01 3.170816831507328182e-02 9.682918316849100648e-01
-1.027397260273973656e-01 2.973759463454405880e-02 9.702624053654328451e-01
-1.046966731898239245e-01 2.789094450135165201e-02 9.721090554986249188e-01
-1.066536203522505805e-01 2.616299220382617766e-02 9.738370077961344684e-01
-1.086105675146771393e-01 2.454498986979967989e-02 9.754550101301462384e-01
-1.105675146771037953e-01 2.303052253491402745e-02 9.769694774650226066e-01
-1.125244618395304513e-01 2.161370822363083838e-02 9.783862917763008760e-01
-1.144814090019570102e-01 2.028516274049379370e-02 9.797148372594414178e-01
-1.164383561643836523e-01 1.904659317325997289e-02 9.809534068266743123e-01
-1.183953033268102251e-01 1.787966749710213910e-02 9.821203325028277087e-01
-1.203522504892368672e-01 1.678740822396689730e-02 9.832125917759617639e-01
-1.223091976516635232e-01 1.577465628914632642e-02 9.842253437108001712e-01
-1.242661448140900821e-01 1.481977698714045076e-02 9.851802230128355875e-01
-1.262230919765168213e-01 1.392752320279341642e-02 9.860724767971800198e-01
-1.281800391389433802e-01 1.309024896356999514e-02 9.869097510363953329e-01
-1.301369863013699391e-01 1.230750193564979916e-02 9.876924980642933782e-01
-1.320939334637964979e-01 1.157253025720370379e-02 9.884274697427495315e-01
-1.340508806262231678e-01 1.088566802977528405e-02 9.891143319701997116e-01
-1.360078277886498932e-01 1.024201643731590533e-02 9.897579835626526545e-01
-1.379647749510764798e-01 9.638334678136382255e-03 9.903616653218318966e-01
-1.399217221135030387e-01 9.072672752259211895e-03 9.909273272477203687e-01
-1.418786692759295975e-01 8.542514987170454072e-03 9.914574850128281547e-01
-1.438356164383562397e-01 8.045355567962689594e-03 9.919546444320381795e-01
-1.457925636007828818e-01 7.579093571145984094e-03 9.924209064288471716e-01
-1.477495107632095517e-01 7.142017183913757991e-03 9.928579828160779552e-01
-1.497064579256361105e-01 6.731933455271531253e-03 9.932680665447207735e-01
-1.516634050880626694e-01 6.346897401096664344e-03 9.936531025988999399e-01
-1.536203522504892283e-01 5.985374707415253015e-03 9.940146252925874393e-01
-1.555772994129159814e-01 5.646731794369592126e-03 9.943532682056310801e-01
-1.575342465753426235e-01 5.328931915740082147e-03 9.946710680842535401e-01
-1.594911937377691824e-01 5.029250954506118976e-03 9.949707490454843262e-01
-1.614481409001957413e-01 4.746400248220736945e-03 9.952535997517713007e-01
-1.634050880626224944e-01 4.481779369927765475e-03 9.955182206300623449e-01
-1.653620352250490533e-01 4.234364247803064536e-03 9.957656357521833534e-01
-1.673189823874756121e-01 4.001429759860185981e-03 9.959985702401221719e-01
-1.692759295499022543e-01 3.782232209132516381e-03 9.962177677908432560e-01
-1.712328767123288131e-01 3.576031747404710085e-03 9.964239682525566355e-01
-1.731898238747555663e-01 3.381730616386564945e-03 9.966182693835546891e-01
-1.751467710371821251e-01 3.198950163774608776e-03 9.968010498361589145e-01
-1.771037181996086840e-01 3.026939859498051048e-03 9.969730601404436232e-01
-1.790606653620353539e-01 2.864556354942528367e-03 9.971354436450030612e-01
-1.810176125244619127e-01 2.711361893517570936e-03 9.972886381064274275e-01
-1.829745596868886381e-01 2.568147673820369084e-03 9.974318523261203051e-01
-1.849315068493151970e-01 2.434140069508861342e-03 9.975658599304199070e-01
-1.868884540117417559e-01 2.303845578899515242e-03 9.976961544210254385e-01
-1.888454011741683425e-01 2.177002989112236924e-03 9.978229970108201119e-01
-1.908023483365949846e-01 2.064794360594598890e-03 9.979352056393413495e-01
-1.927592954990216267e-01 1.964313715405463685e-03 9.980356862845332078e-01
-1.947162426614482966e-01 1.864173935533150733e-03 9.981358260643988789e-01
-1.966731898238748555e-01 1.766864608319162772e-03 9.982331353916011896e-01
-1.986301369863014143e-01 1.676703318289928576e-03 9.983232966816282250e-01
-2.005870841487281397e-01 1.591550395567195488e-03 9.984084496043585943e-01
-2.025440313111546986e-01 1.510892698867008759e-03 9.984891073010770945e-01
-2.045009784735813685e-01 1.435037888558827763e-03 9.985649621113822372e-01
-2.064579256360079274e-01 1.363382526362559447e-03 9.986366174735634704e-01
-2.084148727984344862e-01 1.294864107631245017e-03 9.987051358922933719e-01
-2.103718199608612394e-01 1.230938174110968912e-03 9.987690618258087127e-01
-2.123287671232877982e-01 1.171190492412935852e-03 9.988288095074986384e-01
-2.142857142857143571e-01 1.111178439999855119e-03 9.988888215599163178e-01
-2.162426614481409992e-01 1.054323913915748007e-03 9.989456760860061513e-01
-2.181996086105675581e-01 1.005410060313732291e-03 9.989945899396004414e-01
-2.201565557729943112e-01 9.572271369963725272e-04 9.990427728629219795e-01
-2.221135029354208701e-01 9.112844286398192207e-04 9.990887155712773193e-01
-2.240704500978474289e-01 8.673403877673376353e-04 9.991326596121201664e-01
-2.260273972602740711e-01 8.257000615917958579e-04 9.991742999382844381e-01
-2.279843444227006299e-01 7.863526914965288019e-04 9.992136473083916837e-01
-2.299412915851273831e-01 7.487938214145132155e-04 9.992512061784851740e-01
-2.318982387475539420e-01 7.131106174540775399e-04 9.992868893824575771e-01
-2.338551859099805008e-01 6.792017024284087781e-04 9.993207982974876558e-01
-2.358121330724070597e-01 6.470220987846535526e-04 9.993529779011243175e-01
-2.377690802348338128e-01 6.165162512431579013e-04 9.993834837486481604e-01
-2.397260273972604550e-01 5.876426091211974737e-04 9.994123573907567337e-01
-2.416829745596870138e-01 5.603395746157638010e-04 9.994396604252471228e-01
-2.436399217221135727e-01 5.345498183799348314e-04 9.994654501814665970e-01
-2.455968688845401593e-01 5.100382469698987262e-04 9.994899617528669733e-01
-2.475538160469668847e-01 4.867863673581245085e-04 9.995132136324751393e-01
-2.495107632093934436e-01 4.647051546922216416e-04 9.995352948451459163e-01
-2.514677103718200857e-01 4.436482974239579040e-04 9.995563517024155242e-01
-2.534246575342466445e-01 4.235110432834025829e-04 9.995764889565522671e-01
-2.553816046966732034e-01 4.042003790104705362e-04 9.995957996208175711e-01
-2.573385518590999843e-01 3.858320760208849148e-04 9.996141679237966482e-01
-2.592954990215265432e-01 3.685832480170609000e-04 9.996314167517894589e-01
-2.612524461839531575e-01 3.523143821236606778e-04 9.996476856176690351e-01
-2.632093933463797164e-01 3.369558066253686059e-04 9.996630441931521061e-01
-2.651663405088063308e-01 3.221858739455511333e-04 9.996778141258187977e-01
-2.671232876712330562e-01 3.079585006069609360e-04 9.996920414991472548e-01
-2.690802348336596150e-01 2.941012062330724576e-04 9.997058987935156793e-01
-2.710371819960861739e-01 2.809015847128227151e-04 9.997190984150291504e-01
-2.729941291585128438e-01 2.681663186479403028e-04 9.997318336810880890e-01
-2.749510763209394582e-01 2.558638383911369506e-04 9.997441361613392807e-01
-2.769080234833661280e-01 2.442200341753997771e-04 9.997557799655510946e-01
-2.788649706457926869e-01 2.333833221896534135e-04 9.997666166775358576e-01
-2.808219178082192458e-01 2.234599099029156710e-04 9.997765400898239729e-01
-2.827788649706459156e-01 2.141655589713731961e-04 9.997858344407573039e-01
-2.847358121330725300e-01 2.048487873776640329e-04 9.997951512123482987e-01
-2.866927592954991999e-01 1.955430760012296775e-04 9.998044569237167778e-01
-2.886497064579257588e-01 1.862783416997635440e-04 9.998137216580056386e-01
-2.906066536203523176e-01 1.785615280784458130e-04 9.998214384716264114e-01
-2.925636007827788765e-01 1.722060384225427600e-04 9.998277939612914000e-01
-2.945205479452056019e-01 1.677166284013741678e-04 9.998322833713380042e-01
-2.964774951076322163e-01 1.600006703747478866e-04 9.998399993293819454e-01
-2.984344422700588306e-01 1.491818232937534502e-04 9.998508181764763636e-01
-3.003913894324853895e-01 1.335144466981196248e-04 9.998664855530776663e-01
-3.023483365949119483e-01 1.243604495616283841e-04 9.998756395502158556e-01
-3.043052837573387293e-01 1.255834924619929176e-04 9.998744165073143453e-01
-3.062622309197652881e-01 1.275605336644113595e-04 9.998724394661058223e-01
-3.082191780821919025e-01 1.233017159307835467e-04 9.998766982838289685e-01
-3.101761252446184614e-01 1.165361031542299329e-04 9.998834638965918842e-01
-3.121330724070452423e-01 1.109338159412190123e-04 9.998890661837891436e-01
-3.140900195694718011e-01 1.057344644529807556e-04 9.998942655352691666e-01
-3.160469667318983600e-01 1.016569056167735113e-04 9.998983430941139616e-01
-3.180039138943249188e-01 9.770678637572530884e-05 9.999022932133667663e-01
-3.199608610567515332e-01 9.340947430500523736e-05 9.999065905254450604e-01
-3.219178082191782031e-01 8.954232215765815274e-05 9.999104576775984521e-01
-3.238747553816047620e-01 8.609758036066191174e-05 9.999139024193961500e-01
-3.258317025440315429e-01 8.237470904392282627e-05 9.999176252907134854e-01
-3.277886497064581017e-01 7.845765926218616765e-05 9.999215423404943515e-01
-3.297455968688846606e-01 7.514834423078269217e-05 9.999248516555172550e-01
-3.317025440313113860e-01 7.210521942679101563e-05 9.999278947803107442e-01
-3.336594911937379448e-01 6.916922882581810414e-05 9.999308307709087185e-01
-3.356164383561645037e-01 6.637573979901396047e-05 9.999336242599334845e-01
-3.375733855185910626e-01 6.368607739787660038e-05 9.999363139223276242e-01
-3.395303326810176214e-01 6.108910088773052659e-05 9.999389108988263608e-01
-3.414872798434443468e-01 5.856414187961026408e-05 9.999414358578162521e-01
-3.434442270058709057e-01 5.613585591581502030e-05 9.999438641437597974e-01
-3.454011741682974646e-01 5.381787346922387374e-05 9.999461821261872441e-01
-3.473581213307242455e-01 5.161737785817899476e-05 9.999483826217818727e-01
-3.493150684931508043e-01 4.954391647459725854e-05 9.999504560831538047e-01
-3.512720156555775297e-01 4.750938626519923737e-05 9.999524906133530067e-01
-3.532289628180040886e-01 4.554291627552862782e-05 9.999544570833368562e-01
-3.551859099804306474e-01 4.363564539953479829e-05 9.999563643542129787e-01
-3.571428571428572063e-01 4.180070585344712944e-05 9.999581992937645047e-01
-3.590998043052839872e-01 4.011879263916850492e-05 9.999598812069847575e-01
-3.610567514677105461e-01 3.855443830085621831e-05 9.999614455613325958e-01
-3.630136986301371049e-01 3.711560632153085119e-05 9.999628843933245914e-01
-3.649706457925636638e-01 3.567606856904942045e-05 9.999643239310909149e-01
-3.669275929549902227e-01 3.409560267124964791e-05 9.999659043970019479e-01
-3.688845401174169480e-01 3.242150582663169949e-05 9.999675784938597545e-01
-3.708414872798435069e-01 3.061546846671496860e-05 9.999693845312314089e-01
-3.727984344422702323e-01 2.947634995608273533e-05 9.999705236497525851e-01
-3.747553816046967912e-01 2.908725011656451871e-05 9.999709127496008154e-01
-3.767123287671233500e-01 2.941510133777365098e-05 9.999705848983855283e-01
-3.786692759295501309e-01 3.052179254594547184e-05 9.999694782071801846e-01
-3.806262230919766898e-01 2.921299799366213444e-05 9.999707870017413569e-01
-3.825831702544032487e-01 2.660045794569275597e-05 9.999733995418007559e-01
-3.845401174168298075e-01 2.319283445134927724e-05 9.999768071653054591e-01
-3.864970645792565329e-01 2.204738417543232552e-05 9.999779526155773146e-01
-3.884540117416830918e-01 2.243093814313396484e-05 9.999775690615932966e-01
-3.904109589041096506e-01 2.262453658778782600e-05 9.999773754631298139e-01
-3.923679060665362095e-01 2.012620633048544262e-05 9.999798737933804915e-01
-3.943248532289629904e-01 1.532319490033168859e-05 9.999846768048141765e-01
-3.962818003913895493e-01 1.334455077252360341e-05 9.999866554489484916e-01
-3.982387475538162747e-01 1.559789834580172559e-05 9.999844021013855055e-01
-4.001956947162428335e-01 1.752175937059889665e-05 9.999824782403636814e-01
-4.021526418786693924e-01 1.658438752548342578e-05 9.999834156121959472e-01
-4.041095890410959512e-01 1.520815398788706498e-05 9.999847918457196450e-01
-4.060665362035226766e-01 1.506963527810295089e-05 9.999849303644292586e-01
-4.080234833659492910e-01 1.488887640731066664e-05 9.999851111233057921e-01
-4.099804305283758499e-01 1.368470226462592705e-05 9.999863152974521885e-01
-4.119373776908024087e-01 1.231099283841258045e-05 9.999876890068793989e-01
-4.138943248532291341e-01 1.174777167993923573e-05 9.999882522280318931e-01
-4.158512720156556930e-01 1.166576008184761794e-05 9.999883342396245212e-01
-4.178082191780822519e-01 1.167771723660092527e-05 9.999883222824750284e-01
-4.197651663405089772e-01 1.125454311970994301e-05 9.999887454565943301e-01
-4.217221135029355361e-01 9.437528347003136010e-06 9.999905624713556485e-01
-4.236790606653623170e-01 7.859228605986605734e-06 9.999921407710843368e-01
-4.256360078277888759e-01 8.548139763951754892e-06 9.999914518599262170e-01
-4.275929549902154347e-01 9.641353849737283217e-06 9.999903586458429583e-01
-4.295499021526419936e-01 9.066080234603314872e-06 9.999909339194568147e-01
-4.315068493150685525e-01 8.209009717515870254e-06 9.999917909899717072e-01
-4.334637964774952779e-01 8.442789668263394297e-06 9.999915572100165351e-01
-4.354207436399218367e-01 8.799807215338281696e-06 9.999912001924640137e-01
-4.373776908023483956e-01 7.768685239423374356e-06 9.999922313144353758e-01
-4.393346379647749544e-01 6.444242992070998467e-06 9.999935557566808075e-01
-4.412915851272017354e-01 7.416900118249465483e-06 9.999925830995659570e-01
-4.432485322896284607e-01 9.010045644326260261e-06 9.999909899540569969e-01
-4.452054794520550196e-01 6.006645950133900069e-06 9.999939933537489445e-01
-4.471624266144815785e-01 1.150363725761316229e-06 9.999988496359629719e-01
-4.491193737769081373e-01 4.434942742008798899e-06 9.999955650569487542e-01
-4.510763209393348627e-01 6.552112332765106829e-06 9.999934478873555577e-01
-4.530332681017614216e-01 5.108829189970896280e-06 9.999948911704901189e-01
-4.549902152641879804e-01 5.778548698325610550e-06 9.999942214509927041e-01
-4.569471624266145393e-01 5.371026540791916555e-06 9.999946289731576066e-01
-4.589041095890410982e-01 4.435561640793342190e-06 9.999955644380607023e-01
-4.608610567514678791e-01 4.392687340186592591e-06 9.999956073123625888e-01
-4.628180039138944379e-01 4.145582986953845993e-06 9.999958544167139030e-01
-4.647749510763211633e-01 3.957660162696389344e-06 9.999960423395313214e-01
-4.667318982387477222e-01 3.925719090707661257e-06 9.999960742805894531e-01
-4.686888454011742811e-01 4.014850230510771424e-06 9.999959851494298890e-01
-4.706457925636010620e-01 3.925669656622146966e-06 9.999960743299989296e-01
-4.726027397260276208e-01 3.720756098447223874e-06 9.999962792435626024e-01
-4.745596868884541797e-01 3.446849931370557160e-06 9.999965531497422289e-01
-4.765166340508807385e-01 3.380356869381903433e-06 9.999966196428022869e-01
-4.784735812133072974e-01 3.388128339379382035e-06 9.999966118713267127e-01
-4.804305283757340228e-01 3.406346363070021296e-06 9.999965936532945188e-01
-4.823874755381605817e-01 3.135876307632391030e-06 9.999968641233469846e-01
-4.843444227005871405e-01 2.738064052255971374e-06 9.999972619355996795e-01
-4.863013698630138659e-01 2.304307828849281106e-06 9.999976956918195103e-01
-4.882583170254404248e-01 2.054679910250311117e-06 9.999979453197275214e-01
-4.902152641878672057e-01 1.980505474985928653e-06 9.999980194941455736e-01
-4.921722113502937646e-01 1.941632959647030671e-06 9.999980583666496781e-01
-4.941291585127203234e-01 1.777139189260493191e-06 9.999982228604292755e-01
-4.960861056751468823e-01 1.545889213006869899e-06 9.999984541104343094e-01
-4.980430528375736077e-01 1.620019966587765009e-06 9.999983799797078632e-01
-5.000000000000002220e-01 2.135215524426111247e-06 9.999978647841697432e-01
-5.000000000000000000e-01 2.135215524426111247e-06 9.999978647841697432e-01
-4.980430528375733301e-01 2.213864504481931339e-06 9.999977861351747599e-01
-4.960861056751467713e-01 2.295410850526482908e-06 9.999977045888146510e-01
-4.941291585127201569e-01 2.380021966882374905e-06 9.999976199776967611e-01
-4.921722113502935980e-01 2.467708756336852403e-06 9.999975322909184783e-01
-4.902152641878669281e-01 2.558850314786950512e-06 9.999974411493680604e-01
-4.882583170254402583e-01 2.653377701969665721e-06 9.999973466219880258e-01
-4.863013698630136994e-01 2.751264071616950878e-06 9.999972487356263429e-01
-4.843444227005870295e-01 2.852509423728480722e-06 9.999971474902825674e-01
-4.823874755381604706e-01 2.957883568813321658e-06 9.999970421161381573e-01
-4.804305283757338563e-01 3.067150874952765879e-06 9.999969328488282905e-01
-4.784735812133072974e-01 3.180165718115642026e-06 9.999968198339777015e-01
-4.765166340508806275e-01 3.296928098301733258e-06 9.999967030715868344e-01
-4.745596868884539576e-01 3.418465872703302724e-06 9.999965815338046626e-01
-4.726027397260273988e-01 3.544680980873001451e-06 9.999964553186913019e-01
-4.706457925636007844e-01 3.675244133408660241e-06 9.999963247555343493e-01
-4.686888454011742255e-01 3.810155330310387514e-06 9.999961898443330277e-01
-4.667318982387475557e-01 3.950496371170147090e-06 9.999960495032926833e-01
-4.647749510763208858e-01 4.096462110151992929e-06 9.999959035375602934e-01
-4.628180039138943269e-01 4.247521295948765256e-06 9.999957524783844587e-01
-4.608610567514677125e-01 4.403673928560247232e-06 9.999955963257654012e-01
-4.589041095890410982e-01 4.565842934073447573e-06 9.999954341567740546e-01
-4.569471624266144838e-01 4.734918507794615671e-06 9.999952650812123922e-01
-4.549902152641878139e-01 4.910574690265650209e-06 9.999950894250408950e-01
-4.530332681017612551e-01 5.093076289523269275e-06 9.999949069234508325e-01
-4.510763209393345852e-01 5.282688113604733053e-06 9.999947173116332522e-01
-4.491193737769080263e-01 5.479674970546542789e-06 9.999945203247790904e-01
-4.471624266144814119e-01 5.684301668385741829e-06 9.999943156980797276e-01
-4.452054794520548531e-01 5.896833015159265098e-06 9.999941031667267666e-01
-4.432485322896281832e-01 6.117502640196645185e-06 9.999938824970937556e-01
-4.412915851272015133e-01 6.346516655097458014e-06 9.999936534830762280e-01
-4.393346379647749544e-01 6.584186473685901819e-06 9.999934158132539608e-01
-4.373776908023483401e-01 6.830771597913587803e-06 9.999931692281245343e-01
-4.354207436399216702e-01 7.086531529731585066e-06 9.999929134681855292e-01
-4.334637964774951113e-01 7.351725771092155332e-06 9.999926482739354139e-01
-4.315068493150684414e-01 7.626613823946367700e-06 9.999923733858719910e-01
-4.295499021526418826e-01 7.911455190245724953e-06 9.999920885444930629e-01
-4.275929549902152127e-01 8.206575803064485378e-06 9.999917934238665707e-01
-4.256360078277886538e-01 8.512695018920253195e-06 9.999914873046433783e-01
-4.236790606653620395e-01 8.829744764985380211e-06 9.999911702548909265e-01
-4.217221135029353696e-01 9.158005845839758789e-06 9.999908419938047244e-01
-4.197651663405088107e-01 9.497759066061871834e-06 9.999905022405806143e-01
-4.178082191780821408e-01 9.849285230231178030e-06 9.999901507144144386e-01
-4.158512720156555265e-01 1.021286514292691922e-05 9.999897871345011513e-01
-4.138943248532289676e-01 1.058877960872790357e-05 9.999894112200374829e-01
-4.119373776908022977e-01 1.097730943221315609e-05 9.999890226902184986e-01
-4.099804305283757389e-01 1.138092169516318787e-05 9.999886190779592177e-01
-4.080234833659491245e-01 1.179862168719904639e-05 9.999882013779725076e-01
-4.060665362035224546e-01 1.223066915672689232e-05 9.999877693305101456e-01
-4.041095890410958957e-01 1.267743268516786058e-05 9.999873225669907439e-01
-4.021526418786692814e-01 1.313928085394286925e-05 9.999868607188329150e-01
-4.001956947162426670e-01 1.361658224447327009e-05 9.999863834174556043e-01
-3.982387475538159971e-01 1.410970543817987276e-05 9.999858902942773131e-01
-3.962818003913894382e-01 1.461901901648402901e-05 9.999853809807170979e-01
-3.943248532289627684e-01 1.514831659723723471e-05 9.999848516831475465e-01
-3.923679060665362095e-01 1.569708116054514477e-05 9.999843029185909726e-01
-3.904109589041095951e-01 1.626491489248164425e-05 9.999837350848641560e-01
-3.884540117416829808e-01 1.685236467693885468e-05 9.999831476350824477e-01
-3.864970645792563664e-01 1.745997739780813865e-05 9.999825400223610883e-01
-3.845401174168296965e-01 1.808829993898140084e-05 9.999819116998168722e-01
-3.825831702544031376e-01 1.873787918435043751e-05 9.999812621205643737e-01
-3.806262230919765233e-01 1.940926201780661126e-05 9.999805907377206093e-01
-3.786692759295498534e-01 2.011901055765400945e-05 9.999798809891712326e-01
-3.767123287671232945e-01 2.087436569883562455e-05 9.999791256340235801e-01
-3.747553816046966246e-01 2.166826157435123267e-05 9.999783317381412129e-01
-3.727984344422700103e-01 2.250388704162797383e-05 9.999774961126681738e-01
-3.708414872798433959e-01 2.338461509341087548e-05 9.999766153846114669e-01
-3.688845401174168370e-01 2.431400285776198506e-05 9.999756859968440548e-01
-3.669275929549902227e-01 2.529579159806091219e-05 9.999747042081033044e-01
-3.649706457925635528e-01 2.633390671300537070e-05 9.999736660929906540e-01
-3.630136986301369939e-01 2.743245773660955237e-05 9.999725675419739446e-01
-3.610567514677103240e-01 2.859573833820607848e-05 9.999714042613839782e-01
-3.590998043052837096e-01 2.982822632244513245e-05 9.999701717734172934e-01
-3.571428571428571508e-01 3.113458362929305036e-05 9.999688654161345003e-01
-3.551859099804304809e-01 3.246039058897164532e-05 9.999675396091871615e-01
-3.532289628180039220e-01 3.383405806464396919e-05 9.999661659417207193e-01
-3.512720156555772522e-01 3.526834520421262900e-05 9.999647316545915432e-01
-3.493150684931506378e-01 3.676466055395235903e-05 9.999632353392524653e-01
-3.473581213307240789e-01 3.832436573593910045e-05 9.999616756340816703e-01
-3.454011741682974646e-01 3.994877544804815821e-05 9.999600512243813633e-01
-3.434442270058707947e-01 4.163915746395615257e-05 9.999583608423774361e-01
-3.414872798434441803e-01 4.339673263313971810e-05 9.999566032672203564e-01
-3.395303326810176214e-01 4.522267488087582891e-05 9.999547773249846117e-01
-3.375733855185909515e-01 4.711811120824223233e-05 9.999528818886689319e-01
-3.356164383561643372e-01 4.908412169211625632e-05 9.999509158781962892e-01
-3.336594911937377783e-01 5.111989331009936417e-05 9.999488801065888888e-01
-3.317025440313111084e-01 5.319988156346987761e-05 9.999468001183422494e-01
-3.297455968688845496e-01 5.534402899792225869e-05 9.999446559709126436e-01
-3.277886497064578797e-01 5.755195346712435080e-05 9.999424480464453868e-01
-3.258317025440312653e-01 5.982315625425343227e-05 9.999401768436578797e-01
-3.238747553816047065e-01 6.215702207199697536e-05 9.999378429778361665e-01
-3.219178082191780366e-01 6.455281906255275464e-05 9.999354471808377109e-01
-3.199608610567514222e-01 6.700969879762765438e-05 9.999329903010907294e-01
-3.180039138943248078e-01 6.952669627843918645e-05 9.999304733035933035e-01
-3.160469667318982490e-01 7.210272993571440608e-05 9.999278972699139345e-01
-3.140900195694715791e-01 7.473660162969002034e-05 9.999252633981923211e-01
-3.121330724070449647e-01 7.742699665011325543e-05 9.999225730031373605e-01
-3.101761252446184058e-01 8.019042261415163051e-05 9.999198095771388850e-01
-3.082191780821917360e-01 8.305577675515310107e-05 9.999169442229755012e-01
-3.062622309197651216e-01 8.599237227876154171e-05 9.999140076274291022e-01
-3.043052837573385072e-01 8.900092487518793203e-05 9.999109990748095145e-01
-3.023483365949118928e-01 9.208216206803222954e-05 9.999079178375940291e-01
-3.003913894324853340e-01 9.523682321428347808e-05 9.999047631764252930e-01
-2.984344422700586641e-01 9.846565950431926569e-05 9.999015343401138622e-01
-2.964774951076320497e-01 1.017694339619068088e-04 9.998982305656365366e-01
-2.945205479452054353e-01 1.051489214442010009e-04 9.998948510781362486e-01
-2.925636007827788210e-01 1.086049086417462551e-04 9.998913950909231740e-01
-2.906066536203522066e-01 1.121381940784757459e-04 9.998878618054740652e-01
-2.886497064579256477e-01 1.157495881117113004e-04 9.998842504114318075e-01
-2.866927592954989779e-01 1.195241068589126448e-04 9.998804758926769232e-01
-2.847358121330723635e-01 1.234743391249642662e-04 9.998765256604051910e-01
-2.827788649706457491e-01 1.275558626324162443e-04 9.998724441368957994e-01
-2.808219178082191347e-01 1.317759487176701702e-04 9.998682240508127705e-01
-2.788649706457925759e-01 1.361422061168362846e-04 9.998638577934206850e-01
-2.769080234833659615e-01 1.406625809657328268e-04 9.998593374185843485e-01
-2.749510763209392916e-01 1.453453567998875531e-04 9.998546546427686810e-01
-2.729941291585126772e-01 1.501991545545365439e-04 9.998498008450384944e-01
-2.710371819960860629e-01 1.552329325646245291e-04 9.998447670670602694e-01
-2.690802348336594485e-01 1.604559865648046710e-04 9.998395440130992684e-01
-2.671232876712328896e-01 1.658779496894387815e-04 9.998341220500222004e-01
-2.651663405088062753e-01 1.715087924725979722e-04 9.998284912072952224e-01
-2.632093933463796054e-01 1.775417750305068130e-04 9.998224582247765557e-01
-2.612524461839529910e-01 1.839015726350567634e-04 9.998160984272067564e-01
-2.592954990215263766e-01 1.905782189786169815e-04 9.998094217808977113e-01
-2.573385518590997623e-01 1.975924809882266932e-04 9.998024075189220206e-01
-2.553816046966732034e-01 2.049659363728969586e-04 9.997950340635692879e-01
-2.534246575342465335e-01 2.127209736236135990e-04 9.997872790263480081e-01
-2.514677103718199191e-01 2.208807920133347034e-04 9.997791192079845679e-01
-2.495107632093933048e-01 2.294694015969926887e-04 9.997705305984226909e-01
-2.475538160469667182e-01 2.385116232114938657e-04 9.997614883768248806e-01
-2.455968688845400483e-01 2.480330884757167044e-04 9.997519669115710883e-01
-2.436399217221134617e-01 2.580602397905144363e-04 9.997419397602594904e-01
-2.416829745596868473e-01 2.840324523559897233e-04 9.997159675476514629e-01
-2.397260273972602329e-01 3.605725701240644707e-04 9.996394274295623550e-01
-2.377690802348336185e-01 3.779055961350973351e-04 9.996220944035492106e-01
-2.358121330724070319e-01 3.960256889265603751e-04 9.996039743107649755e-01
-2.338551859099803620e-01 4.150710917659938218e-04 9.995849289079385969e-01
-2.318982387475537754e-01 4.352470322652885739e-04 9.995647529674439591e-01
-2.299412915851271610e-01 4.565348133304727172e-04 9.995434651863737141e-01
-2.279843444227005467e-01 4.789653708235588501e-04 9.995210346288667669e-01
-2.260273972602739323e-01 5.026679006783590876e-04 9.994973320989999355e-01
-2.240704500978473457e-01 5.277413596212687189e-04 9.994722586400521802e-01
-2.221135029354206758e-01 5.542767445216120357e-04 9.994457232551581249e-01
-2.201565557729940892e-01 5.822381398285032730e-04 9.994177618598674151e-01
-2.181996086105674748e-01 6.118842162870071150e-04 9.993881157834147988e-01
-2.162426614481408604e-01 6.432357685587885817e-04 9.993567642311371735e-01
-2.142857142857142461e-01 6.762140237273793963e-04 9.993237859759565023e-01
-2.123287671232876039e-01 7.112814036732799383e-04 9.992887185960024343e-01
-2.103718199608609896e-01 7.484195951462154633e-04 9.992515804045237759e-01
-2.084148727984344029e-01 7.875168012882788251e-04 9.992124831983770772e-01
-2.064579256360077886e-01 8.292113968186120947e-04 9.991707886028382557e-01
-2.045009784735811742e-01 8.734103064028549395e-04 9.991265896932430834e-01
-2.025440313111545876e-01 9.199948556567140358e-04 9.990800051439758800e-01
-2.005870841487279177e-01 9.697335721292697081e-04 9.990302664274939293e-01
-1.986301369863013033e-01 1.022755773473923773e-03 9.989772442261449781e-01
-1.966731898238747167e-01 1.079185543763637499e-03 9.989208144558570091e-01
-1.947162426614481023e-01 1.139235883231786697e-03 9.988607641163981254e-01
-1.927592954990214880e-01 1.203119792111744793e-03 9.987968802075369856e-01
-1.908023483365949013e-01 1.271050270636889115e-03 9.987289497290418039e-01
-1.888454011741682315e-01 1.343379949938729471e-03 9.986566200497524193e-01
-1.868884540117415893e-01 1.420267435746604395e-03 9.985797325639538258e-01
-1.849315068493150305e-01 1.501931911656402682e-03 9.984980680880493065e-01
-1.829745596868884161e-01 1.588599704671558518e-03 9.984114002950351674e-01
-1.810176125244617740e-01 1.680497141795503921e-03 9.983195028579060493e-01
-1.790606653620352151e-01 1.778286572080316512e-03 9.982217134276176740e-01
-1.771037181996085452e-01 1.882327764082566577e-03 9.981176722356144282e-01
-1.751467710371819586e-01 1.992704669004208892e-03 9.980072953306904360e-01
-1.731898238747553720e-01 2.109703476971934704e-03 9.978902965227194333e-01
-1.712328767123286744e-01 2.233610378112434614e-03 9.977663896215736017e-01
-1.692759295499021155e-01 2.366396340710022472e-03 9.976336036589700251e-01
-1.673189823874754734e-01 2.512551200032136708e-03 9.974874487996400196e-01
-1.653620352250488590e-01 2.670037330987797171e-03 9.973299626686749075e-01
-1.634050880626222169e-01 2.839679268171609386e-03 9.971603207314800876e-01
-1.614481409001956580e-01 3.019112500270969193e-03 9.969808874993737469e-01
-1.594911937377690436e-01 3.210050216520630301e-03 9.967899497831194111e-01
-1.575342465753424015e-01 3.412855878012049145e-03 9.965871441216260784e-01
-1.555772994129158426e-01 3.628130638676411914e-03 9.963718693609658894e-01
-1.536203522504891728e-01 3.856349108413638978e-03 9.961436508912404619e-01
-1.516634050880625861e-01 4.097876108723053426e-03 9.959021238909511187e-01
-1.497064579256359163e-01 4.355689683107538679e-03 9.956443103165908415e-01
-1.477495107632093296e-01 4.635816052629983773e-03 9.953641839470854791e-01
-1.457925636007827708e-01 4.937699648021902019e-03 9.950623003517075071e-01
-1.438356164383561009e-01 5.259845406789982747e-03 9.947401545929530631e-01
-1.418786692759294865e-01 5.603941385624418986e-03 9.943960586141298297e-01
-1.399217221135028444e-01 5.971529943684295363e-03 9.940284700560770847e-01
-1.379647749510762855e-01 6.364376264071755496e-03 9.936356237356900323e-01
-1.360078277886496712e-01 6.783610408283131075e-03 9.932163895914725149e-01
-1.340508806262230290e-01 7.233313426237148770e-03 9.927666865735165214e-01
-1.320939334637964702e-01 7.714844488058439365e-03 9.922851555116964928e-01
-1.301369863013697725e-01 8.231009892511097215e-03 9.917689901072468395e-01
-1.281800391389432137e-01 8.784792082989621720e-03 9.912152079167708685e-01
-1.262230919765165438e-01 9.378487268032193250e-03 9.906215127317319347e-01
-1.242661448140899433e-01 1.001475251753341372e-02 9.899852474822332660e-01
-1.223091976516633844e-01 1.069618032513003011e-02 9.893038196746375412e-01
-1.203522504892367284e-01 1.142544512958175440e-02 9.885745548701858620e-01
-1.183953033268101279e-01 1.220525032231297574e-02 9.877947496774543978e-01
-1.164383561643834719e-01 1.303859457229666376e-02 9.869614054274689074e-01
-1.144814090019569131e-01 1.393024306923214273e-02 9.860697569305192367e-01
-1.125244618395302570e-01 1.488382246277983496e-02 9.851161775369410289e-01
-1.105675146771036566e-01 1.590709071510508846e-02 9.840929092845851489e-01
-1.086105675146770561e-01 1.700793786202936531e-02 9.829920621376441181e-01
-1.066536203522504000e-01 1.819161800433221482e-02 9.818083819953422609e-01
-1.046966731898238412e-01 1.945561658828747625e-02 9.805443834113940493e-01
-1.027397260273971852e-01 2.080543713782413706e-02 9.791945628618776709e-01
-1.007827788649705847e-01 2.225071553124651630e-02 9.777492844684698703e-01
-9.882583170254401195e-02 2.379631592784185734e-02 9.762036840718777420e-01
-9.686888454011736982e-02 2.545056508822004376e-02 9.745494349115018107e-01
-9.491193737769075545e-02 2.722154612121391662e-02 9.727784538785054780e-01
-9.295499021526411332e-02 2.911678227681613676e-02 9.708832177228959859e-01
-9.099804305283754058e-02 3.114502770008214724e-02 9.688549722996196989e-01
-8.904109589041089845e-02 3.331298480848736421e-02 9.666870151912021480e-01
-8.708414872798424244e-02 3.562878681833482608e-02 9.643712131813426680e-01
-8.512720156555768358e-02 3.810185137680717482e-02 9.618981486228599387e-01
-8.317025440313102758e-02 4.074133182911814088e-02 9.592586681705433937e-01
-8.121330724070446871e-02 4.356104167053584386e-02 9.564389583291323937e-01
-7.925636007827781271e-02 4.657357941766282483e-02 9.534264205820286442e-01
-7.729941291585125385e-02 4.979284989766145919e-02 9.502071501020510347e-01
-7.534246575342459784e-02 5.323261559857566522e-02 9.467673844011416096e-01
-7.338551859099795571e-02 5.689513174416132441e-02 9.431048682555567275e-01
-7.142857142857138297e-02 6.078631429818214665e-02 9.392136857015291884e-01
-6.947162426614474084e-02 6.493142798209114441e-02 9.350685720176090676e-01
-6.751467710371818198e-02 6.934240924799243977e-02 9.306575907516978496e-01
-6.555772994129152598e-02 7.403833302600704158e-02 9.259616669736771000e-01
-6.360078277886486997e-02 7.903627851457817322e-02 9.209637214851071896e-01
-6.164383561643831111e-02 8.435235706629275187e-02 9.156476429333995082e-01
-5.968688845401166204e-02 8.997732248276793521e-02 9.100226775169224513e-01
-5.772994129158509624e-02 9.592549201219646715e-02 9.040745079874830115e-01
-5.577299412915844717e-02 1.022472908994928043e-01 8.977527091001971105e-01
-5.381604696673188831e-02 1.089390496919434986e-01 8.910609503077578930e-01
-5.185909980430523231e-02 1.160118189175655123e-01 8.839881810820960917e-01
-4.990215264187858324e-02 1.234849242998106722e-01 8.765150756998287829e-01
-4.794520547945201744e-02 1.313736473802649685e-01 8.686263526193844786e-01
-4.598825831702536837e-02 1.396871346620149335e-01 8.603128653376466151e-01
-4.403131115459880951e-02 1.484379830499742703e-01 8.515620169496925795e-01
-4.207436399217215350e-02 1.576399124605076252e-01 8.423600875391474840e-01
-4.011741682974550444e-02 1.673036585694739342e-01 8.326963414301591371e-01
-3.816046966731884843e-02 1.774371718650553931e-01 8.225628281345845894e-01
-3.620352250489228957e-02 1.880475748969842598e-01 8.119524251026605244e-01
-3.424657534246573071e-02 1.991409620015721083e-01 8.008590379980586871e-01
-3.228962818003907470e-02 2.107216267423669409e-01 7.892783732572534738e-01
-3.033268101761251584e-02 2.227909985361768430e-01 7.772090014634562838e-01
-2.837573385518577310e-02 2.353472682656497506e-01 7.646527317340081620e-01
-2.641878669275921077e-02 2.483868386976995635e-01 7.516131613019793045e-01
-2.446183953033255823e-02 2.619047687158738702e-01 7.380952312838264806e-01
-2.250489236790599937e-02 2.758926131852340591e-01 7.241073868144853876e-01
-2.054794520547943704e-02 2.903359677932920713e-01 7.096640322064292628e-01
-1.859099804305278450e-02 3.052198625243481844e-01 6.947801374753622694e-01
-1.663405088062613196e-02 3.205262434250605308e-01 6.794737565746442609e-01
-1.467710371819948116e-02 3.362333715444717486e-01 6.637666284552319329e-01
-1.272015655577291883e-02 3.523167045236234030e-01 6.476832954760807226e-01
-1.076320939334635823e-02 3.687479305911077754e-01 6.312520694085981265e-01
-8.806262230919707432e-03 3.854952536036263533e-01 6.145047463960757739e-01
-6.849315068493054028e-03 4.025246973876692724e-01 5.974753026120274146e-01
-4.892367906066402358e-03 4.197991065719089421e-01 5.802008934277845809e-01
-2.935420743639841328e-03 4.372803246524906151e-01 5.627196753471996882e-01
-9.784735812131892252e-04 4.549273778162413184e-01 5.450726221834460983e-01
9.784735812133715880e-04 4.726979544120324395e-01 5.273020455876518131e-01
2.935420743639932401e-03 4.905478838476138304e-01 5.094521161520662034e-01
4.892367906066584504e-03 5.084316499723511296e-01 4.915683500273304585e-01
6.849315068493237041e-03 5.263026985224095178e-01 4.736973014772853929e-01
8.806262230919889578e-03 5.441165927401843128e-01 4.558834072595226439e-01
1.076320939334645017e-02 5.618285180107749355e-01 4.381714819889338530e-01
1.272015655577310271e-02 5.793955626989574226e-01 4.206044373007525317e-01
1.467710371819966331e-02 5.967762996433136902e-01 4.032237003563954314e-01
1.663405088062631584e-02 6.139271226471481047e-01 3.860728773525550217e-01
1.859099804305296838e-02 6.308078905217966437e-01 3.691921094778997658e-01
2.054794520547952724e-02 6.473820724694321349e-01 3.526179275302648852e-01
2.250489236790617978e-02 6.636154472362555401e-01 3.363845527634538590e-01
2.446183953033274211e-02 6.794817800488208714e-01 3.205182199508986862e-01
2.641878669275930097e-02 6.949550967307673854e-01 3.050449032689543372e-01
2.837573385518595351e-02 7.100064450912428882e-01 2.899935549084726172e-01
3.033268101761260604e-02 7.246141071276777090e-01 2.753858928720234189e-01
3.228962818003926205e-02 7.387583601944780476e-01 2.612416398052226363e-01
3.424657534246582091e-02 7.524257213766365471e-01 2.475742786230785974e-01
3.620352250489246998e-02 7.656125934120761034e-01 2.343874065876559443e-01
3.816046966731903578e-02 7.783090053579533318e-01 2.216909946417915944e-01
4.011741682974568485e-02 7.905041997215895844e-01 2.094958002781444617e-01
4.207436399217233391e-02 8.021983620777051183e-01 1.978016379220107757e-01
4.403131115459889972e-02 8.133928871010581707e-01 1.866071128986647176e-01
4.598825831702554878e-02 8.240913876186011233e-01 1.759086123811326730e-01
4.794520547945210764e-02 8.343017581341343192e-01 1.656982418656032241e-01
4.990215264187876365e-02 8.440275983943646976e-01 1.559724016053755380e-01
5.185909980430532251e-02 8.532761139405903306e-01 1.467238860591374983e-01
5.381604696673197852e-02 8.620674106401216008e-01 1.379325893595990671e-01
5.577299412915862759e-02 8.704180570179873566e-01 1.295819429817468282e-01
5.772994129158518645e-02 8.783151406725384636e-01 1.216848593272044643e-01
5.968688845401184245e-02 8.857855604955211515e-01 1.142144395042262589e-01
6.164383561643840131e-02 8.928559938590812095e-01 1.071440061406614130e-01
6.360078277886505038e-02 8.995298414959072009e-01 1.004701585038331457e-01
6.555772994129170639e-02 9.058271716395540629e-01 9.417282836018660286e-02
6.751467710371826525e-02 9.117630623968259185e-01 8.823693760291646815e-02
6.947162426614492126e-02 9.173523733278763359e-01 8.264762667186445477e-02
7.142857142857148012e-02 9.226111451551857190e-01 7.738885484455319819e-02
7.338551859099813612e-02 9.275553527231679141e-01 7.244464727657440317e-02
7.534246575342477825e-02 9.322005484584647839e-01 6.779945154128592943e-02
7.729941291585135099e-02 9.365617484175050578e-01 6.343825158225059602e-02
7.925636007827799312e-02 9.406551394498012808e-01 5.934486054994875248e-02
8.121330724070456586e-02 9.444927352293257528e-01 5.550726477041982576e-02
8.317025440313120799e-02 9.480902712576972924e-01 5.190972874204870247e-02
8.512720156555776685e-02 9.514636342825831816e-01 4.853636571716986314e-02
8.708414872798442286e-02 9.546202852456313614e-01 4.537971475412133637e-02
8.904109589041107886e-02 9.575759637011800329e-01 4.242403629857367797e-02
9.099804305283763772e-02 9.603420032041776189e-01 3.965799679557929780e-02
9.295499021526429373e-02 9.629277986747208917e-01 3.707220132503928622e-02
9.491193737769085259e-02 9.653488932849481063e-01 3.465110671481363980e-02
9.686888454011750860e-02 9.676096909262961177e-01 3.239030907346708565e-02
9.882583170254415073e-02 9.697225165580147799e-01 3.027748344175039408e-02
1.007827788649708067e-01 9.717060344026899887e-01 2.829396559707839792e-02
1.027397260273973656e-01 9.735472950311367946e-01 2.645270496863462439e-02
1.046966731898239245e-01 9.752713581870455783e-01 2.472864181272606959e-02
1.066536203522505805e-01 9.768796075922333566e-01 2.312039240754101832e-02
1.086105675146771393e-01 9.783860781044406707e-01 2.161392189533512670e-02
1.105675146771037953e-01 9.797928323681217577e-01 2.020716763165581603e-02
1.125244618395304513e-01 9.811034163350116355e-01 1.889658366476775278e-02
1.144814090019570102e-01 9.823293198302620599e-01 1.767068016952074924e-02
1.164383561643836523e-01 9.834719226786139412e-01 1.652807732117024184e-02
1.183953033268102251e-01 9.845414598866484290e-01 1.545854011313771773e-02
1.203522504892368672e-01 9.855384062625958119e-01 1.446159373719147802e-02
1.223091976516635232e-01 9.864685303143088113e-01 1.353146968548003121e-02
1.242661448140900821e-01 9.873377537585950048e-01 1.266224624119735229e-02
1.262230919765168213e-01 9.881490695266568203e-01 1.185093047313706335e-02
1.281800391389433802e-01 9.889071763905988854e-01 1.109282360919527921e-02
1.301369863013699391e-01 9.896148868611460703e-01 1.038511313864838928e-02
1.320939334637964979e-01 9.902753268498138972e-01 9.724673149981939713e-03
1.340508806262231678e-01 9.908923116284458210e-01 9.107688371351889411e-03
1.360078277886498932e-01 9.914689825651472610e-01 8.531017434652791304e-03
1.379647749510764798e-01 9.920069630974646113e-01 7.993036902336821820e-03
1.399217221135030387e-01 9.925093551737673714e-01 7.490644826035041011e-03
1.418786692759295975e-01 9.929793090617262674e-01 7.020690938076499729e-03
1.438356164383562397e-01 9.934193740138953510e-01 6.580625985907858494e-03
1.457925636007828818e-01 9.938287717073245320e-01 6.171228292478625477e-03
1.477495107632095517e-01 9.942098733166333524e-01 5.790126683169942098e-03
1.497064579256361105e-01 9.945683133164424650e-01 5.431686683361101886e-03
1.516634050880626694e-01 9.949077701606479085e-01 5.092229839156988888e-03
1.536203522504892283e-01 9.952227709781484855e-01 4.777229021658181349e-03
1.555772994129159814e-01 9.955131197126824150e-01 4.486880287126357794e-03
1.575342465753426235e-01 9.957863952636787364e-01 4.213604736131493569e-03
1.594911937377691824e-01 9.960437264923879264e-01 3.956273507422882960e-03
1.614481409001957413e-01 9.962832275096701329e-01 3.716772490141196858e-03
1.634050880626224944e-01 9.965069185915620409e-01 3.493081408249673527e-03
1.653620352250490533e-01 9.967188232113828317e-01 3.281176788430206770e-03
1.673189823874756121e-01 9.969171719796516840e-01 3.082828020161776025e-03
1.692759295499022543e-01 9.970963406342654434e-01 2.903659365549452094e-03
1.712328767123288131e-01 9.972662855152146788e-01 2.733714484601365482e-03
1.731898238747555663e-01 9.974351595250915414e-01 2.564840474725351132e-03
1.751467710371821251e-01 9.975877297667876675e-01 2.412270233029781014e-03
1.771037181996086840e-01 9.977280839745432672e-01 2.271916025274561216e-03
1.790606653620353539e-01 9.978601872892729485e-01 2.139812710545947651e-03
1.810176125244619127e-01 9.979848526146499754e-01 2.015147385170728764e-03
1.829745596868886381e-01 9.981017184394007646e-01 1.898281560421640878e-03
1.849315068493151970e-01 9.982099539194311255e-01 1.790046080392780539e-03
1.868884540117417559e-01 9.983190631053704411e-01 1.680936894454550853e-03
1.888454011741683425e-01 9.984196700247576217e-01 1.580329975067821299e-03
1.908023483365949846e-01 9.985024720113824248e-01 1.497527988443284486e-03
1.927592954990216267e-01 9.985878175030908910e-01 1.412182496735271296e-03
1.947162426614482966e-01 9.986675728743827918e-01 1.332427125444166516e-03
1.966731898238748555e-01 9.987429513542426252e-01 1.257048645585087752e-03
1.986301369863014143e-01 9.988140560168441429e-01 1.185943982984270220e-03
2.005870841487281397e-01 9.988795646766965852e-01 1.120435323132896446e-03
2.025440313111546986e-01 9.989421375193821007e-01 1.057862480448832753e-03
2.045009784735813685e-01 9.990006828153128460e-01 9.993171845192093741e-04
2.064579256360079274e-01 9.990558309688455374e-01 9.441690309877647826e-04
2.084148727984344862e-01 9.991098936407691866e-01 8.901063590658728382e-04
2.103718199608612394e-01 9.991565069369205965e-01 8.434930629145876661e-04
2.123287671232877982e-01 9.992020900665447014e-01 7.979099332909010169e-04
2.142857142857143571e-01 9.992463014659358489e-01 7.536985339008789309e-04
2.162426614481409992e-01 9.992871612674287807e-01 7.128387324083513416e-04
2.181996086105675581e-01 9.993244495543781580e-01 6.755504454594625247e-04
2.201565557729943112e-01 9.993666018135001217e-01 6.333981863387327157e-04
2.221135029354208701e-01 9.993986083813570787e-01 6.013916184822820470e-04
2.240704500978474289e-01 9.994272885631980685e-01 5.727114366424256118e-04
2.260273972602740711e-01 9.994580875987484347e-01 5.419124010931414184e-04
2.279843444227006299e-01 9.994865801666759086e-01 5.134198331665388920e-04
2.299412915851273831e-01 9.995136999924565391e-01 4.863000073869799735e-04
2.318982387475539420e-01 9.995390191939420577e-01 4.609808059021534366e-04
2.338551859099805008e-01 9.995627099402717430e-01 4.372900595734375553e-04
2.358121330724070597e-01 9.995848689911941420e-01 4.151310086535276627e-04
2.377690802348338128e-01 9.996063498594194296e-01 3.936501404299537444e-04
2.397260273972604550e-01 9.996278921434313958e-01 3.721078564184182721e-04
2.416829745596870138e-01 9.996486707498615232e-01 3.513292499879838151e-04
2.436399217221135727e-01 9.996663474274809502e-01 3.336525723697665287e-04
2.455968688845401593e-01 9.996814632662509581e-01 3.185367336019363739e-04
2.475538160469668847e-01 9.996974522772859029e-01 3.025477225688262941e-04
2.495107632093934436e-01 9.997139778151000744e-01 2.860221847550998165e-04
2.514677103718200857e-01 9.997283550071491831e-01 2.716449927070558028e-04
2.534246575342466445e-01 9.997399439745879857e-01 2.600560252693098024e-04
2.553816046966732034e-01 9.997514376517977475e-01 2.485623480605388558e-04
2.573385518590999843e-01 9.997668988612598007e-01 2.331011385993492181e-04
2.592954990215265432e-01 9.997845448648812194e-01 2.154551349792182624e-04
2.612524461839531575e-01 9.997946437804274833e-01 2.053562194335610200e-04
2.632093933463797164e-01 9.997991218913766520e-01 2.008781084844703593e-04
2.651663405088063308e-01 9.998074470149513893e-01 1.925529849102406267e-04
2.671232876712330562e-01 9.998178231848295905e-01 1.821768150323054654e-04
2.690802348336596150e-01 9.998272706262971710e-01 1.727293735654031586e-04
2.710371819960861739e-01 9.998363793990103776e-01 1.636206008533735209e-04
2.729941291585128438e-01 9.998444180493242239e-01 1.555819505408596870e-04
2.749510763209394582e-01 9.998519416057582987e-01 1.480583941080489954e-04
2.769080234833661280e-01 9.998600525121518201e-01 1.399474877152750334e-04
2.788649706457926869e-01 9.998671362190967304e-01 1.328637807712415965e-04
2.808219178082192458e-01 9.998718065745351158e-01 1.281934253342400208e-04
2.827788649706459156e-01 9.998770556585355740e-01 1.229443413349796434e-04
2.847358121330725300e-01 9.998841503725024449e-01 1.158496273691765827e-04
2.866927592954991999e-01 9.998895699522057923e-01 1.104300476665714395e-04
2.886497064579257588e-01 9.998943868363507903e-01 1.056131635219370460e-04
2.906066536203523176e-01 9.998994382856132290e-01 1.005617142607669479e-04
2.925636007827788765e-01 9.999042609661470404e-01 9.573903372831122673e-05
2.945205479452056019e-01 9.999081400729048497e-01 9.185992697104822247e-05
2.964774951076322163e-01 9.999120944754584794e-01 8.790552441809216903e-05
2.984344422700588306e-01 9.999176009295108747e-01 8.239907036631448183e-05
3.003913894324853895e-01 9.999227860492896358e-01 7.721395058809220335e-05
3.023483365949119483e-01 9.999251986141772797e-01 7.480138570014087038e-05
3.043052837573387293e-01 9.999272676057454623e-01 7.273239413233684170e-05
3.062622309197652881e-01 9.999316365676118590e-01 6.836343226760408561e-05
3.082191780821919025e-01 9.999348438551582952e-01 6.515614472271571544e-05
3.101761252446184614e-01 9.999352823729896755e-01 6.471762689159847072e-05
3.121330724070452423e-01 9.999390825196868837e-01 6.091748019504319295e-05
3.140900195694718011e-01 9.999467640295451876e-01 5.323597033820377713e-05
3.160469667318983600e-01 9.999451328675963424e-01 5.486713228756425961e-05
3.180039138943249188e-01 9.999373028252018791e-01 6.269717468273768891e-05
3.199608610567515332e-01 9.999458405555166074e-01 5.415944436888882069e-05
3.219178082191782031e-01 9.999534629955166842e-01 4.653700436967663639e-05
3.238747553816047620e-01 9.999546203514253495e-01 4.537964846207246435e-05
3.258317025440315429e-01 9.999567057784821689e-01 4.329422140649972443e-05
3.277886497064581017e-01 9.999585953307790209e-01 4.140466911062312162e-05
3.297455968688846606e-01 9.999603798955134515e-01 3.962010437681901323e-05
3.317025440313113860e-01 9.999621440845573028e-01 3.785591533370493214e-05
3.336594911937379448e-01 9.999638619838160380e-01 3.613801607553241042e-05
3.356164383561645037e-01 9.999654717197390408e-01 3.452828015313455599e-05
3.375733855185910626e-01 9.999669952659450134e-01 3.300473394743613613e-05
3.395303326810176214e-01 9.999684456978670255e-01 3.155430202566537196e-05
3.414872798434443468e-01 9.999698593141655989e-01 3.014068572745128190e-05
3.434442270058709057e-01 9.999712167322283296e-01 2.878326766513099799e-05
3.454011741682974646e-01 9.999724965555454315e-01 2.750344434829390212e-05
3.473581213307242455e-01 9.999736858492342950e-01 2.631415065912416596e-05
3.493150684931508043e-01 9.999747958231333111e-01 2.520417675982251568e-05
3.512720156555775297e-01 9.999758619528069659e-01 2.413804708607445153e-05
3.532289628180040886e-01 9.999768898568778264e-01 2.311014301521697924e-05
3.551859099804306474e-01 9.999778875634328656e-01 2.211243646059560556e-05
3.571428571428572063e-01 9.999788658230475136e-01 2.113417684647449441e-05
3.590998043052839872e-01 9.999798353862980882e-01 2.016461359711677970e-05
3.610567514677105461e-01 9.999807474677894215e-01 1.925253210682332291e-05
3.630136986301371049e-01 9.999815651080421475e-01 1.843489185521652966e-05
3.649706457925636638e-01 9.999823252557831221e-01 1.767474411495614274e-05
3.669275929549902227e-01 9.999830251387684665e-01 1.697486113030047998e-05
3.688845401174169480e-01 9.999836619847537467e-01 1.633801514550775082e-05
3.708414872798435069e-01 9.999842595652708166e-01 1.574043462879918653e-05
3.727984344422702323e-01 9.999849838803842594e-01 1.501611951601169092e-05
3.747553816046967912e-01 9.999857449437754564e-01 1.425505612565438132e-05
3.767123287671233500e-01 9.999865565541192769e-01 1.344344578262687655e-05
3.786692759295501309e-01 9.999874325100904793e-01 1.256748981182825332e-05
3.806262230919766898e-01 9.999883866103649321e-01 1.161338953815807627e-05
3.825831702544032487e-01 9.999888171736301956e-01 1.118282627359581125e-05
3.845401174168298075e-01 9.999888302692181430e-01 1.116973068630313076e-05
3.864970645792565329e-01 9.999884949774946463e-01 1.150502241089028811e-05
3.884540117416830918e-01 9.999877597424380316e-01 1.224025746829240490e-05
3.904109589041096506e-01 9.999865730080279569e-01 1.342699187944503643e-05
3.923679060665362095e-01 9.999858504861800501e-01 1.414951372831865003e-05
3.943248532289629904e-01 9.999867335154688508e-01 1.326648444047162905e-05
3.962818003913895493e-01 9.999884210488648728e-01 1.157895104502489492e-05
3.982387475538162747e-01 9.999910691030557963e-01 8.930896854792997469e-06
4.001956947162428335e-01 9.999924313538994802e-01 7.568646012124768258e-06
4.021526418786693924e-01 9.999925870823558327e-01 7.412917556650386146e-06
4.041095890410959512e-01 9.999916877958958672e-01 8.312204017466343596e-06
4.060665362035226766e-01 9.999900620004420482e-01 9.937999472185200540e-06
4.080234833659492910e-01 9.999913409931741048e-01 8.659006740814503399e-06
4.099804305283758499e-01 9.999942133901236208e-01 5.786609791863300475e-06
4.119373776908024087e-01 9.999991339918428146e-01 8.660080728274829019e-07
4.138943248532291341e-01 1.000002934548321454e+00 -2.934548405274543456e-06
4.158512720156556930e-01 1.000002589609779280e+00 -2.589609863106465733e-06
4.178082191780822519e-01 9.999993304484926515e-01 6.695514237232687120e-07
4.197651663405089772e-01 9.999941901136233380e-01 5.809886292866745829e-06
4.217221135029355361e-01 9.999930292563532497e-01 6.970743563469391536e-06
4.236790606653623170e-01 9.999937340639777350e-01 6.265935939791036913e-06
4.256360078277888759e-01 9.999955153905177863e-01 4.484609400906330780e-06
4.275929549902154347e-01 9.999959544115324395e-01 4.045588387339765432e-06
4.295499021526419936e-01 9.999960201625502920e-01 3.979837370847937820e-06
4.315068493150685525e-01 9.999962905452159934e-01 3.709454705863471456e-06
4.334637964774952779e-01 9.999967148814207230e-01 3.285118502152324996e-06
4.354207436399218367e-01 9.999971010250090497e-01 2.898974913969796455e-06
4.373776908023483956e-01 9.999969656108492755e-01 3.034389074369630863e-06
4.393346379647749544e-01 9.999963157801818880e-01 3.684219742414748897e-06
4.412915851272017354e-01 9.999959856600787456e-01 4.014339845757322264e-06
4.432485322896284607e-01 9.999964936527443449e-01 3.506347180449716303e-06
4.452054794520550196e-01 9.999977078137136655e-01 2.292186211526867946e-06
4.471624266144815785e-01 9.999980072598548819e-01 1.992740070901185753e-06
4.491193737769081373e-01 9.999977037039289307e-01 2.296295997153972087e-06
4.510763209393348627e-01 9.999973129840213915e-01 2.687015905456554415e-06
4.530332681017614216e-01 9.999973605748633254e-01 2.639425063913564476e-06
4.549902152641879804e-01 9.999974805183611259e-01 2.519481566678224808e-06
4.569471624266145393e-01 9.999975729933957558e-01 2.427006533165876681e-06
4.589041095890410982e-01 9.999976815221066628e-01 2.318477823070620985e-06
4.608610567514678791e-01 9.999977975780619532e-01 2.202421868620579957e-06
4.628180039138944379e-01 9.999979084072505575e-01 2.091592680495790550e-06
4.647749510763211633e-01 9.999980218325097425e-01 1.978167421606011681e-06
4.667318982387477222e-01 9.999981104567121637e-01 1.889543220172167862e-06
4.686888454011742811e-01 9.999981796969299452e-01 1.820303003695735236e-06
4.706457925636010620e-01 9.999982365492154912e-01 1.763450719663038537e-06
4.726027397260276208e-01 9.999982966981045829e-01 1.703301831974866985e-06
4.745596868884541797e-01 9.999983602470744470e-01 1.639752863061283428e-06
4.765166340508807385e-01 9.999984322545765192e-01 1.567745361242948478e-06
4.784735812133072974e-01 9.999985177790625679e-01 1.482220874840468536e-06
4.804305283757340228e-01 9.999986142630099550e-01 1.385736926477103628e-06
4.823874755381605817e-01 9.999986676745420411e-01 1.332325394227072950e-06
4.843444227005871405e-01 9.999987078059688894e-01 1.292193967278776248e-06
4.863013698630138659e-01 9.999987319821959098e-01 1.268017740335474972e-06
4.882583170254404248e-01 9.999987375281281787e-01 1.262471808100538995e-06
4.902152641878672057e-01 9.999987217862500444e-01 1.278213686393622761e-06
4.921722113502937646e-01 9.999987433651800206e-01 1.256634756525542695e-06
4.941291585127203234e-01 9.999987708895712313e-01 1.229110365526774051e-06
4.960861056751468823e-01 9.999988069919161227e-01 1.193008020706901647e-06
4.980430528375736077e-01 9.999988543047075851e-01 1.145695229375456089e-06
5.000000000000002220e-01 9.999989154604385089e-01 1.084539498842184823e-06
