5.000000000000000000e-01 1.000000000000000000e+00 0.000000000000000000e+00
4.980430528375733301e-01 9.999999974816755621e-01 2.518325130993370655e-09
4.960861056751467713e-01 9.999999970161517204e-01 2.983848496990253842e-09
4.941291585127201569e-01 9.999999966613770663e-01 3.338622697452750893e-09
4.921722113502935980e-01 9.999999963118231250e-01 3.688176459992553643e-09
4.902152641878669281e-01 9.999999959514687120e-01 4.048530900722639619e-09
4.882583170254402583e-01 9.999999955899674386e-01 4.410032316127796653e-09
4.863013698630136994e-01 9.999999952284661653e-01 4.771533731532956168e-09
4.843444227005870295e-01 9.999999948669647809e-01 5.133035146938114028e-09
4.823874755381604706e-01 9.999999943732904573e-01 5.626709524844473661e-09
4.804305283757338563e-01 9.999999938482084794e-01 6.151791339384782025e-09
4.784735812133072974e-01 9.999999933231262794e-01 6.676873153925089562e-09
4.765166340508806275e-01 9.999999927980445236e-01 7.201954968465397099e-09
4.745596868884539576e-01 9.999999922729625457e-01 7.727036783005705464e-09
4.726027397260273988e-01 9.999999917478805678e-01 8.252118597546014655e-09
4.706457925636007844e-01 9.999999912227987009e-01 8.777200412086323846e-09
4.686888454011742255e-01 9.999999906977168340e-01 9.302282226626633038e-09
4.667318982387475557e-01 9.999999897404789895e-01 1.025951995418657008e-08
4.647749510763208858e-01 9.999999885138453060e-01 1.148615357557692703e-08
4.628180039138943269e-01 9.999999872872116224e-01 1.271278719696727570e-08
4.608610567514677125e-01 9.999999860605781610e-01 1.393942081835763596e-08
4.589041095890410982e-01 9.999999848339446995e-01 1.516605443974799290e-08
4.569471624266144838e-01 9.999999836073112380e-01 1.639268806113834489e-08
4.549902152641878139e-01 9.999999823806773325e-01 1.761932168252870349e-08
4.530332681017612551e-01 9.999999811540438710e-01 1.884595530391905878e-08
4.510763209393345852e-01 9.999999799274104095e-01 2.007258892530940415e-08
4.491193737769080263e-01 9.999999787007766150e-01 2.129922254669976936e-08
4.471624266144814119e-01 9.999999774741430425e-01 2.252585616809012135e-08
4.452054794520548531e-01 9.999999762475095810e-01 2.375248978948047333e-08
4.432485322896281832e-01 9.999999750208760085e-01 2.497912341087082531e-08
4.412915851272015133e-01 9.999999737942422140e-01 2.620575703226118391e-08
4.393346379647749544e-01 9.999999725676087525e-01 2.743239065365154913e-08
4.373776908023483401e-01 9.999999713409751800e-01 2.865902427504189780e-08
4.354207436399216702e-01 9.999999689447424123e-01 3.105525700953415159e-08
4.334637964774951113e-01 9.999999626767333005e-01 3.732326611843279008e-08
4.315068493150684414e-01 9.999999564087244108e-01 4.359127522733138888e-08
4.295499021526418826e-01 9.999999501407151881e-01 4.985928433623004061e-08
4.275929549902152127e-01 9.999999438727059653e-01 5.612729344512865264e-08
4.256360078277886538e-01 9.999999376046967425e-01 6.239530255402723820e-08
4.236790606653620395e-01 9.999999313366880749e-01 6.866331166292590316e-08
4.217221135029353696e-01 9.999999250686788521e-01 7.493132077182452843e-08
4.197651663405088107e-01 9.999999188006696293e-01 8.119932988072314046e-08
4.178082191780821408e-01 9.999999125326606286e-01 8.746733898962175248e-08
4.158512720156555265e-01 9.999999062646514059e-01 9.373534809852040422e-08
4.138943248532289676e-01 9.999998999966424051e-01 1.000033572074190030e-07
4.119373776908022977e-01 9.999998937286331824e-01 1.062713663163176283e-07
4.099804305283757389e-01 9.999998874606241817e-01 1.125393754252162271e-07
4.080234833659491245e-01 9.999998811926150699e-01 1.188073845341148259e-07
4.060665362035224546e-01 9.999998749246057361e-01 1.250753936430134379e-07
4.041095890410958957e-01 9.999998686565968464e-01 1.313434027519121161e-07
4.021526418786692814e-01 9.999998623885879567e-01 1.376114118608106884e-07
4.001956947162426670e-01 9.999998561205786229e-01 1.438794209697093666e-07
3.982387475538159971e-01 9.999998498525695112e-01 1.501474300786079389e-07
3.962818003913894382e-01 9.999998435845605105e-01 1.564154391875065642e-07
3.943248532289627684e-01 9.999998373165515098e-01 1.626834482964051895e-07
3.923679060665362095e-01 9.999998310485422870e-01 1.689514574053038677e-07
3.904109589041095951e-01 9.999998247805330642e-01 1.752194665142024400e-07
3.884540117416829808e-01 9.999998185125240635e-01 1.814874756231010388e-07
3.864970645792563664e-01 9.999998122445148407e-01 1.877554847319996376e-07
3.845401174168296965e-01 9.999998059765058400e-01 1.940234938408983158e-07
3.825831702544031376e-01 9.999997997084966173e-01 2.002915029497968881e-07
3.806262230919765233e-01 9.999997934404876165e-01 2.065595120586955663e-07
3.786692759295498534e-01 9.999997871724785048e-01 2.128275211675941916e-07
3.767123287671232945e-01 9.999997809044695041e-01 2.190955302764927639e-07
3.747553816046966246e-01 9.999997746364603923e-01 2.253635393853914421e-07
3.727984344422700103e-01 9.999997683684512806e-01 2.316315484942900409e-07
3.708414872798433959e-01 9.999997206916511061e-01 2.793083485465503589e-07
3.688845401174168370e-01 9.999996251805579606e-01 3.748194415851069618e-07
3.669275929549902227e-01 9.999995296694649261e-01 4.703305346236636705e-07
3.649706457925635528e-01 9.999994341583718915e-01 5.658416276622186852e-07
3.630136986301369939e-01 9.999993386472788570e-01 6.613527207007751822e-07
3.610567514677103240e-01 9.999992431361858225e-01 7.568638137393318910e-07
3.590998043052837096e-01 9.999991476250927880e-01 8.523749067778889174e-07
3.571428571428571508e-01 9.999990521139997535e-01 9.478859998164446732e-07
3.551859099804304809e-01 9.999989566029067189e-01 1.043397092855001488e-06
3.532289628180039220e-01 9.999988610918134624e-01 1.138908185893558514e-06
3.512720156555772522e-01 9.999987655807206499e-01 1.234419278932114270e-06
3.493150684931506378e-01 9.999986700696276154e-01 1.329930371970670873e-06
3.473581213307240789e-01 9.999985745585344699e-01 1.425441465009227899e-06
3.454011741682974646e-01 9.999984790474412133e-01 1.520952558047783655e-06
3.434442270058707947e-01 9.999983835363481788e-01 1.616463651086340258e-06
3.414872798434441803e-01 9.999982880252551443e-01 1.711974744124895590e-06
3.395303326810176214e-01 9.999981925141623318e-01 1.807485837163452193e-06
3.375733855185909515e-01 9.999980970030690752e-01 1.902996930202008584e-06
3.356164383561643372e-01 9.999980014919760407e-01 1.998508023240565823e-06
3.336594911937377783e-01 9.999979059808830062e-01 2.094019116279122425e-06
3.317025440313111084e-01 9.999978104697899717e-01 2.189530209317679452e-06
3.297455968688845496e-01 9.999977149586969372e-01 2.285041302356233514e-06
3.277886497064578797e-01 9.999976194476039026e-01 2.380552395394791387e-06
3.258317025440312653e-01 9.999975239365108681e-01 2.476063488433347566e-06
3.238747553816047065e-01 9.999974284254178336e-01 2.571574581471904169e-06
3.219178082191780366e-01 9.999973329143247991e-01 2.667085674510459925e-06
3.199608610567514222e-01 9.999972374032317646e-01 2.762596767549017375e-06
3.180039138943248078e-01 9.999971418921387301e-01 2.858107860587572284e-06
3.160469667318982490e-01 9.999970463810456955e-01 2.953618953626128040e-06
3.140900195694715791e-01 9.999969508699526610e-01 3.049130046664686337e-06
3.121330724070449647e-01 9.999968553588594045e-01 3.144641139703242092e-06
3.101761252446184058e-01 9.999967598477663699e-01 3.240152232741799542e-06
3.082191780821917360e-01 9.999966643366735575e-01 3.335663325780356145e-06
3.062622309197651216e-01 9.999965688255805230e-01 3.431174418818911901e-06
3.043052837573385072e-01 9.999964733144872664e-01 3.526685511857467657e-06
3.023483365949118928e-01 9.999963778033942319e-01 3.622196604896024260e-06
3.003913894324853340e-01 9.999962822923011974e-01 3.717707697934580863e-06
2.984344422700586641e-01 9.999961867812081628e-01 3.813218790973137466e-06
2.964774951076320497e-01 9.999960912701151283e-01 3.908729884011694915e-06
2.945205479452054353e-01 9.999959957590220938e-01 4.004240977050251518e-06
2.925636007827788210e-01 9.999959002479290593e-01 4.099752070088805580e-06
2.906066536203522066e-01 9.999958047368360248e-01 4.195263163127362183e-06
2.886497064579256477e-01 9.999957092257429903e-01 4.290774256165918786e-06
2.866927592954989779e-01 9.999956137146499557e-01 4.386285349204475389e-06
2.847358121330723635e-01 9.999955182035568102e-01 4.481796442243031145e-06
2.827788649706457491e-01 9.999954226924636647e-01 4.577307535281589442e-06
2.808219178082191347e-01 9.999953271813704081e-01 4.672818628320143503e-06
2.788649706457925759e-01 9.999952316702773736e-01 4.768329721358701800e-06
2.769080234833659615e-01 9.999951361591845611e-01 4.863840814397257556e-06
2.749510763209392916e-01 9.999950406480915266e-01 4.959351907435814159e-06
2.729941291585126772e-01 9.999949451369982700e-01 5.054863000474370762e-06
2.710371819960860629e-01 9.999948496259052355e-01 5.150374093512926518e-06
2.690802348336594485e-01 9.999947541148122010e-01 5.245885186551483968e-06
2.671232876712328896e-01 9.999946586037191665e-01 5.341396279590039723e-06
2.651663405088062753e-01 9.999945630926261320e-01 5.436907372628596326e-06
2.632093933463796054e-01 9.999944675815330974e-01 5.532418465667152082e-06
2.612524461839529910e-01 9.999943720704400629e-01 5.627929558705709532e-06
2.592954990215263766e-01 9.999942765593470284e-01 5.723440651744265288e-06
2.573385518590997623e-01 9.999941810482539939e-01 5.818951744782822738e-06
2.553816046966732034e-01 9.999940855371609594e-01 5.914462837821377647e-06
2.534246575342465335e-01 9.999939900260679249e-01 6.009973930859933402e-06
2.514677103718199191e-01 9.999938945149748903e-01 6.105485023898490852e-06
2.495107632093933048e-01 9.999937990038816338e-01 6.200996116937046608e-06
2.475538160469667182e-01 9.999937034927888213e-01 6.296507209975604058e-06
2.455968688845400483e-01 9.999936079816957868e-01 6.392018303014159814e-06
2.436399217221134617e-01 9.999935124706027523e-01 6.487529396052717264e-06
2.416829745596868473e-01 9.999932559518029951e-01 6.744048195780893815e-06
2.397260273972602329e-01 9.999929869410260075e-01 7.013058972752231819e-06
2.377690802348336185e-01 9.999927179302490199e-01 7.282069749723569823e-06
2.358121330724070319e-01 9.999924489194720323e-01 7.551080526694907827e-06
2.338551859099803620e-01 9.999921799086952667e-01 7.820091303666246678e-06
2.318982387475537754e-01 9.999919108979182791e-01 8.089102080637582988e-06
2.299412915851271610e-01 9.999916418871414026e-01 8.358112857608915910e-06
2.279843444227005467e-01 9.999913728763646370e-01 8.627123634580255608e-06
2.260273972602739323e-01 9.999911038655877604e-01 8.896134411551591918e-06
2.240704500978473457e-01 9.999908348548107728e-01 9.165145188522931616e-06
2.221135029354206758e-01 9.999905658440337852e-01 9.434155965494267927e-06
2.201565557729940892e-01 9.999902968332570197e-01 9.703166742465607625e-06
2.181996086105674748e-01 9.999900278224798100e-01 9.972177519436943935e-06
2.162426614481408604e-01 9.999897588117030445e-01 1.024118829640827855e-05
2.142857142857142461e-01 9.999894898009260569e-01 1.051019907337961655e-05
2.123287671232876039e-01 9.999892207901492913e-01 1.077920985035095286e-05
2.103718199608609896e-01 9.999889517793723037e-01 1.104822062732229256e-05
2.084148727984344029e-01 9.999886827685953161e-01 1.131723140429362887e-05
2.064579256360077886e-01 9.999882389866310284e-01 1.176101336869139565e-05
2.045009784735811742e-01 9.999876765923175759e-01 1.232340768205506662e-05
2.025440313111545876e-01 9.999871141980042344e-01 1.288580199541874437e-05
2.005870841487279177e-01 9.999865518036910039e-01 1.344819630878242212e-05
1.986301369863013033e-01 9.999859894093776624e-01 1.401059062214609987e-05
1.966731898238747167e-01 9.999854270150644320e-01 1.457298493550978101e-05
1.947162426614481023e-01 9.999848646207510905e-01 1.513537924887346214e-05
1.927592954990214880e-01 9.999843022264378600e-01 1.569777356223712295e-05
1.908023483365949013e-01 9.999837398321242965e-01 1.626016787560080070e-05
1.888454011741682315e-01 9.999831774378111771e-01 1.682256218896448522e-05
1.868884540117415893e-01 9.999826150434977245e-01 1.738495650232816975e-05
1.849315068493150305e-01 9.999820526491844941e-01 1.794735081569184072e-05
1.829745596868884161e-01 9.999814902548711526e-01 1.850974512905551169e-05
1.810176125244617740e-01 9.999809278605578111e-01 1.907213944241919622e-05
1.790606653620352151e-01 9.999803654662442476e-01 1.963453375578286380e-05
1.771037181996085452e-01 9.999798030719312392e-01 2.019692806914655510e-05
1.751467710371819586e-01 9.999792406776177867e-01 2.075932238251022269e-05
1.731898238747553720e-01 9.999786782833044452e-01 2.132171669587389366e-05
1.712328767123286744e-01 9.999779770671035628e-01 2.202293289661550791e-05
1.692759295499021155e-01 9.999768876701575770e-01 2.311232984284115563e-05
1.673189823874754734e-01 9.999757982732111472e-01 2.420172678906684738e-05
1.653620352250488590e-01 9.999747088762649394e-01 2.529112373529249848e-05
1.634050880626222169e-01 9.999736194793186206e-01 2.638052068151819363e-05
1.614481409001956580e-01 9.999725300823725238e-01 2.746991762774384134e-05
1.594911937377690436e-01 9.999714406854260940e-01 2.855931457396949244e-05
1.575342465753424015e-01 9.999703512884798862e-01 2.964871152019518419e-05
1.555772994129158426e-01 9.999692618915336784e-01 3.073810846642083868e-05
1.536203522504891728e-01 9.999681724945874706e-01 3.182750541264652705e-05
1.516634050880625861e-01 9.999670830976410407e-01 3.291690235887217476e-05
1.497064579256359163e-01 9.999659937006950550e-01 3.400629930509785635e-05
1.477495107632093296e-01 9.999649043037485141e-01 3.509569625132351084e-05
1.457925636007827708e-01 9.999638149068024173e-01 3.618509319754917210e-05
1.438356164383561009e-01 9.999627255098562095e-01 3.727449014377485370e-05
1.418786692759294865e-01 9.999616361129098907e-01 3.836388709000050818e-05
1.399217221135028444e-01 9.999605467159635719e-01 3.945328403622619655e-05
1.379647749510762855e-01 9.999589156079407015e-01 4.108439205921591815e-05
1.360078277886496712e-01 9.999571174951793484e-01 4.288250482060083598e-05
1.340508806262230290e-01 9.999553193824179953e-01 4.468061758198582157e-05
1.320939334637964702e-01 9.999535212696567532e-01 4.647873034337073262e-05
1.301369863013697725e-01 9.999517231568954001e-01 4.827684310475572498e-05
1.281800391389432137e-01 9.999499250441341580e-01 5.007495586614062926e-05
1.262230919765165438e-01 9.999481269313728049e-01 5.187306862752561485e-05
1.242661448140899433e-01 9.999463288186114518e-01 5.367118138891052590e-05
1.223091976516633844e-01 9.999445307058502097e-01 5.546929415029545050e-05
1.203522504892367284e-01 9.999427325930891897e-01 5.726740691168043609e-05
1.183953033268101279e-01 9.999409344803276145e-01 5.906551967306534714e-05
1.164383561643834719e-01 9.999391363675664834e-01 6.086363243445033273e-05
1.144814090019569131e-01 9.999370940850980105e-01 6.290591490295441670e-05
1.125244618395302570e-01 9.999343795421300474e-01 6.562045787078830679e-05
1.105675146771036566e-01 9.999316649991620842e-01 6.833500083862210201e-05
1.086105675146770561e-01 9.999289504561943431e-01 7.104954380645589723e-05
1.066536203522504000e-01 9.999262359132262690e-01 7.376408677428980087e-05
1.046966731898238412e-01 9.999235213702584169e-01 7.647862974212359609e-05
1.027397260273971852e-01 9.999208068272906758e-01 7.919317270995749974e-05
1.007827788649705847e-01 9.999180922843226016e-01 8.190771567779129496e-05
9.882583170254401195e-02 9.999153777413547495e-01 8.462225864562509018e-05
9.686888454011736982e-02 9.999126631983870084e-01 8.733680161345899382e-05
9.491193737769075545e-02 9.999096500103547003e-01 9.034998964563349362e-05
9.295499021526411332e-02 9.999059466894355541e-01 9.405331056461113952e-05
9.099804305283754058e-02 9.999022433685166300e-01 9.775663148358863634e-05
8.904109589041089845e-02 9.998985400475974838e-01 1.014599524025662145e-04
8.708414872798424244e-02 9.998948367266785597e-01 1.051632733215437248e-04
8.512720156555768358e-02 9.998911334057594136e-01 1.088665942405212081e-04
8.317025440313102758e-02 9.998874300848403784e-01 1.125699151594988133e-04
8.121330724070446871e-02 9.998837267639214543e-01 1.162732360784763102e-04
7.925636007827781271e-02 9.998794312931968964e-01 1.205687068031811431e-04
7.729941291585125385e-02 9.998746129313906827e-01 1.253870686092714462e-04
7.534246575342459784e-02 9.998697945695849132e-01 1.302054304153618983e-04
7.338551859099795571e-02 9.998649762077790326e-01 1.350237922214522421e-04
7.142857142857138297e-02 9.998601578459730410e-01 1.398421540275425587e-04
6.947162426614474084e-02 9.998553394841671604e-01 1.446605158336329838e-04
6.751467710371818198e-02 9.998505211223611688e-01 1.494788776397233546e-04
6.555772994129152598e-02 9.998446031144343493e-01 1.553968855665094741e-04
6.360078277886486997e-02 9.998385305891720476e-01 1.614694108285518641e-04
6.164383561643831111e-02 9.998324580639095238e-01 1.675419360905942270e-04
5.968688845401166204e-02 9.998263855386475552e-01 1.736144613526368068e-04
5.772994129158509624e-02 9.998203130133850314e-01 1.796869866146791968e-04
5.577299412915844717e-02 9.998139641699295144e-01 1.860358300700341145e-04
5.381604696673188831e-02 9.998065918197114321e-01 1.934081802880393284e-04
5.185909980430523231e-02 9.997992194694935719e-01 2.007805305060447862e-04
4.990215264187858324e-02 9.997918471192754897e-01 2.081528807240500272e-04
4.794520547945201744e-02 9.997844747690572964e-01 2.155252309420551868e-04
4.598825831702536837e-02 9.997767171364091432e-01 2.232828635903266312e-04
4.403131115459880951e-02 9.997679431444714826e-01 2.320568555280837491e-04
4.207436399217215350e-02 9.997591691525337110e-01 2.408308474658411651e-04
4.011741682974550444e-02 9.997503951605961614e-01 2.496048394035982831e-04
3.816046966731884843e-02 9.997416211686585008e-01 2.583788313413557533e-04
3.620352250489228957e-02 9.997316152759760932e-01 2.683847240235831500e-04
3.424657534246573071e-02 9.997213587593554163e-01 2.786412406443280771e-04
3.228962818003907470e-02 9.997111022427345173e-01 2.888977572650734378e-04
3.033268101761251584e-02 9.997008457261139514e-01 2.991542738858184191e-04
2.837573385518577310e-02 9.996893061237472899e-01 3.106938762523128034e-04
2.641878669275921077e-02 9.996775063414815587e-01 3.224936585182731994e-04
2.446183953033255823e-02 9.996657065592158276e-01 3.342934407842342460e-04
2.250489236790599937e-02 9.996535233679441079e-01 3.464766320557542191e-04
2.054794520547943704e-02 9.996400697130520818e-01 3.599302869478395719e-04
1.859099804305278450e-02 9.996266160581597227e-01 3.733839418399253042e-04
1.663405088062613196e-02 9.996131624032672525e-01 3.868375967320106029e-04
1.467710371819948116e-02 9.995981067221405558e-01 4.018932778587996175e-04
1.272015655577291883e-02 9.995830384452111250e-01 4.169615547881950200e-04
1.076320939334635823e-02 9.995678288695926117e-01 4.321711304066449210e-04
8.806262230919707432e-03 9.995509144064615992e-01 4.490855935376448149e-04
6.849315068493054028e-03 9.995339999433305866e-01 4.660000566686440041e-04
4.892367906066402358e-03 9.995168016316816617e-01 4.831983683175792394e-04
2.935420743639841328e-03 9.994981227312916827e-01 5.018772687077605434e-04
9.784735812131892252e-04 9.994794438309013707e-01 5.205561690979426063e-04
-9.784735812133715880e-04 9.994596392090273618e-01 5.403607909720696718e-04
-2.935420743639932401e-03 9.994388631137686163e-01 5.611368862307695993e-04
-4.892367906066584504e-03 9.994180870185100929e-01 5.819129814894700688e-04
-6.849315068493237041e-03 9.993956039964737581e-01 6.043960035259747510e-04
-8.806262230919889578e-03 9.993729576608204601e-01 6.270423391795420555e-04
-1.076320939334645017e-02 9.993490214019061790e-01 6.509785980941570731e-04
-1.272015655577310271e-02 9.993240339666256133e-01 6.759660333748144807e-04
-1.467710371819966331e-02 9.992986802999312967e-01 7.013197000693791473e-04
-1.663405088062631584e-02 9.992717582330735704e-01 7.282417669273654956e-04
-1.859099804305296838e-02 9.992446721923613495e-01 7.553278076395622976e-04
-2.054794520547952724e-02 9.992151793680144056e-01 7.848206319865747103e-04
-2.250489236790617978e-02 9.991856865436670176e-01 8.143134563335882072e-04
-2.446183953033274211e-02 9.991542819002974252e-01 8.457180997034957539e-04
-2.641878669275930097e-02 9.991226916973976468e-01 8.773083026031910231e-04
-2.837573385518595351e-02 9.990887987432014450e-01 9.112012567988783240e-04
-3.033268101761260604e-02 9.990546162443363354e-01 9.453837556635394986e-04
-3.228962818003926205e-02 9.990181457102661478e-01 9.818542897338995191e-04
-3.424657534246582091e-02 9.989814102187681844e-01 1.018589781231763608e-03
-3.620352250489246998e-02 9.989428560805294621e-01 1.057143919470560208e-03
-3.816046966731903578e-02 9.989030436121596468e-01 1.096956387840081291e-03
-4.011741682974568485e-02 9.988619728136594045e-01 1.138027186340327505e-03
-4.207436399217233391e-02 9.988193869443688921e-01 1.180613055630477283e-03
-4.403131115459889972e-02 9.987748871110491145e-01 1.225112888950385297e-03
-4.598825831702554878e-02 9.987288015089370585e-01 1.271198491062696442e-03
-4.794520547945210764e-02 9.986811301380327244e-01 1.318869861967407898e-03
-4.990215264187876365e-02 9.986315023960291581e-01 1.368497603970951580e-03
-5.185909980430532251e-02 9.985797430705074529e-01 1.420256929492487701e-03
-5.381604696673197852e-02 9.985260884244511193e-01 1.473911575548786856e-03
-5.577299412915862759e-02 9.984705384578598242e-01 1.529461542139850562e-03
-5.772994129158518645e-02 9.984125688381663144e-01 1.587431161833408912e-03
-5.968688845401184245e-02 9.983522264748063701e-01 1.647773525193195737e-03
-6.164383561643840131e-02 9.982896692038218944e-01 1.710330796177795491e-03
-6.360078277886505038e-02 9.982248970252125542e-01 1.775102974787213812e-03
-6.555772994129170639e-02 9.981573508436574205e-01 1.842649156342756906e-03
-6.751467710371826525e-02 9.980871062124232473e-01 1.912893787576713843e-03
-6.947162426614492126e-02 9.980141156693549398e-01 1.985884330645312605e-03
-7.142857142857148012e-02 9.979382864069300529e-01 2.061713593070135277e-03
-7.338551859099813612e-02 9.978595256176273631e-01 2.140474382372767846e-03
-7.534246575342477825e-02 9.977777404939252026e-01 2.222259506074793049e-03
-7.729941291585135099e-02 9.976928382283017926e-01 2.307161771697796224e-03
-7.925636007827799312e-02 9.976046358195578279e-01 2.395364180441707236e-03
-8.121330724070456586e-02 9.975127483242778315e-01 2.487251675721478990e-03
-8.317025440313120799e-02 9.974172824716167618e-01 2.582717528382535641e-03
-8.512720156555776685e-02 9.973181214664901262e-01 2.681878533509395035e-03
-8.708414872798442286e-02 9.972151485138127658e-01 2.784851486186591934e-03
-8.904109589041107886e-02 9.971082468185007430e-01 2.891753181498646352e-03
-9.099804305283763772e-02 9.969972995854693432e-01 3.002700414530089148e-03
-9.295499021526429373e-02 9.968821900196340735e-01 3.117809980365450311e-03
-9.491193737769085259e-02 9.967624191719465232e-01 3.237580828052715257e-03
-9.686888454011750860e-02 9.966377917336439740e-01 3.362208266355604883e-03
-9.882583170254415073e-02 9.965083783088457547e-01 3.491621691153822416e-03
-1.007827788649708067e-01 9.963740325400025633e-01 3.625967459996971409e-03
-1.027397260273973656e-01 9.962346080695649864e-01 3.765391930434638500e-03
-1.046966731898239245e-01 9.960899585399832779e-01 3.910041460016423776e-03
-1.066536203522505805e-01 9.959399375937076915e-01 4.060062406291927752e-03
-1.086105675146771393e-01 9.957837832762563846e-01 4.216216723743155745e-03
-1.105675146771037953e-01 9.956214009279209520e-01 4.378599072078530156e-03
-1.125244618395304513e-01 9.954528077058619751e-01 4.547192294137566981e-03
-1.144814090019570102e-01 9.952778119958035630e-01 4.722188004195783904e-03
-1.164383561643836523e-01 9.950962221834704913e-01 4.903777816528698610e-03
-1.183953033268102251e-01 9.949078466545869803e-01 5.092153345411814039e-03
-1.203522504892368672e-01 9.947120189090605802e-01 5.287981090938429288e-03
-1.223091976516635232e-01 9.945082310548732929e-01 5.491768945125699228e-03
-1.242661448140900821e-01 9.942965935388201615e-01 5.703406461178671914e-03
-1.262230919765168213e-01 9.940768531062295077e-01 5.923146893769698669e-03
-1.281800391389433802e-01 9.938487565024283210e-01 6.151243497571071833e-03
-1.301369863013699391e-01 9.936120504727443681e-01 6.387949527255135790e-03
-1.320939334637964979e-01 9.933662568514906033e-01 6.633743148509089679e-03
-1.340508806262231678e-01 9.931106119638161145e-01 6.889388036183736325e-03
-1.360078277886498932e-01 9.928452015745792281e-01 7.154798425420825711e-03
-1.379647749510764798e-01 9.925697196382560206e-01 7.430280361744137294e-03
-1.399217221135030387e-01 9.922838601093224575e-01 7.716139890677504304e-03
-1.418786692759295975e-01 9.919873169422550596e-01 8.012683057744749565e-03
-1.438356164383562397e-01 9.916790132780951561e-01 8.320986721904791855e-03
-1.457925636007828818e-01 9.913586718237182849e-01 8.641328176281576345e-03
-1.477495107632095517e-01 9.910261259851539384e-01 8.973874014845787533e-03
-1.497064579256361105e-01 9.906809895377665098e-01 9.319010462233111997e-03
-1.516634050880626694e-01 9.903228762569202814e-01 9.677123743079205087e-03
-1.536203522504892283e-01 9.899512586616366905e-01 1.004874133836296604e-02
-1.555772994129159814e-01 9.895648117123136966e-01 1.043518828768596335e-02
-1.575342465753426235e-01 9.891636530959357909e-01 1.083634690406362622e-02
-1.594911937377691824e-01 9.887473109896780521e-01 1.125268901032143443e-02
-1.614481409001957413e-01 9.883153135707146708e-01 1.168468642928483306e-02
-1.634050880626224944e-01 9.878670604531144539e-01 1.213293954688544549e-02
-1.653620352250490533e-01 9.874010299637829835e-01 1.259897003621682915e-02
-1.673189823874756121e-01 9.869172607020941790e-01 1.308273929790572214e-02
-1.692759295499022543e-01 9.864151754623795565e-01 1.358482453762041922e-02
-1.712328767123288131e-01 9.858941970389707432e-01 1.410580296102919434e-02
-1.731898238747555663e-01 9.853536435175680452e-01 1.464635648243203803e-02
-1.751467710371821251e-01 9.847918871791807582e-01 1.520811282081907176e-02
-1.771037181996086840e-01 9.842088458239941495e-01 1.579115417600585741e-02
-1.790606653620353539e-01 9.836038345856505938e-01 1.639616541434955194e-02
-1.810176125244619127e-01 9.829761685977926877e-01 1.702383140220724983e-02
-1.829745596868886381e-01 9.823245287309619878e-01 1.767547126903811980e-02
-1.849315068493151970e-01 9.816478962123609264e-01 1.835210378763895561e-02
-1.868884540117417559e-01 9.809457771827627681e-01 1.905422281723694738e-02
-1.888454011741683425e-01 9.802173630107247071e-01 1.978263698927466147e-02
-1.908023483365949846e-01 9.794617777340113296e-01 2.053822226598780998e-02
-1.927592954990216267e-01 9.786771151948341352e-01 2.132288480516474072e-02
-1.947162426614482966e-01 9.778630145298472520e-01 2.213698547015166551e-02
-1.966731898238748555e-01 9.770185389103379636e-01 2.298146108966025308e-02
-1.986301369863014143e-01 9.761427433337319659e-01 2.385725666626603916e-02
-2.005870841487281397e-01 9.752334083932989728e-01 2.476659160669871310e-02
-2.025440313111546986e-01 9.742900535922511818e-01 2.570994640774641390e-02
-2.045009784735813685e-01 9.733115824317208897e-01 2.668841756827663309e-02
-2.064579256360079274e-01 9.722968984128410597e-01 2.770310158715676152e-02
-2.084148727984344862e-01 9.712439588006525071e-01 2.875604119934521696e-02
-2.103718199608612394e-01 9.701519081046285908e-01 2.984809189536961199e-02
-2.123287671232877982e-01 9.690195585702874315e-01 3.098044142971147219e-02
-2.142857142857143571e-01 9.678453973950111866e-01 3.215460260498826522e-02
-2.162426614481409992e-01 9.666272296425705290e-01 3.337277035742917952e-02
-2.181996086105675581e-01 9.653641062702003062e-01 3.463589372979924974e-02
-2.201565557729943112e-01 9.640546072720699300e-01 3.594539272792911244e-02
-2.221135029354208701e-01 9.626967873818983445e-01 3.730321261810010808e-02
-2.240704500978474289e-01 9.612889010497549513e-01 3.871109895024392455e-02
-2.260273972602740711e-01 9.598295928090799789e-01 4.017040719091911904e-02
-2.279843444227006299e-01 9.583172938075426028e-01 4.168270619245702246e-02
-2.299412915851273831e-01 9.567492946942569576e-01 4.325070530574318811e-02
-2.318982387475539420e-01 9.551242783785436341e-01 4.487572162145631038e-02
-2.338551859099805008e-01 9.534405208209737470e-01 4.655947917902572564e-02
-2.358121330724070597e-01 9.516959871031189788e-01 4.830401289688008443e-02
-2.377690802348338128e-01 9.498880548148076475e-01 5.011194518519099250e-02
-2.397260273972604550e-01 9.480152048650500873e-01 5.198479513494835835e-02
-2.416829745596870138e-01 9.460754987880788391e-01 5.392450121191980777e-02
-2.436399217221135727e-01 9.440664476638604974e-01 5.593355233613778177e-02
-2.455968688845401593e-01 9.419856452762047638e-01 5.801435472379379982e-02
-2.475538160469668847e-01 9.398309984389906502e-01 6.016900156100767061e-02
-2.495107632093934436e-01 9.376001748306521666e-01 6.239982516934616807e-02
-2.514677103718200857e-01 9.352907905287077828e-01 6.470920947129024658e-02
-2.534246575342466445e-01 9.329004100097634256e-01 6.709958999023443726e-02
-2.553816046966732034e-01 9.304265461495104805e-01 6.957345385048688269e-02
-2.573385518590999843e-01 9.278665868225068891e-01 7.213341317748991899e-02
-2.592954990215265432e-01 9.252177672978900702e-01 7.478223270210634932e-02
-2.612524461839531575e-01 9.224775210874318621e-01 7.752247891256447421e-02
-2.632093933463797164e-01 9.196431122515893453e-01 8.035688774840678283e-02
-2.651663405088063308e-01 9.167117490331629925e-01 8.328825096683337148e-02
-2.671232876712330562e-01 9.136805838572946703e-01 8.631941614270151331e-02
-2.690802348336596150e-01 9.105467133314708583e-01 8.945328666852532529e-02
-2.710371819960861739e-01 9.073075831010408709e-01 9.269241689895521552e-02
-2.729941291585128438e-01 9.039601868969728837e-01 9.603981310302309171e-02
-2.749510763209394582e-01 9.005014154872974519e-01 9.949858451269852355e-02
-2.769080234833661280e-01 8.969282213115151725e-01 1.030717786884803311e-01
-2.788649706457926869e-01 8.932375077229818272e-01 1.067624922770132045e-01
-2.808219178082192458e-01 8.894261289889078270e-01 1.105738710110862888e-01
-2.827788649706459156e-01 8.854918655811530037e-01 1.145081344188411537e-01
-2.847358121330725300e-01 8.814313453307665025e-01 1.185686546692276133e-01
-2.866927592954991999e-01 8.772412845855631636e-01 1.227587154144312853e-01
-2.886497064579257588e-01 8.729185238103458477e-01 1.270814761896495448e-01
-2.906066536203523176e-01 8.684598697479833929e-01 1.315401302520134430e-01
-2.925636007827788765e-01 8.638620954194108359e-01 1.361379045805876653e-01
-2.945205479452056019e-01 8.591236137510961379e-01 1.408763862489033902e-01
-2.964774951076322163e-01 8.542406798147348379e-01 1.457593201852654119e-01
-2.984344422700588306e-01 8.492101159472644767e-01 1.507898840527356621e-01
-3.003913894324853895e-01 8.440288614519326771e-01 1.559711385480676005e-01
-3.023483365949119483e-01 8.386938482186061528e-01 1.613061517813933199e-01
-3.043052837573387293e-01 8.332020007237737058e-01 1.667979992762239627e-01
-3.062622309197652881e-01 8.275527503566988408e-01 1.724472496432978008e-01
-3.082191780821919025e-01 8.217420124138419268e-01 1.782579875861541874e-01
-3.101761252446184614e-01 8.157670604621619637e-01 1.842329395378332624e-01
-3.121330724070452423e-01 8.096252040481890511e-01 1.903747959518059529e-01
-3.140900195694718011e-01 8.033158916370628511e-01 1.966841083629315423e-01
-3.160469667318983600e-01 7.968370863767103573e-01 2.031629136232833699e-01
-3.180039138943249188e-01 7.901863273907987484e-01 2.098136726091944793e-01
-3.199608610567515332e-01 7.833617839731727983e-01 2.166382160268197077e-01
-3.219178082191782031e-01 7.763622922441444363e-01 2.236377077558474313e-01
-3.238747553816047620e-01 7.691870722120943693e-01 2.308129277878971375e-01
-3.258317025440315429e-01 7.618345428315786982e-01 2.381654571684126420e-01
-3.277886497064581017e-01 7.543036888351251079e-01 2.456963111648657605e-01
-3.297455968688846606e-01 7.465946289982979822e-01 2.534053710016929140e-01
-3.317025440313113860e-01 7.387074278305307828e-01 2.612925721694605574e-01
-3.336594911937379448e-01 7.306416868387357599e-01 2.693583131612568016e-01
-3.356164383561645037e-01 7.223975945168916724e-01 2.776024054831026655e-01
-3.375733855185910626e-01 7.139768003868620649e-01 2.860231996131334387e-01
-3.395303326810176214e-01 7.053803245053233972e-01 2.946196754946731611e-01
-3.414872798434443468e-01 6.966093575628966583e-01 3.033906424370994004e-01
-3.434442270058709057e-01 6.876655920195335892e-01 3.123344079804610818e-01
-3.454011741682974646e-01 6.785523209313431003e-01 3.214476790686500163e-01
-3.473581213307242455e-01 6.692718043550716089e-01 3.307281956449197313e-01
-3.493150684931508043e-01 6.598270486045996197e-01 3.401729513953899442e-01
-3.512720156555775297e-01 6.502219701595903789e-01 3.497780298403966315e-01
-3.532289628180040886e-01 6.404611432684386152e-01 3.595388567315442319e-01
-3.551859099804306474e-01 6.305488354181386645e-01 3.694511645818399082e-01
-3.571428571428572063e-01 6.204900663186625476e-01 3.795099336813103630e-01
-3.590998043052839872e-01 6.102909669707295981e-01 3.897090330292418692e-01
-3.610567514677105461e-01 5.999573944519498436e-01 4.000426055480234000e-01
-3.630136986301371049e-01 5.894959191278437149e-01 4.105040808721373002e-01
-3.649706457925636638e-01 5.789136954202519503e-01 4.210863045797366144e-01
-3.669275929549902227e-01 5.682183629432770999e-01 4.317816370567132411e-01
-3.688845401174169480e-01 5.574179460629944405e-01 4.425820539369921258e-01
-3.708414872798435069e-01 5.465209933912025253e-01 4.534790066087718285e-01
-3.727984344422702323e-01 5.355364884787519042e-01 4.644635115212164544e-01
-3.747553816046967912e-01 5.244739535674611819e-01 4.755260464325035130e-01
-3.767123287671233500e-01 5.133433730319747479e-01 4.866566269679903911e-01
-3.786692759295501309e-01 5.021544866164776577e-01 4.978455133834878144e-01
-3.806262230919766898e-01 4.909176961469456923e-01 5.090823038530174482e-01
-3.825831702544032487e-01 4.796441627524301587e-01 5.203558372475298732e-01
-3.845401174168298075e-01 4.683452087205138836e-01 5.316547912794424846e-01
-3.864970645792565329e-01 4.570323406442323710e-01 5.429676593557266617e-01
-3.884540117416830918e-01 4.457177340577264668e-01 5.542822659422401710e-01
-3.904109589041096506e-01 4.344138582726491116e-01 5.655861417273324587e-01
-3.923679060665362095e-01 4.231313573040343390e-01 5.768686426959597213e-01
-3.943248532289629904e-01 4.118824496564403859e-01 5.881175503435610574e-01
-3.962818003913895493e-01 4.006799362899535755e-01 5.993200637100488670e-01
-3.982387475538162747e-01 3.895359430094166298e-01 6.104640569905801506e-01
-4.001956947162428335e-01 3.784616092665302189e-01 6.215383907334648406e-01
-4.021526418786693924e-01 3.674698082197064841e-01 6.325301917802870211e-01
-4.041095890410959512e-01 3.565725272512444421e-01 6.434274727487478973e-01
-4.060665362035226766e-01 3.457799712715734497e-01 6.542200287284154481e-01
-4.080234833659492910e-01 3.351043727797427541e-01 6.648956272202417583e-01
-4.099804305283758499e-01 3.245569812287062983e-01 6.754430187712738842e-01
-4.119373776908024087e-01 3.141466287372499111e-01 6.858533712627246093e-01
-4.138943248532291341e-01 3.038842574202054170e-01 6.961157425797626086e-01
-4.158512720156556930e-01 2.937797472821112033e-01 7.062202527178489397e-01
-4.178082191780822519e-01 2.838409541470597874e-01 7.161590458528933612e-01
-4.197651663405089772e-01 2.740769889622030053e-01 7.259230110377434819e-01
-4.217221135029355361e-01 2.644958676625296379e-01 7.355041323374114093e-01
-4.236790606653623170e-01 2.551043099707370754e-01 7.448956900292000860e-01
-4.256360078277888759e-01 2.459093824111180937e-01 7.540906175888171248e-01
-4.275929549902154347e-01 2.369170133587825688e-01 7.630829866411525941e-01
-4.295499021526419936e-01 2.281319892373656066e-01 7.718680107625706110e-01
-4.315068493150685525e-01 2.195591817881715757e-01 7.804408182117670290e-01
-4.334637964774952779e-01 2.112023899657561321e-01 7.887976100341838048e-01
-4.354207436399218367e-01 2.030646994972904740e-01 7.969353005026478254e-01
-4.373776908023483956e-01 1.951486729953290089e-01 8.048513270046024903e-01
-4.393346379647749544e-01 1.874559596445737886e-01 8.125440403553446655e-01
-4.412915851272017354e-01 1.799875912759877072e-01 8.200124087239089032e-01
-4.432485322896284607e-01 1.727439282784064001e-01 8.272560717214577641e-01
-4.452054794520550196e-01 1.657252701171887388e-01 8.342747298826531654e-01
-4.471624266144815785e-01 1.589306923309269926e-01 8.410693076689057524e-01
-4.491193737769081373e-01 1.523588173461554729e-01 8.476411826536878191e-01
-4.510763209393348627e-01 1.460076786416954764e-01 8.539923213581663841e-01
-4.530332681017614216e-01 1.398746519332599580e-01 8.601253480666286588e-01
-4.549902152641879804e-01 1.339568795260001610e-01 8.660431204739172939e-01
-4.569471624266145393e-01 1.282517123087448807e-01 8.717482876911963885e-01
-4.589041095890410982e-01 1.227554855916989374e-01 8.772445144082442470e-01
-4.608610567514678791e-01 1.174644257935275327e-01 8.825355742064019404e-01
-4.628180039138944379e-01 1.123745027097287075e-01 8.876254972901918006e-01
-4.647749510763211633e-01 1.074815838575951810e-01 8.925184161423268536e-01
-4.667318982387477222e-01 1.027805047158359131e-01 8.972194952840859550e-01
-4.686888454011742811e-01 9.826609383207948745e-02 9.017339061678428802e-01
-4.706457925636010620e-01 9.393296003204484879e-02 9.060670399678845133e-01
-4.726027397260276208e-01 8.977678132187713600e-02 9.102232186780576662e-01
-4.745596868884541797e-01 8.579209359327887030e-02 9.142079064066559457e-01
-4.765166340508807385e-01 8.197374514229795184e-02 9.180262548576262338e-01
-4.784735812133072974e-01 7.831619466814086772e-02 9.216838053317810697e-01
-4.804305283757340228e-01 7.481435923760340612e-02 9.251856407623237910e-01
-4.823874755381605817e-01 7.146285226548376723e-02 9.285371477344567248e-01
-4.843444227005871405e-01 6.825587725351822677e-02 9.317441227464327014e-01
-4.863013698630138659e-01 6.518804332428211612e-02 9.348119566756778465e-01
-4.882583170254404248e-01 6.225443811376944747e-02 9.377455618861988418e-01
-4.902152641878672057e-01 5.945052277287948828e-02 9.405494772270974746e-01
-4.921722113502937646e-01 5.677157696693455047e-02 9.432284230330496566e-01
-4.941291585127203234e-01 5.421133514152520760e-02 9.457886648584625799e-01
-4.960861056751468823e-01 5.176422999533604463e-02 9.482357700046504245e-01
-4.980430528375736077e-01 4.942483203125500046e-02 9.505751679687237665e-01
-5.000000000000002220e-01 4.719534200103758792e-02 9.528046579989315479e-01
-5.000000000000000000e-01 4.719534200103758792e-02 9.528046579989315479e-01
-4.980430528375733301e-01 4.709784815644632583e-02 9.529021518435090154e-01
-4.960861056751467713e-01 4.761639413333654258e-02 9.523836058666184101e-01
-4.941291585127201569e-01 4.833361854514121869e-02 9.516663814548094180e-01
-4.921722113502935980e-01 4.917111082261128863e-02 9.508288891773282181e-01
-4.902152641878669281e-01 5.009719852492078296e-02 9.499028014750146021e-01
-4.882583170254402583e-01 5.109436921045812374e-02 9.489056307894624398e-01
-4.863013698630136994e-01 5.215302353260280188e-02 9.478469764673429498e-01
-4.843444227005870295e-01 5.326710376549499693e-02 9.467328962345020749e-01
-4.823874755381604706e-01 5.443168362986346154e-02 9.455683163700956406e-01
-4.804305283757338563e-01 5.564417200217135900e-02 9.443558279977800618e-01
-4.784735812133072974e-01 5.690291731743035014e-02 9.430970826824929265e-01
-4.765166340508806275e-01 5.820598642159670322e-02 9.417940135783441358e-01
-4.745596868884539576e-01 5.955206992896879686e-02 9.404479300709751577e-01
-4.726027397260273988e-01 6.094092467446259737e-02 9.390590753254701717e-01
-4.706457925636007844e-01 6.237194149565050000e-02 9.376280585042846560e-01
-4.686888454011742255e-01 6.384384913666547867e-02 9.361561508632769701e-01
-4.667318982387475557e-01 6.535656539441296597e-02 9.346434346055148001e-01
-4.647749510763208858e-01 6.691101834981150187e-02 9.330889816501031220e-01
-4.628180039138943269e-01 6.850625918619307475e-02 9.314937408136990671e-01
-4.608610567514677125e-01 7.014064061749512857e-02 9.298593593823961667e-01
-4.589041095890410982e-01 7.181540552071222216e-02 9.281845944791666803e-01
-4.569471624266144838e-01 7.353200041623617067e-02 9.264679995836286874e-01
-4.549902152641878139e-01 7.528907204491411265e-02 9.247109279549552419e-01
-4.530332681017612551e-01 7.708456415219928914e-02 9.229154358476894249e-01
-4.510763209393345852e-01 7.891959272759838107e-02 9.210804072722951208e-01
-4.491193737769080263e-01 8.079613056989098929e-02 9.192038694300186386e-01
-4.471624266144814119e-01 8.271403123914852773e-02 9.172859687607843870e-01
-4.452054794520548531e-01 8.467067439403413998e-02 9.153293256059125138e-01
-4.432485322896281832e-01 8.666684414277321669e-02 9.133331558571786690e-01
-4.412915851272015133e-01 8.870247751174933915e-02 9.112975224881962877e-01
-4.393346379647749544e-01 9.077784012238682143e-02 9.092221598775512836e-01
-4.373776908023483401e-01 9.289280249908075937e-02 9.071071975008506705e-01
-4.354207436399216702e-01 9.504702506357215475e-02 9.049529749363633968e-01
-4.334637964774951113e-01 9.724022567375370518e-02 9.027597743261923657e-01
-4.315068493150684414e-01 9.947195338273850940e-02 9.005280466172181919e-01
-4.295499021526418826e-01 1.017420154647883102e-01 8.982579845351723602e-01
-4.275929549902152127e-01 1.040501774159117293e-01 8.959498225840393237e-01
-4.256360078277886538e-01 1.063962126459456758e-01 8.936037873539923737e-01
-4.236790606653620395e-01 1.087798106910465024e-01 8.912201893088750326e-01
-4.217221135029353696e-01 1.112003834865684937e-01 8.887996165133331683e-01
-4.197651663405088107e-01 1.136574039751253179e-01 8.863425960247566238e-01
-4.178082191780821408e-01 1.161502427426928108e-01 8.838497572571729632e-01
-4.158512720156555265e-01 1.186788435535605507e-01 8.813211564462940517e-01
-4.138943248532289676e-01 1.212425163189226329e-01 8.787574836809297629e-01
-4.119373776908022977e-01 1.238407499107622017e-01 8.761592500891006718e-01
-4.099804305283757389e-01 1.264728487930216472e-01 8.735271512068478739e-01
-4.080234833659491245e-01 1.291382505597771790e-01 8.708617494400952008e-01
-4.060665362035224546e-01 1.318363149623987818e-01 8.681636850374673253e-01
-4.041095890410958957e-01 1.345662544806935923e-01 8.654337455191754014e-01
-4.021526418786692814e-01 1.373273385858545526e-01 8.626726614140249882e-01
-4.001956947162426670e-01 1.401187827106890882e-01 8.598812172892098538e-01
-3.982387475538159971e-01 1.429397558778061628e-01 8.570602441221009116e-01
-3.962818003913894382e-01 1.457893880967814637e-01 8.542106119031164235e-01
-3.943248532289627684e-01 1.486667700445040152e-01 8.513332299553605376e-01
-3.923679060665362095e-01 1.515711379307559115e-01 8.484288620690867422e-01
-3.904109589041095951e-01 1.545016360083499851e-01 8.454983639915025773e-01
-3.884540117416829808e-01 1.574573329391787957e-01 8.425426670607263357e-01
-3.864970645792563664e-01 1.604373160278249610e-01 8.395626839721238577e-01
-3.845401174168296965e-01 1.634406556730284565e-01 8.365593443269077056e-01
-3.825831702544031376e-01 1.664664054794766090e-01 8.335335945203821151e-01
-3.806262230919765233e-01 1.695135942987280875e-01 8.304864057010519218e-01
-3.786692759295498534e-01 1.725812743943936356e-01 8.274187256053768813e-01
-3.767123287671232945e-01 1.756685082726782698e-01 8.243314917271230557e-01
-3.747553816046966246e-01 1.787741660891981887e-01 8.212258339106390803e-01
-3.727984344422700103e-01 1.818970365088242447e-01 8.181029634909987580e-01
-3.708414872798433959e-01 1.850361953838642326e-01 8.149638046159126681e-01
-3.688845401174168370e-01 1.881905602815321377e-01 8.118094397181986333e-01
-3.669275929549902227e-01 1.913590020149537330e-01 8.086409979848078189e-01
-3.649706457925635528e-01 1.945404914334923352e-01 8.054595085663558418e-01
-3.630136986301369939e-01 1.977338965278656047e-01 8.022661034720870443e-01
-3.610567514677103240e-01 2.009379517528386838e-01 7.990620482470895958e-01
-3.590998043052837096e-01 2.041516166713917557e-01 7.958483833284200060e-01
-3.571428571428571508e-01 2.073738730789870255e-01 7.926261269206542615e-01
-3.551859099804304809e-01 2.106040769430725379e-01 7.893959230566240937e-01
-3.532289628180039220e-01 2.138410385754788146e-01 7.861589614244259838e-01
-3.512720156555772522e-01 2.170837024439239982e-01 7.829162975563180860e-01
-3.493150684931506378e-01 2.203306469903406339e-01 7.796693530098448566e-01
-3.473581213307240789e-01 2.235809339302362586e-01 7.764190660696346225e-01
-3.454011741682974646e-01 2.268335260337667469e-01 7.731664739655057517e-01
-3.434442270058707947e-01 2.300884513685241273e-01 7.699115486308252265e-01
-3.414872798434441803e-01 2.333444312162230028e-01 7.666555687836291710e-01
-3.395303326810176214e-01 2.366006091990429105e-01 7.633993908018796848e-01
-3.375733855185909515e-01 2.398545464633554947e-01 7.601454535378677768e-01
-3.356164383561643372e-01 2.431056276424843343e-01 7.568943723586363248e-01
-3.336594911937377783e-01 2.463526757643255682e-01 7.536473242361312330e-01
-3.317025440313111084e-01 2.495963225400962826e-01 7.504036774600009174e-01
-3.297455968688845496e-01 2.528353763386077535e-01 7.471646236612643488e-01
-3.277886497064578797e-01 2.560689294171503150e-01 7.439310705826231995e-01
-3.258317025440312653e-01 2.592958967299148765e-01 7.407041032697634364e-01
-3.238747553816047065e-01 2.625155486919055758e-01 7.374844513077757346e-01
-3.219178082191780366e-01 2.657269925915799469e-01 7.342730074081755820e-01
-3.199608610567514222e-01 2.689292415692970395e-01 7.310707584304771967e-01
-3.180039138943248078e-01 2.721214597311172323e-01 7.278785402686526185e-01
-3.160469667318982490e-01 2.753029267696215365e-01 7.246970732301563078e-01
-3.140900195694715791e-01 2.784729380472373839e-01 7.215270619526015228e-01
-3.121330724070449647e-01 2.816306192573316269e-01 7.183693807426043687e-01
-3.101761252446184058e-01 2.847756234119114271e-01 7.152243765880645920e-01
-3.082191780821917360e-01 2.879072882343201023e-01 7.120927117656150607e-01
-3.062622309197651216e-01 2.910249066840053800e-01 7.089750933157989987e-01
-3.043052837573385072e-01 2.941285595534284258e-01 7.058714404463071190e-01
-3.023483365949118928e-01 2.972177639107879688e-01 7.027822360889548481e-01
-3.003913894324853340e-01 3.002921536809240455e-01 6.997078463189263520e-01
-2.984344422700586641e-01 3.033507701580743232e-01 6.966492298417781281e-01
-2.964774951076320497e-01 3.063933092673464254e-01 6.936066907324287545e-01
-2.945205479452054353e-01 3.094190762098019132e-01 6.905809237898674624e-01
-2.925636007827788210e-01 3.124271613036941897e-01 6.875728386960194838e-01
-2.906066536203522066e-01 3.154168519642814861e-01 6.845831480356374676e-01
-2.886497064579256477e-01 3.183875961655862064e-01 6.816124038344982816e-01
-2.866927592954989779e-01 3.213387800038809416e-01 6.786612199961457037e-01
-2.847358121330723635e-01 3.242696343604567488e-01 6.757303656392114055e-01
-2.827788649706457491e-01 3.271810188327444746e-01 6.728189811668110476e-01
-2.808219178082191347e-01 3.300727901788652607e-01 6.699272098208808313e-01
-2.788649706457925759e-01 3.329451271450120098e-01 6.670548728553067352e-01
-2.769080234833659615e-01 3.357980082878181949e-01 6.642019917125556727e-01
-2.749510763209392916e-01 3.386319429132779169e-01 6.613680570866523611e-01
-2.729941291585126772e-01 3.414468307070018804e-01 6.585531692920851832e-01
-2.710371819960860629e-01 3.442413545033055633e-01 6.557586454955687261e-01
-2.690802348336594485e-01 3.470155767120082779e-01 6.529844232872897836e-01
-2.671232876712328896e-01 3.497683998720568233e-01 6.502316001278191093e-01
-2.651663405088062753e-01 3.524988559879208561e-01 6.475011440121065664e-01
-2.632093933463796054e-01 3.552064899205180093e-01 6.447935100794989216e-01
-2.612524461839529910e-01 3.578919298551799799e-01 6.421080701448639294e-01
-2.592954990215263766e-01 3.605548218899380375e-01 6.394451781101591070e-01
-2.573385518590997623e-01 3.631948196010025276e-01 6.368051803991434667e-01
-2.553816046966732034e-01 3.658141761700898220e-01 6.341858238300245310e-01
-2.534246575342465335e-01 3.684124086372361773e-01 6.315875913627790883e-01
-2.514677103718199191e-01 3.709897027839564876e-01 6.290102972159192785e-01
-2.495107632093933048e-01 3.735457229182674310e-01 6.264542770815846318e-01
-2.475538160469667182e-01 3.760808618537480608e-01 6.239191381461721697e-01
-2.455968688845400483e-01 3.785944560359473243e-01 6.214055439640662204e-01
-2.436399217221134617e-01 3.810854106397646435e-01 6.189145893602443493e-01
-2.416829745596868473e-01 3.835538537044625995e-01 6.164461462954768933e-01
-2.397260273972602329e-01 3.859999634044787853e-01 6.140000365954196848e-01
-2.377690802348336185e-01 3.884236769373347054e-01 6.115763230625890223e-01
-2.358121330724070319e-01 3.908247365430326248e-01 6.091752634569749247e-01
-2.338551859099803620e-01 3.932045329017167523e-01 6.067954670983053411e-01
-2.318982387475537754e-01 3.955629152091709733e-01 6.044370847908153710e-01
-2.299412915851271610e-01 3.979000715070590832e-01 6.020999284928461037e-01
-2.279843444227005467e-01 4.002161041422745424e-01 5.997838958576242607e-01
-2.260273972602739323e-01 4.025112775985812963e-01 5.974887224013571974e-01
-2.240704500978473457e-01 4.047856042131749432e-01 5.952143957868143431e-01
-2.221135029354206758e-01 4.070388288511919694e-01 5.929611711487541292e-01
-2.201565557729940892e-01 4.092711758194195193e-01 5.907288241804105056e-01
-2.181996086105674748e-01 4.114825839170171973e-01 5.885174160827366663e-01
-2.162426614481408604e-01 4.136730044439802523e-01 5.863269955558354507e-01
-2.142857142857142461e-01 4.158424808851635124e-01 5.841575191148432600e-01
-2.123287671232876039e-01 4.179911520285923276e-01 5.820088479714498053e-01
-2.103718199608609896e-01 4.201190480782216463e-01 5.798809519216735486e-01
-2.084148727984344029e-01 4.222262431300453089e-01 5.777737568695262560e-01
-2.064579256360077886e-01 4.243136216793843007e-01 5.756863783202179619e-01
-2.045009784735811742e-01 4.263811600867941642e-01 5.736188399130863758e-01
-2.025440313111545876e-01 4.284291242996897120e-01 5.715708757006329188e-01
-2.005870841487279177e-01 4.304578067444949641e-01 5.695421932558830669e-01
-1.986301369863013033e-01 4.324674615758816176e-01 5.675325384242889681e-01
-1.966731898238747167e-01 4.344582920700675865e-01 5.655417079298574734e-01
-1.947162426614481023e-01 4.364304765984967083e-01 5.635695234014967969e-01
-1.927592954990214880e-01 4.383842792189857063e-01 5.616157207813041730e-01
-1.908023483365949013e-01 4.403193875991799899e-01 5.596806124011817207e-01
-1.888454011741682315e-01 4.422357810246128618e-01 5.577642189754323798e-01
-1.868884540117415893e-01 4.441336032943319356e-01 5.558663967050048171e-01
-1.849315068493150305e-01 4.460133285608867126e-01 5.539866714384316104e-01
-1.829745596868884161e-01 4.478749732161007024e-01 5.521250267837274350e-01
-1.810176125244617740e-01 4.497186555540931829e-01 5.502813444467128390e-01
-1.790606653620352151e-01 4.515443867597504490e-01 5.484556132412224949e-01
-1.771037181996085452e-01 4.533523219541006344e-01 5.466476780465197027e-01
-1.751467710371819586e-01 4.551431035924200508e-01 5.448568964076111465e-01
-1.731898238747553720e-01 4.569174720794031974e-01 5.430825279204918310e-01
-1.712328767123286744e-01 4.586749115931378351e-01 5.413250884066596047e-01
-1.692759295499021155e-01 4.604159406568147928e-01 5.395840593429710452e-01
-1.673189823874754734e-01 4.621403946156183995e-01 5.378596053842272795e-01
-1.653620352250488590e-01 4.638486358743418303e-01 5.361513641255755136e-01
-1.634050880626222169e-01 4.655412315498144715e-01 5.344587684501039826e-01
-1.614481409001956580e-01 4.672178424069541869e-01 5.327821575929436726e-01
-1.594911937377690436e-01 4.688788600805485207e-01 5.311211399193467297e-01
-1.575342465753424015e-01 4.705241572748058987e-01 5.294758427250914057e-01
-1.555772994129158426e-01 4.721539966257135013e-01 5.278460033741863011e-01
-1.536203522504891728e-01 4.737690085044107824e-01 5.262309914954861334e-01
-1.516634050880625861e-01 4.753692403228486629e-01 5.246307596770396486e-01
-1.497064579256359163e-01 4.769547862655995618e-01 5.230452137342829211e-01
-1.477495107632093296e-01 4.785258728857527677e-01 5.214741271141254408e-01
-1.457925636007827708e-01 4.800826183367582489e-01 5.199173816631166289e-01
-1.438356164383561009e-01 4.816250338829661803e-01 5.183749661169050338e-01
-1.418786692759294865e-01 4.831533022678528577e-01 5.168466977320145261e-01
-1.399217221135028444e-01 4.846675482139510827e-01 5.153324517859130260e-01
-1.379647749510762855e-01 4.861678964437927131e-01 5.138321035560682315e-01
-1.360078277886496712e-01 4.876546816844313792e-01 5.123453183154266233e-01
-1.340508806262230290e-01 4.891283080563962882e-01 5.108716919434581616e-01
-1.320939334637964702e-01 4.905887788208922462e-01 5.094112211789583178e-01
-1.301369863013697725e-01 4.920362843150826171e-01 5.079637156847636170e-01
-1.281800391389432137e-01 4.934710148761310977e-01 5.065289851237102514e-01
-1.262230919765165438e-01 4.948929813850605486e-01 5.051070186147753605e-01
-1.242661448140899433e-01 4.963024344465887250e-01 5.036975655532403007e-01
-1.223091976516633844e-01 4.976995515897816857e-01 5.023004484100397349e-01
-1.203522504892367284e-01 4.990845031862048420e-01 5.009154968136071417e-01
-1.183953033268101279e-01 5.004574134703907440e-01 4.995425865294136347e-01
-1.164383561643834719e-01 5.018183944372045513e-01 4.981816055625956086e-01
-1.144814090019569131e-01 5.031676431588016918e-01 4.968323568409970248e-01
-1.125244618395302570e-01 5.045053169261306536e-01 4.954946830736693952e-01
-1.105675146771036566e-01 5.058315730301401469e-01 4.941684269696644538e-01
-1.086105675146770561e-01 5.071465232112692956e-01 4.928534767885377477e-01
-1.066536203522504000e-01 5.084503400909002879e-01 4.915496599089091978e-01
-1.046966731898238412e-01 5.097431772042081422e-01 4.902568227956041191e-01
-1.027397260273971852e-01 5.110251865768402624e-01 4.889748134229748855e-01
-1.007827788649705847e-01 5.122964934170306517e-01 4.877035065827864946e-01
-9.882583170254401195e-02 5.135572172416793535e-01 4.864427827581375152e-01
-9.686888454011736982e-02 5.148075250178302253e-01 4.851924749819841454e-01
-9.491193737769075545e-02 5.160475613200605771e-01 4.839524386797496858e-01
-9.295499021526411332e-02 5.172774707229470526e-01 4.827225292768559939e-01
-9.099804305283754058e-02 5.184973390384675085e-01 4.815026609613299313e-01
-8.904109589041089845e-02 5.197073205571498544e-01 4.802926794426426449e-01
-8.708414872798424244e-02 5.209075460471634944e-01 4.790924539526252302e-01
-8.512720156555768358e-02 5.220981429557687292e-01 4.779018570440185520e-01
-8.317025440313102758e-02 5.232792368703504948e-01 4.767207631294384518e-01
-8.121330724070446871e-02 5.244509515184198056e-01 4.755490484813759133e-01
-7.925636007827781271e-02 5.256134087676120892e-01 4.743865912321966194e-01
-7.729941291585125385e-02 5.267667286256878523e-01 4.732332713741415064e-01
-7.534246575342459784e-02 5.279110292405329030e-01 4.720889707593269868e-01
-7.338551859099795571e-02 5.290464571395205873e-01 4.709535428603561225e-01
-7.142857142857138297e-02 5.301731119742714160e-01 4.698268880256226687e-01
-6.947162426614474084e-02 5.312911088121357039e-01 4.687088911877771991e-01
-6.751467710371818198e-02 5.324005617987912498e-01 4.675994382011409156e-01
-6.555772994129152598e-02 5.335015834930827427e-01 4.664984165068685740e-01
-6.360078277886486997e-02 5.345942848670213188e-01 4.654057151329485942e-01
-6.164383561643831111e-02 5.356787753057845602e-01 4.643212246942029497e-01
-5.968688845401166204e-02 5.367551626077158300e-01 4.632448373922872231e-01
-5.772994129158509624e-02 5.378235529843252705e-01 4.621764470156906612e-01
-5.577299412915844717e-02 5.388840219750268279e-01 4.611159780250088658e-01
-5.381604696673188831e-02 5.399366889471938213e-01 4.600633110528624115e-01
-5.185909980430523231e-02 5.409816535887875810e-01 4.590183464112884137e-01
-4.990215264187858324e-02 5.420190133837318180e-01 4.579809866163637722e-01
-4.794520547945201744e-02 5.430488640687756163e-01 4.569511359313391807e-01
-4.598825831702536837e-02 5.440712996334940987e-01 4.559287003666390170e-01
-4.403131115459880951e-02 5.450864123202877609e-01 4.549135876798626743e-01
-4.207436399217215350e-02 5.460942926243832485e-01 4.539057073757829519e-01
-4.011741682974550444e-02 5.470950292938332460e-01 4.529049707063473873e-01
-3.816046966731884843e-02 5.480888937591523735e-01 4.519111062410332558e-01
-3.620352250489228957e-02 5.490758628795111562e-01 4.509241371206742510e-01
-3.424657534246573071e-02 5.500560311622683107e-01 4.499439688379107682e-01
-3.228962818003907470e-02 5.510294938664360709e-01 4.489705061337299075e-01
-3.033268101761251584e-02 5.519963453487927163e-01 4.480036546513524454e-01
-2.837573385518577310e-02 5.529566790638817952e-01 4.470433209362337790e-01
-2.641878669275921077e-02 5.539105875640124577e-01 4.460894124360639812e-01
-2.446183953033255823e-02 5.548581624992590111e-01 4.451418375007671901e-01
-2.250489236790599937e-02 5.557994946174614759e-01 4.442005053825024974e-01
-2.054794520547943704e-02 5.567343803567543770e-01 4.432656196431820628e-01
-1.859099804305278450e-02 5.576630840662613053e-01 4.423369159336518197e-01
-1.663405088062613196e-02 5.585856744906069205e-01 4.414143255092901619e-01
-1.467710371819948116e-02 5.595022174882293697e-01 4.404977825116597745e-01
-1.272015655577291883e-02 5.604127766840705238e-01 4.395872233158217846e-01
-1.076320939334635823e-02 5.613174134695735340e-01 4.386825865303357053e-01
-8.806262230919707432e-03 5.622161870026824992e-01 4.377838129972595471e-01
-6.849315068493054028e-03 5.631091542078443535e-01 4.368908457921495403e-01
-4.892367906066402358e-03 5.639963734335073919e-01 4.360036265665601651e-01
-2.935420743639841328e-03 5.648787152188429195e-01 4.351212847812318540e-01
-9.784735812131892252e-04 5.657557368969021727e-01 4.342442631031709910e-01
9.784735812133715880e-04 5.666275423178497306e-01 4.333724576822109986e-01
2.935420743639932401e-03 5.674942368240074586e-01 4.325057631760270138e-01
4.892367906066584504e-03 5.683559272498550641e-01 4.316440727501354990e-01
6.849315068493237041e-03 5.692127219220312062e-01 4.307872780778955191e-01
8.806262230919889578e-03 5.700647306593309427e-01 4.299352693405066872e-01
1.076320939334645017e-02 5.709120647727087272e-01 4.290879352270113856e-01
1.272015655577310271e-02 5.717548220458917863e-01 4.282451779536794456e-01
1.467710371819966331e-02 5.725917893775381851e-01 4.274082106219744270e-01
1.663405088062631584e-02 5.734238850339486993e-01 4.265761149655147855e-01
1.859099804305296838e-02 5.742511346507908065e-01 4.257488653486365404e-01
2.054794520547952724e-02 5.750735592468441126e-01 4.249264407525639720e-01
2.250489236790617978e-02 5.758911752240016835e-01 4.241088247754087326e-01
2.446183953033274211e-02 5.767039943672684910e-01 4.232960056321705133e-01
2.641878669275930097e-02 5.775120238447621901e-01 4.224879761547367663e-01
2.837573385518595351e-02 5.783152662077125639e-01 4.216847337918825378e-01
3.033268101761260604e-02 5.791137478808852102e-01 4.208862521188461159e-01
3.228962818003926205e-02 5.799090166025504534e-01 4.200909833972356622e-01
3.424657534246582091e-02 5.807001180744449931e-01 4.192998819253983545e-01
3.620352250489246998e-02 5.814871449074797694e-01 4.185128550924204216e-01
3.816046966731903578e-02 5.822701923262767476e-01 4.177298076736785104e-01
4.011741682974568485e-02 5.830493581691658100e-01 4.169506418308386309e-01
4.207436399217233391e-02 5.838247428881880863e-01 4.161752571118576549e-01
4.403131115459889972e-02 5.845964495490939550e-01 4.154035504509820398e-01
4.598825831702554878e-02 5.853645838313430438e-01 4.146354161687484385e-01
4.794520547945210764e-02 5.861292443264003449e-01 4.138707556736887505e-01
4.990215264187876365e-02 5.868901550043186255e-01 4.131098449957925078e-01
5.185909980430532251e-02 5.876476502876779584e-01 4.123523497124483850e-01
5.381604696673197852e-02 5.884018126358059320e-01 4.115981873643275168e-01
5.577299412915862759e-02 5.891527245080308006e-01 4.108472754921013159e-01
5.772994129158518645e-02 5.899004683636797086e-01 4.100995316364405285e-01
5.968688845401184245e-02 5.906451266620814655e-01 4.093548733380166782e-01
6.164383561643840131e-02 5.913867818625635486e-01 4.086132181375008443e-01
6.360078277886505038e-02 5.921255164244536573e-01 4.078744835755641063e-01
6.555772994129170639e-02 5.928613914190883349e-01 4.071386085808711419e-01
6.751467710371826525e-02 5.935938645401869218e-01 4.064061354597543474e-01
6.947162426614492126e-02 5.943234550002148842e-01 4.056765449997102868e-01
7.142857142857148012e-02 5.950502243804147717e-01 4.049497756194972986e-01
7.338551859099813612e-02 5.957742342620293563e-01 4.042257657378732771e-01
7.534246575342477825e-02 5.964955462263010766e-01 4.035044537735970049e-01
7.729941291585135099e-02 5.972142218544727044e-01 4.027857781454264874e-01
7.925636007827799312e-02 5.979303227277865673e-01 4.020696772721197298e-01
8.121330724070456586e-02 5.986439104274852152e-01 4.013560895724352373e-01
8.317025440313120799e-02 5.993550731516503749e-01 4.006449268482911719e-01
8.512720156555776685e-02 6.000645041128087609e-01 3.999354958871340626e-01
8.708414872798442286e-02 6.007718211343999748e-01 3.992281788655441810e-01
8.904109589041107886e-02 6.014771071659873458e-01 3.985228928339585308e-01
9.099804305283763772e-02 6.021804451571337591e-01 3.978195548428137274e-01
9.295499021526429373e-02 6.028819180574023218e-01 3.971180819425465525e-01
9.491193737769085259e-02 6.035816088163565851e-01 3.964183911835941765e-01
9.686888454011750860e-02 6.042796003835586571e-01 3.957203996163932702e-01
9.882583170254415073e-02 6.049759757085723111e-01 3.950240242913805599e-01
1.007827788649708067e-01 6.056708321537650486e-01 3.943291678461883776e-01
1.027397260273973656e-01 6.063645393989556265e-01 3.936354606009979107e-01
1.046966731898239245e-01 6.070569779203451866e-01 3.929430220796082951e-01
1.066536203522505805e-01 6.077482404894173351e-01 3.922517595105355359e-01
1.086105675146771393e-01 6.084384198776559005e-01 3.915615801222954717e-01
1.105675146771037953e-01 6.091276088565449331e-01 3.908723911434040521e-01
1.125244618395304513e-01 6.098159001975684834e-01 3.901840998023773932e-01
1.144814090019570102e-01 6.105033866722106017e-01 3.894966133277313336e-01
1.164383561643836523e-01 6.111901610519546724e-01 3.888098389479820449e-01
1.183953033268102251e-01 6.118763482224389705e-01 3.881236517774918626e-01
1.203522504892368672e-01 6.125625887753989307e-01 3.874374112245306812e-01
1.223091976516635232e-01 6.132485866210173331e-01 3.867514133789114461e-01
1.242661448140900821e-01 6.139344535355392152e-01 3.860655464643891754e-01
1.262230919765168213e-01 6.146203012952102807e-01 3.853796987047191092e-01
1.281800391389433802e-01 6.153062416762746789e-01 3.846937583236562652e-01
1.301369863013699391e-01 6.159923864549781136e-01 3.840076135449553840e-01
1.320939334637964979e-01 6.166788474075655113e-01 3.833211525923718721e-01
1.340508806262231678e-01 6.173657363102817985e-01 3.826342636896601923e-01
1.360078277886498932e-01 6.180532019663711463e-01 3.819467980335767288e-01
1.379647749510764798e-01 6.187419314878013221e-01 3.812580685121487178e-01
1.399217221135030387e-01 6.194316796821593973e-01 3.805683203177923080e-01
1.418786692759295975e-01 6.201226014360859962e-01 3.798773985638660977e-01
1.438356164383562397e-01 6.208148544991776152e-01 3.791851455007737570e-01
1.457925636007828818e-01 6.215085994839848471e-01 3.784914005159641937e-01
1.477495107632095517e-01 6.222039998660137128e-01 3.777960001339311091e-01
1.497064579256361105e-01 6.229012219837255504e-01 3.770987780162130543e-01
1.516634050880626694e-01 6.236004350385360162e-01 3.763995649613938177e-01
1.536203522504892283e-01 6.243018384454250835e-01 3.756981615544932041e-01
1.555772994129159814e-01 6.250059830427163732e-01 3.749940169571964743e-01
1.575342465753426235e-01 6.257128124402340230e-01 3.742871875596731623e-01
1.594911937377691824e-01 6.264225358096926488e-01 3.735774641902088744e-01
1.614481409001957413e-01 6.271353670786516954e-01 3.728646329212448873e-01
1.634050880626224944e-01 6.278515249305152146e-01 3.721484750693764276e-01
1.653620352250490533e-01 6.285712328045339747e-01 3.714287671953536152e-01
1.673189823874756121e-01 6.292947188958031290e-01 3.707052811040812967e-01
1.692759295499022543e-01 6.300222161552639921e-01 3.699777838446187128e-01
1.712328767123288131e-01 6.307539831981894274e-01 3.692460168016927780e-01
1.731898238747555663e-01 6.314905193774279502e-01 3.685094806224519237e-01
1.751467710371821251e-01 6.322319112134546781e-01 3.677680887864239745e-01
1.771037181996086840e-01 6.329784304162173747e-01 3.670215695836606118e-01
1.790606653620353539e-01 6.337303547607421317e-01 3.662696452391361879e-01
1.810176125244619127e-01 6.344879680871327032e-01 3.655120319127469486e-01
1.829745596868886381e-01 6.352515603005708389e-01 3.647484396993111999e-01
1.849315068493151970e-01 6.360214273713160615e-01 3.639785726285696965e-01
1.868884540117417559e-01 6.367978713347053343e-01 3.632021286651851422e-01
1.888454011741683425e-01 6.375812350437336518e-01 3.624187649561629865e-01
1.908023483365949846e-01 6.383722176718016339e-01 3.616277823280978909e-01
1.927592954990216267e-01 6.391708975851921881e-01 3.608291024147107784e-01
1.947162426614482966e-01 6.399776310379537980e-01 3.600223689619518330e-01
1.966731898238748555e-01 6.407927823355444863e-01 3.592072176643632542e-01
1.986301369863014143e-01 6.416167238348297053e-01 3.583832761650797005e-01
2.005870841487281397e-01 6.424498359440815598e-01 3.575501640558278460e-01
2.025440313111546986e-01 6.432925071229810277e-01 3.567074928769273789e-01
2.045009784735813685e-01 6.441451338826165163e-01 3.558548661172894478e-01
2.064579256360079274e-01 6.450081658361360715e-01 3.549918341637661734e-01
2.084148727984344862e-01 6.458824688687978544e-01 3.541175311311040019e-01
2.103718199608612394e-01 6.467681776610879618e-01 3.532318223388133394e-01
2.123287671232877982e-01 6.476657566602082028e-01 3.523342433396926543e-01
2.142857142857143571e-01 6.485756807325329110e-01 3.514243192673673910e-01
2.162426614481409992e-01 6.494984351636097220e-01 3.505015648362904690e-01
2.181996086105675581e-01 6.504345156581585741e-01 3.495654843417413948e-01
2.201565557729943112e-01 6.513844283400724855e-01 3.486155716598278165e-01
2.221135029354208701e-01 6.523486897524167771e-01 3.476513102474838579e-01
2.240704500978474289e-01 6.533278724212496780e-01 3.466721275786521783e-01
2.260273972602740711e-01 6.543229325978593414e-01 3.456770674020426259e-01
2.279843444227006299e-01 6.553341526274671924e-01 3.446658473724345528e-01
2.299412915851273831e-01 6.563621241862773736e-01 3.436378758136245937e-01
2.318982387475539420e-01 6.574074515855476974e-01 3.425925484143549360e-01
2.338551859099805008e-01 6.584707517715906455e-01 3.415292482283125430e-01
2.358121330724070597e-01 6.595526543257752561e-01 3.404473456741287651e-01
2.377690802348338128e-01 6.606538014645237933e-01 3.393461985353815602e-01
2.397260273972604550e-01 6.617748551432807158e-01 3.382251448566264695e-01
2.416829745596870138e-01 6.629169601714615112e-01 3.370830398284461737e-01
2.436399217221135727e-01 6.640805224011745445e-01 3.359194775987326964e-01
2.455968688845401593e-01 6.652662722948498031e-01 3.347337277050574378e-01
2.475538160469668847e-01 6.664749555809674764e-01 3.335250444189389318e-01
2.495107632093934436e-01 6.677073332540601758e-01 3.322926667458451777e-01
2.514677103718200857e-01 6.689641815747118248e-01 3.310358184251914193e-01
2.534246575342466445e-01 6.702462920695594351e-01 3.297537079303416441e-01
2.553816046966732034e-01 6.715544715312897761e-01 3.284455284686077503e-01
2.573385518590999843e-01 6.728895989074679118e-01 3.271104010924272276e-01
2.592954990215265432e-01 6.742524853791622697e-01 3.257475146207299832e-01
2.612524461839531575e-01 6.756439848860713582e-01 3.243560151138173975e-01
2.632093933463797164e-01 6.770649707037896814e-01 3.229350292960957436e-01
2.651663405088063308e-01 6.785163317403610783e-01 3.214836682595204054e-01
2.671232876712330562e-01 6.799989725362819426e-01 3.200010274635957108e-01
2.690802348336596150e-01 6.815138132644985580e-01 3.184861867353750986e-01
2.710371819960861739e-01 6.830616062053254112e-01 3.169383937945448038e-01
2.729941291585128438e-01 6.846432683174408229e-01 3.153567316824269495e-01
2.749510763209394582e-01 6.862598187062510791e-01 3.137401812936149170e-01
2.769080234833661280e-01 6.879122094116605357e-01 3.120877905882047942e-01
2.788649706457926869e-01 6.896014058635819843e-01 3.103985941362837342e-01
2.808219178082192458e-01 6.913283868819373179e-01 3.086716131179298994e-01
2.827788649706459156e-01 6.930941446766581970e-01 3.069058553232123510e-01
2.847358121330725300e-01 6.948994118321287772e-01 3.051005881677457676e-01
2.866927592954991999e-01 6.967447232811135871e-01 3.032552767187630671e-01
2.886497064579257588e-01 6.986314071866280839e-01 3.013685928132509018e-01
2.906066536203523176e-01 7.005604188617611250e-01 2.994395811381201922e-01
2.925636007827788765e-01 7.025327200437723185e-01 2.974672799561116632e-01
2.945205479452056019e-01 7.045492788940899143e-01 2.954507211057959548e-01
2.964774951076322163e-01 7.066110699983130239e-01 2.933889300015742330e-01
2.984344422700588306e-01 7.087189939722680077e-01 2.912810060276199153e-01
3.003913894324853895e-01 7.108728147385112717e-01 2.891271852613787052e-01
3.023483365949119483e-01 7.130741641011975052e-01 2.869258358986949142e-01
3.043052837573387293e-01 7.153239059464425731e-01 2.846760940534525108e-01
3.062622309197652881e-01 7.176228996728575282e-01 2.823771003270398872e-01
3.082191780821919025e-01 7.199720001915510537e-01 2.800279998083485822e-01
3.101761252446184614e-01 7.223714924494630818e-01 2.776285075504391076e-01
3.121330724070452423e-01 7.248211864793614456e-01 2.751788135205427976e-01
3.140900195694718011e-01 7.273223924842252552e-01 2.726776075156808199e-01
3.160469667318983600e-01 7.298756951376201840e-01 2.701243048622874454e-01
3.180039138943249188e-01 7.324816528990695241e-01 2.675183471008393821e-01
3.199608610567515332e-01 7.351407980140538534e-01 2.648592019858557745e-01
3.219178082191782031e-01 7.378527462769464140e-01 2.621472537229643240e-01
3.238747553816047620e-01 7.406177273905448777e-01 2.593822726093674147e-01
3.258317025440315429e-01 7.434362987939906464e-01 2.565637012059228672e-01
3.277886497064581017e-01 7.463086501874174328e-01 2.536913498124980793e-01
3.297455968688846606e-01 7.492349236805584400e-01 2.507650763193586818e-01
3.317025440313113860e-01 7.522143508408337675e-01 2.477856491590857413e-01
3.336594911937379448e-01 7.552462302821743023e-01 2.447537697177482041e-01
3.356164383561645037e-01 7.583307632631823836e-01 2.416692367367435090e-01
3.375733855185910626e-01 7.614675470099609988e-01 2.385324529899688906e-01
3.395303326810176214e-01 7.646560962797023242e-01 2.353439037202327833e-01
3.414872798434443468e-01 7.678955865950674031e-01 2.321044134048727003e-01
3.434442270058709057e-01 7.711849229472103051e-01 2.288150770527343780e-01
3.454011741682974646e-01 7.745234963639875403e-01 2.254765036359612784e-01
3.473581213307242455e-01 7.779103393941200206e-01 2.220896606058330169e-01
3.493150684931508043e-01 7.813443864897402502e-01 2.186556135102160348e-01
3.512720156555775297e-01 7.848232854826902027e-01 2.151767145172690521e-01
3.532289628180040886e-01 7.883456205226428981e-01 2.116543794773189380e-01
3.551859099804306474e-01 7.919099032050513909e-01 2.080900967949125269e-01
3.571428571428572063e-01 7.955142868551823288e-01 2.044857131447826992e-01
3.590998043052839872e-01 7.991567302556663588e-01 2.008432697442986692e-01
3.610567514677105461e-01 8.028347277956953132e-01 1.971652722042698813e-01
3.630136986301371049e-01 8.065461035416217062e-01 1.934538964583432941e-01
3.649706457925636638e-01 8.102883514167844581e-01 1.897116485831800148e-01
3.669275929549902227e-01 8.140588135834621042e-01 1.859411864165015082e-01
3.688845401174169480e-01 8.178545601233360163e-01 1.821454398766268468e-01
3.708414872798435069e-01 8.216726555827943423e-01 1.783273444171682431e-01
3.727984344422702323e-01 8.255099582672662528e-01 1.744900417326966102e-01
3.747553816046967912e-01 8.293631717667153680e-01 1.706368282332487163e-01
3.767123287671233500e-01 8.332294644986218968e-01 1.667705355013423540e-01
3.786692759295501309e-01 8.371052875004150184e-01 1.628947124995486218e-01
3.806262230919766898e-01 8.409870227199440773e-01 1.590129772800178976e-01
3.825831702544032487e-01 8.448709932292319813e-01 1.551290067707275788e-01
3.845401174168298075e-01 8.487534302828380062e-01 1.512465697171195833e-01
3.864970645792565329e-01 8.526304200350018903e-01 1.473695799649551441e-01
3.884540117416830918e-01 8.564979093067019988e-01 1.435020906932562013e-01
3.904109589041096506e-01 8.603517296146740989e-01 1.396482703852869323e-01
3.923679060665362095e-01 8.641885127144105505e-01 1.358114872855538113e-01
3.943248532289629904e-01 8.680048835709381905e-01 1.319951164290284473e-01
3.962818003913895493e-01 8.717963458578581459e-01 1.282036541421102682e-01
3.982387475538162747e-01 8.755588547763946128e-01 1.244411452235744259e-01
4.001956947162428335e-01 8.792886965853954351e-01 1.207113034145735342e-01
4.021526418786693924e-01 8.829825867169132092e-01 1.170174132830558572e-01
4.041095890410959512e-01 8.866362777571747955e-01 1.133637222427937574e-01
4.060665362035226766e-01 8.902459035221961248e-01 1.097540964777712347e-01
4.080234833659492910e-01 8.938085848369590192e-01 1.061914151630068137e-01
4.099804305283758499e-01 8.973212129913250568e-01 1.026787870086390275e-01
4.119373776908024087e-01 9.007801173744101053e-01 9.921988262555178628e-02
4.138943248532291341e-01 9.041820427610059996e-01 9.581795723895396300e-02
4.158512720156556930e-01 9.075248170968106542e-01 9.247518290314807321e-02
4.178082191780822519e-01 9.108054262020633951e-01 8.919457379789504092e-02
4.197651663405089772e-01 9.140211594132230388e-01 8.597884058673586904e-02
4.217221135029355361e-01 9.171696127325008607e-01 8.283038726746011493e-02
4.236790606653623170e-01 9.202492810695974690e-01 7.975071893036431159e-02
4.256360078277888759e-01 9.232578741306249892e-01 7.674212586933742974e-02
4.275929549902154347e-01 9.261936101973544666e-01 7.380638980260689763e-02
4.295499021526419936e-01 9.290553214876675625e-01 7.094467851229219191e-02
4.315068493150685525e-01 9.318425012614962588e-01 6.815749873846242701e-02
4.334637964774952779e-01 9.345539578432791039e-01 6.544604215667901292e-02
4.354207436399218367e-01 9.371891036454498281e-01 6.281089635450760877e-02
4.373776908023483956e-01 9.397472057808458068e-01 6.025279421911095695e-02
4.393346379647749544e-01 9.422278958083254441e-01 5.777210419163104210e-02
4.412915851272017354e-01 9.446312070852059817e-01 5.536879291475040737e-02
4.432485322896284607e-01 9.469572701361872458e-01 5.304272986376989962e-02
4.452054794520550196e-01 9.492066451830161178e-01 5.079335481694159660e-02
4.471624266144815785e-01 9.513798888677735821e-01 4.862011113218525638e-02
4.491193737769081373e-01 9.534778341380427680e-01 4.652216586191743053e-02
4.510763209393348627e-01 9.555014357723415896e-01 4.449856422762082930e-02
4.530332681017614216e-01 9.574512326175259602e-01 4.254876738243743017e-02
4.549902152641879804e-01 9.593285967003605252e-01 4.067140329960327455e-02
4.569471624266145393e-01 9.611347726990708829e-01 3.886522730089246591e-02
4.589041095890410982e-01 9.628711874112751978e-01 3.712881258868627049e-02
4.608610567514678791e-01 9.645394477003421674e-01 3.546055229961782296e-02
4.628180039138944379e-01 9.661411230538886619e-01 3.385887694607035009e-02
4.647749510763211633e-01 9.676779328634933508e-01 3.232206713646518237e-02
4.667318982387477222e-01 9.691514328461456884e-01 3.084856715381281700e-02
4.686888454011742811e-01 9.705633082918784238e-01 2.943669170808032448e-02
4.706457925636010620e-01 9.719153578487524925e-01 2.808464215120742152e-02
4.726027397260276208e-01 9.732093260101144505e-01 2.679067398984785048e-02
4.745596868884541797e-01 9.744476562565246303e-01 2.555234374343929443e-02
4.765166340508807385e-01 9.756321648350250175e-01 2.436783516494091598e-02
4.784735812133072974e-01 9.767649198452541537e-01 2.323508015471263677e-02
4.804305283757340228e-01 9.778478649706126014e-01 2.215213502935365480e-02
4.823874755381605817e-01 9.788821398719860234e-01 2.111786012798048257e-02
4.843444227005871405e-01 9.798697592313849736e-01 2.013024076858178218e-02
4.863013698630138659e-01 9.808122890535122540e-01 1.918771094645499442e-02
4.882583170254404248e-01 9.817116386933855132e-01 1.828836130658183928e-02
4.902152641878672057e-01 9.825699726702735726e-01 1.743002732969411647e-02
4.921722113502937646e-01 9.833887226156023953e-01 1.661127738436581416e-02
4.941291585127203234e-01 9.841695712853861799e-01 1.583042871458256035e-02
4.960861056751468823e-01 9.849137996442713927e-01 1.508620035569838841e-02
4.980430528375736077e-01 9.856227734357314585e-01 1.437722656423977632e-02
5.000000000000002220e-01 9.862978493796685786e-01 1.370215062030382194e-02
