5.000000000000000000e-01 1.000000000000000000e+00 0.000000000000000000e+00
4.980430528375733301e-01 9.999999986089492809e-01 1.391050587410217041e-09
4.960861056751467713e-01 9.999999981926870340e-01 1.807312509615214450e-09
4.941291585127201569e-01 9.999999978893723274e-01 2.110627478482507101e-09
4.921722113502935980e-01 9.999999975914793948e-01 2.408520404185168281e-09
4.902152641878669281e-01 9.999999973162966294e-01 2.683703158786746238e-09
4.882583170254402583e-01 9.999999970435254903e-01 2.956474213802367880e-09
4.863013698630136994e-01 9.999999967707544624e-01 3.229245268817989936e-09
4.843444227005870295e-01 9.999999964979835454e-01 3.502016323833612819e-09
4.823874755381604706e-01 9.999999961621033329e-01 3.837896651243934388e-09
4.804305283757338563e-01 9.999999958112267828e-01 4.188773241401513784e-09
4.784735812133071864e-01 9.999999954603502328e-01 4.539649831559091527e-09
4.765166340508806275e-01 9.999999951094735717e-01 4.890526421716668441e-09
4.745596868884539576e-01 9.999999947585971327e-01 5.241403011874247011e-09
4.726027397260273988e-01 9.999999944077206937e-01 5.592279602031823926e-09
4.706457925636007844e-01 9.999999940568439216e-01 5.943156192189402495e-09
4.686888454011742255e-01 9.999999937059673716e-01 6.294032782346980237e-09
4.667318982387475557e-01 9.999999931335714631e-01 6.866428699845215726e-09
4.647749510763208858e-01 9.999999924230855708e-01 7.576914587633724150e-09
4.628180039138943269e-01 9.999999917125994564e-01 8.287400475422232574e-09
4.608610567514677125e-01 9.999999910021135641e-01 8.997886363210740998e-09
4.589041095890410982e-01 9.999999902916276717e-01 9.708372250999251076e-09
4.569471624266144838e-01 9.999999895811417794e-01 1.041885813878776115e-08
4.549902152641878139e-01 9.999999888706558870e-01 1.112934402657626792e-08
4.530332681017612551e-01 9.999999881601699947e-01 1.183982991436477800e-08
4.510763209393345852e-01 9.999999874496841024e-01 1.255031580215328808e-08
4.491193737769080263e-01 9.999999867391982100e-01 1.326080168994179816e-08
4.471624266144814119e-01 9.999999860287120956e-01 1.397128757773030162e-08
4.452054794520547421e-01 9.999999853182262033e-01 1.468177346551881501e-08
4.432485322896281832e-01 9.999999846077403109e-01 1.539225935330732508e-08
4.412915851272015133e-01 9.999999838972543076e-01 1.610274524109582855e-08
4.393346379647749544e-01 9.999999831867681932e-01 1.681323112888433862e-08
4.373776908023483401e-01 9.999999824762823009e-01 1.752371701667284870e-08
4.354207436399216702e-01 9.999999812830298040e-01 1.871696956678195028e-08
4.334637964774951113e-01 9.999999784916531187e-01 2.150834624043506089e-08
4.315068493150684414e-01 9.999999757002765444e-01 2.429972291408817480e-08
4.295499021526418826e-01 9.999999729088997480e-01 2.709109958774127879e-08
4.275929549902152127e-01 9.999999701175232847e-01 2.988247626139438939e-08
4.256360078277886538e-01 9.999999673261464883e-01 3.267385293504750992e-08
4.236790606653620395e-01 9.999999645347699140e-01 3.546522960870057751e-08
4.217221135029353696e-01 9.999999617433932286e-01 3.825660628235370466e-08
4.197651663405088107e-01 9.999999589520163212e-01 4.104798295600681196e-08
4.178082191780821408e-01 9.999999561606398579e-01 4.383935962965991925e-08
4.158512720156555820e-01 9.999999533692631726e-01 4.663073630331302655e-08
4.138943248532289676e-01 9.999999505778864872e-01 4.942211297696613384e-08
4.119373776908022977e-01 9.999999477865098019e-01 5.221348965061925437e-08
4.099804305283757389e-01 9.999999449951330055e-01 5.500486632427234843e-08
4.080234833659490690e-01 9.999999422037564312e-01 5.779624299792546234e-08
4.060665362035224546e-01 9.999999394123797458e-01 6.058761967157857626e-08
4.041095890410958957e-01 9.999999366210031715e-01 6.337899634523166370e-08
4.021526418786692814e-01 9.999999338296263751e-01 6.617037301888477761e-08
4.001956947162426670e-01 9.999999310382499118e-01 6.896174969253790476e-08
3.982387475538159971e-01 9.999999282468732265e-01 7.175312636619099220e-08
3.962818003913894382e-01 9.999999254554965411e-01 7.454450303984409288e-08
3.943248532289627684e-01 9.999999226641197447e-01 7.733587971349720679e-08
3.923679060665361540e-01 9.999999198727431704e-01 8.012725638715034718e-08
3.904109589041095951e-01 9.999999170813663740e-01 8.291863306080343462e-08
3.884540117416829252e-01 9.999999142899897997e-01 8.571000973445652206e-08
3.864970645792563664e-01 9.999999114986131143e-01 8.850138640810963597e-08
3.845401174168296965e-01 9.999999087072363180e-01 9.129276308176276312e-08
3.825831702544030821e-01 9.999999059158597436e-01 9.408413975541586380e-08
3.806262230919765233e-01 9.999999031244830583e-01 9.687551642906895124e-08
3.786692759295498534e-01 9.999999003331063729e-01 9.966689310272207839e-08
3.767123287671232945e-01 9.999998975417296876e-01 1.024582697763752055e-07
3.747553816046966246e-01 9.999998947503528912e-01 1.052496464500282930e-07
3.727984344422700103e-01 9.999998919589763169e-01 1.080410231236813804e-07
3.708414872798433959e-01 9.999998757052641629e-01 1.242947354002817053e-07
3.688845401174168370e-01 9.999998439002332207e-01 1.560997663906310809e-07
3.669275929549902227e-01 9.999998120952022784e-01 1.879047973809815683e-07
3.649706457925635528e-01 9.999997802901711141e-01 2.197098283713307322e-07
3.630136986301369384e-01 9.999997484851401719e-01 2.515148593616807960e-07
3.610567514677103240e-01 9.999997166801091186e-01 2.833198903520302246e-07
3.590998043052837096e-01 9.999996848750780654e-01 3.151249213423797591e-07
3.571428571428571508e-01 9.999996530700471231e-01 3.469299523327293994e-07
3.551859099804304809e-01 9.999996212650161809e-01 3.787349833230791986e-07
3.532289628180038665e-01 9.999995894599853496e-01 4.105400143134287860e-07
3.512720156555772522e-01 9.999995576549544074e-01 4.423450453037784263e-07
3.493150684931506378e-01 9.999995258499234652e-01 4.741500762941280667e-07
3.473581213307240789e-01 9.999994940448924119e-01 5.059551072844777070e-07
3.454011741682974090e-01 9.999994622398613586e-01 5.377601382748274533e-07
3.434442270058708502e-01 9.999994304348305274e-01 5.695651692651769877e-07
3.414872798434441803e-01 9.999993986297994741e-01 6.013702002555267340e-07
3.395303326810175659e-01 9.999993668247684209e-01 6.331752312458764802e-07
3.375733855185909515e-01 9.999993350197374786e-01 6.649802622362260146e-07
3.356164383561643372e-01 9.999993032147065364e-01 6.967852932265753374e-07
3.336594911937377783e-01 9.999992714096754831e-01 7.285903242169252953e-07
3.317025440313111084e-01 9.999992396046446519e-01 7.603953552072750416e-07
3.297455968688844941e-01 9.999992077996135986e-01 7.922003861976247878e-07
3.277886497064578797e-01 9.999991759945825454e-01 8.240054171879745340e-07
3.258317025440312653e-01 9.999991441895516031e-01 8.558104481783240685e-07
3.238747553816047065e-01 9.999991123845206609e-01 8.876154791686737088e-07
3.219178082191780366e-01 9.999990805794896076e-01 9.194205101590231374e-07
3.199608610567514777e-01 9.999990487744586654e-01 9.512255411493729895e-07
3.180039138943248078e-01 9.999990169694277231e-01 9.830305721397228416e-07
3.160469667318981379e-01 9.999989851643966698e-01 1.014835603130072588e-06
3.140900195694715791e-01 9.999989533593656166e-01 1.046640634120422122e-06
3.121330724070449647e-01 9.999989215543346743e-01 1.078445665110771657e-06
3.101761252446184058e-01 9.999988897493037321e-01 1.110250696101121191e-06
3.082191780821917360e-01 9.999988579442726788e-01 1.142055727091470726e-06
3.062622309197651216e-01 9.999988261392417366e-01 1.173860758081820472e-06
3.043052837573385072e-01 9.999987943342110164e-01 1.205665789072170642e-06
3.023483365949118928e-01 9.999987625291799631e-01 1.237470820062519964e-06
3.003913894324852785e-01 9.999987307241490209e-01 1.269275851052869711e-06
2.984344422700586641e-01 9.999986989191180786e-01 1.301080882043219457e-06
2.964774951076320497e-01 9.999986671140870254e-01 1.332885913033569203e-06
2.945205479452054353e-01 9.999986353090558611e-01 1.364690944023918526e-06
2.925636007827788210e-01 9.999986035040249188e-01 1.396495975014268272e-06
2.906066536203522066e-01 9.999985716989938656e-01 1.428301006004617595e-06
2.886497064579256477e-01 9.999985398939630343e-01 1.460106036994967764e-06
2.866927592954989779e-01 9.999985080889322031e-01 1.491911067985317934e-06
2.847358121330723080e-01 9.999984762839011498e-01 1.523716098975667257e-06
2.827788649706456936e-01 9.999984444788700966e-01 1.555521129966017427e-06
2.808219178082191347e-01 9.999984126738391543e-01 1.587326160956366749e-06
2.788649706457925204e-01 9.999983808688082121e-01 1.619131191946716284e-06
2.769080234833659060e-01 9.999983490637771588e-01 1.650936222937065607e-06
2.749510763209392916e-01 9.999983172587462166e-01 1.682741253927415353e-06
2.729941291585126772e-01 9.999982854537152743e-01 1.714546284917764887e-06
2.710371819960860629e-01 9.999982536486842211e-01 1.746351315908114633e-06
2.690802348336594485e-01 9.999982218436532788e-01 1.778156346898464380e-06
2.671232876712328341e-01 9.999981900386223366e-01 1.809961377888813702e-06
2.651663405088062198e-01 9.999981582335912833e-01 1.841766408879163449e-06
2.632093933463796054e-01 9.999981264285603411e-01 1.873571439869512771e-06
2.612524461839529355e-01 9.999980946235293988e-01 1.905376470859862941e-06
2.592954990215263211e-01 9.999980628184983455e-01 1.937181501850213111e-06
2.573385518590997623e-01 9.999980310134672923e-01 1.968986532840562433e-06
2.553816046966731479e-01 9.999979992084365721e-01 2.000791563830912603e-06
2.534246575342465335e-01 9.999979674034056298e-01 2.032596594821261926e-06
2.514677103718199191e-01 9.999979355983743545e-01 2.064401625811611249e-06
2.495107632093933048e-01 9.999979037933434123e-01 2.096206656801960995e-06
2.475538160469666626e-01 9.999978719883124700e-01 2.128011687792309894e-06
2.455968688845400483e-01 9.999978401832814168e-01 2.159816718782660064e-06
2.436399217221134617e-01 9.999978083782503635e-01 2.191621749773009810e-06
2.416829745596868473e-01 9.999977077110127066e-01 2.292288987644009340e-06
2.397260273972602329e-01 9.999976017010172580e-01 2.398298982945403425e-06
2.377690802348336185e-01 9.999974956910220314e-01 2.504308978246797510e-06
2.358121330724069764e-01 9.999973896810265828e-01 2.610318973548194983e-06
2.338551859099803620e-01 9.999972836710312452e-01 2.716328968849588221e-06
2.318982387475537754e-01 9.999971776610359075e-01 2.822338964150983153e-06
2.299412915851271055e-01 9.999970716510404589e-01 2.928348959452377238e-06
2.279843444227005189e-01 9.999969656410454544e-01 3.034358954753771323e-06
2.260273972602739045e-01 9.999968596310497837e-01 3.140368950055165408e-06
2.240704500978472902e-01 9.999967536210544461e-01 3.246378945356559493e-06
2.221135029354206758e-01 9.999966476110593305e-01 3.352388940657953578e-06
2.201565557729940892e-01 9.999965416010638819e-01 3.458398935959347663e-06
2.181996086105674748e-01 9.999964355910686553e-01 3.564408931260742595e-06
2.162426614481408604e-01 9.999963295810732067e-01 3.670418926562136680e-06
2.142857142857142461e-01 9.999962235710778691e-01 3.776428921863530765e-06
2.123287671232876039e-01 9.999961175610825315e-01 3.882438917164924850e-06
2.103718199608609618e-01 9.999960115510874159e-01 3.988448912466320629e-06
2.084148727984343474e-01 9.999959055410920783e-01 4.094458907767716408e-06
2.064579256360077331e-01 9.999957995310964076e-01 4.200468903069108799e-06
2.045009784735811464e-01 9.999956935211011810e-01 4.306478898370504578e-06
2.025440313111545321e-01 9.999955875111059544e-01 4.412488893671898663e-06
2.005870841487279177e-01 9.999954815011105058e-01 4.518498888973292748e-06
1.986301369863013033e-01 9.999953754911151682e-01 4.624508884274686833e-06
1.966731898238747167e-01 9.999952694811198306e-01 4.730518879576080918e-06
1.947162426614481023e-01 9.999951380545477608e-01 4.861945451822502667e-06
1.927592954990214602e-01 9.999949277708557460e-01 5.072229143802304372e-06
1.908023483365948458e-01 9.999947174871638422e-01 5.282512835782104384e-06
1.888454011741682315e-01 9.999945072034719384e-01 5.492796527761903548e-06
1.868884540117416448e-01 9.999942969197801457e-01 5.703080219741705253e-06
1.849315068493149750e-01 9.999940866360879088e-01 5.913363911721512040e-06
1.829745596868883606e-01 9.999938763523960050e-01 6.123647603701312898e-06
1.810176125244617740e-01 9.999936660687041012e-01 6.333931295681111216e-06
1.790606653620351596e-01 9.999934557850121974e-01 6.544214987660913768e-06
1.771037181996085452e-01 9.999932455013202937e-01 6.754498679640714626e-06
1.751467710371819031e-01 9.999930352176281678e-01 6.964782371620517178e-06
1.731898238747552887e-01 9.999928249339362640e-01 7.175066063600315495e-06
1.712328767123286744e-01 9.999926146502445823e-01 7.385349755580118048e-06
1.692759295499020877e-01 9.999924043665526785e-01 7.595633447559916365e-06
1.673189823874754734e-01 9.999921940828605527e-01 7.805917139539718917e-06
1.653620352250488590e-01 9.999919837991686489e-01 8.016200831519519775e-06
1.634050880626222724e-01 9.999916923907696820e-01 8.307609230444279482e-06
1.614481409001956025e-01 9.999913022546622621e-01 8.697745337784265469e-06
1.594911937377690159e-01 9.999909121185551752e-01 9.087881445124246373e-06
1.575342465753424015e-01 9.999905219824476443e-01 9.478017552464223890e-06
1.555772994129157316e-01 9.999901318463402244e-01 9.868153659804206488e-06
1.536203522504891450e-01 9.999897417102331376e-01 1.025828976714418400e-05
1.516634050880625306e-01 9.999893515741256067e-01 1.064842587448416321e-05
1.497064579256359163e-01 9.999889614380184089e-01 1.103856198182414751e-05
1.477495107632093296e-01 9.999885713019111000e-01 1.142869808916412672e-05
1.457925636007827153e-01 9.999881811658035691e-01 1.181883419650410762e-05
1.438356164383561009e-01 9.999877910296963712e-01 1.220897030384408514e-05
1.418786692759294865e-01 9.999874008935890624e-01 1.259910641118406943e-05
1.399217221135028999e-01 9.999870107574817535e-01 1.298924251852404864e-05
1.379647749510762300e-01 9.999866206213743336e-01 1.337937862586402785e-05
1.360078277886495879e-01 9.999862304852670247e-01 1.376951473320401723e-05
1.340508806262229735e-01 9.999858403491597159e-01 1.415965084054399644e-05
1.320939334637963869e-01 9.999852355894296441e-01 1.476441057055686112e-05
1.301369863013697725e-01 9.999845194641849844e-01 1.548053581517632712e-05
1.281800391389431582e-01 9.999838033389403247e-01 1.619666105979578974e-05
1.262230919765165438e-01 9.999830872136958870e-01 1.691278630441525236e-05
1.242661448140899433e-01 9.999823710884512273e-01 1.762891154903471497e-05
1.223091976516633428e-01 9.999816549632065676e-01 1.834503679365417420e-05
1.203522504892367284e-01 9.999809388379619080e-01 1.906116203827364021e-05
1.183953033268100863e-01 9.999802227127174703e-01 1.977728728289310621e-05
1.164383561643834719e-01 9.999795065874728106e-01 2.049341252751256544e-05
1.144814090019568714e-01 9.999787904622281509e-01 2.120953777213202806e-05
1.125244618395302570e-01 9.999780743369834912e-01 2.192566301675149745e-05
1.105675146771036566e-01 9.999773582117388315e-01 2.264178826137095330e-05
1.086105675146770005e-01 9.999766420864941718e-01 2.335791350599044302e-05
1.066536203522504417e-01 9.999759259612495121e-01 2.407403875060988531e-05
1.046966731898237857e-01 9.999752098360050745e-01 2.479016399522936486e-05
1.027397260273972268e-01 9.999744937107604148e-01 2.550628923984881054e-05
1.007827788649705292e-01 9.999735655030427273e-01 2.643449695768178422e-05
9.882583170254388705e-02 9.999725769535476871e-01 2.742304645263917128e-05
9.686888454011731431e-02 9.999715589910467273e-01 2.844100895368608723e-05
9.491193737769067218e-02 9.999705116155397366e-01 2.948838446082260322e-05
9.295499021526411332e-02 9.999694348270263822e-01 3.056517297404863455e-05
9.099804305283745731e-02 9.999683286255069969e-01 3.167137449336428624e-05
8.904109589041089845e-02 9.999671930109814699e-01 3.280698901876945327e-05
8.708414872798424244e-02 9.999660279834503562e-01 3.397201655026421696e-05
8.512720156555768358e-02 9.999648335429125456e-01 3.516645708784850953e-05
8.317025440313102758e-02 9.999636096893691484e-01 3.639031063152241231e-05
8.121330724070446871e-02 9.999623564228190542e-01 3.764357718128583043e-05
7.925636007827781271e-02 9.999610737432632623e-01 3.892625673713885875e-05
7.729941291585125385e-02 9.999597616507012177e-01 4.023834929908140241e-05
7.534246575342459784e-02 9.999584201451332532e-01 4.157985486711356305e-05
7.338551859099795571e-02 9.999570492265593691e-01 4.295077344123530001e-05
7.142857142857129971e-02 9.999556297874441224e-01 4.437021255611498579e-05
6.947162426614464370e-02 9.999539206110554801e-01 4.607938894470969523e-05
6.751467710371808484e-02 9.999521490283516112e-01 4.785097164858498662e-05
6.555772994129142883e-02 9.999503150393327378e-01 4.968496066774104292e-05
6.360078277886486997e-02 9.999484186439983047e-01 5.158135600217769474e-05
6.164383561643822090e-02 9.999464598423484230e-01 5.354015765189508436e-05
5.968688845401166204e-02 9.999444386343834257e-01 5.556136561689307626e-05
5.772994129158500604e-02 9.999423550201030908e-01 5.764497989717184663e-05
5.577299412915844717e-02 9.999402089995074183e-01 5.979100049273117863e-05
5.381604696673179117e-02 9.999380005725966303e-01 6.199942740357127554e-05
5.185909980430523231e-02 9.999357297393701716e-01 6.427026062969196118e-05
4.990215264187858324e-02 9.999333964998288193e-01 6.660350017109343884e-05
4.794520547945192723e-02 9.999310008539721295e-01 6.899914602777554589e-05
4.598825831702536837e-02 9.999285428018002131e-01 7.145719819973822811e-05
4.403131115459871237e-02 9.999260223433128481e-01 7.397765668698174301e-05
4.207436399217215350e-02 9.999234394785102564e-01 7.656052148950577888e-05
4.011741682974550444e-02 9.999206909501365814e-01 7.930904986316614984e-05
3.816046966731893864e-02 9.999175855737736374e-01 8.241442622615068796e-05
3.620352250489228957e-02 9.999143719556171650e-01 8.562804438267727588e-05
3.424657534246564050e-02 9.999110500956671643e-01 8.894990433274568321e-05
3.228962818003898450e-02 9.999076199939235243e-01 9.238000607635618101e-05
3.033268101761242563e-02 9.999040816503861340e-01 9.591834961350848465e-05
2.837573385518577310e-02 9.999004350650555484e-01 9.956493494420283810e-05
2.641878669275921077e-02 9.998966802379312124e-01 1.033197620684389703e-04
2.446183953033255823e-02 9.998928171690133482e-01 1.071828309862172201e-04
2.250489236790590569e-02 9.998888458583023997e-01 1.111541416975374383e-04
2.054794520547934683e-02 9.998847663057974788e-01 1.152336942023993811e-04
1.859099804305269429e-02 9.998805785114990297e-01 1.194214885008034550e-04
1.663405088062613196e-02 9.998762824754070522e-01 1.237175245927493077e-04
1.467710371819948116e-02 9.998718781975217684e-01 1.281218024782372373e-04
1.272015655577291883e-02 9.998673287521673281e-01 1.326712478325866782e-04
1.076320939334626803e-02 9.998621148095725442e-01 1.378851904274162659e-04
8.806262230919707432e-03 9.998567153237395422e-01 1.432846762606263880e-04
6.849315068493054028e-03 9.998511302946678780e-01 1.488697053322175594e-04
4.892367906066493431e-03 9.998453597223577738e-01 1.546402776421892922e-04
2.935420743639841328e-03 9.998394036068098956e-01 1.605963931905420744e-04
9.784735812132805150e-04 9.998332619480228001e-01 1.667380519772753366e-04
-9.784735812133715880e-04 9.998269347459979306e-01 1.730652540023896752e-04
-2.935420743640114981e-03 9.998204220007346210e-01 1.795779992658848192e-04
-4.892367906066675577e-03 9.998137237122326493e-01 1.862762877677604434e-04
-6.849315068493328114e-03 9.998068398804924595e-01 1.931601195080171981e-04
-8.806262230919889578e-03 9.997997705055139406e-01 2.002294944866544058e-04
-1.076320939334654038e-02 9.997925155872970926e-01 2.074844127036727713e-04
-1.272015655577310271e-02 9.997848806927139842e-01 2.151193072868820002e-04
-1.467710371819975351e-02 9.997764781865332573e-01 2.235218134675903971e-04
-1.663405088062631584e-02 9.997677818514774106e-01 2.322181485232650215e-04
-1.859099804305296838e-02 9.997587916875469993e-01 2.412083124539065779e-04
-2.054794520547952724e-02 9.997495076947413573e-01 2.504923052595142263e-04
-2.250489236790617978e-02 9.997399298730609285e-01 2.600701269400888067e-04
-2.446183953033274211e-02 9.997300582225052690e-01 2.699417774956296145e-04
-2.641878669275939465e-02 9.997198927430747117e-01 2.801072569261372461e-04
-2.837573385518604718e-02 9.997094334347690348e-01 2.905665652316115387e-04
-3.033268101761260604e-02 9.996986802975886821e-01 3.013197024120517877e-04
-3.228962818003926205e-02 9.996876333315332097e-01 3.123666684674591314e-04
-3.424657534246582091e-02 9.996760369561481507e-01 3.239630438524452498e-04
-3.620352250489246998e-02 9.996634481598680733e-01 3.365518401325248926e-04
-3.816046966731912599e-02 9.996504137599695472e-01 3.495862400309063755e-04
-4.011741682974577505e-02 9.996369337564527946e-01 3.630662435475907283e-04
-4.207436399217233391e-02 9.996230081493178155e-01 3.769918506825765958e-04
-4.403131115459898992e-02 9.996086369385642767e-01 3.913630614358656586e-04
-4.598825831702554878e-02 9.995938201241928445e-01 4.061798758074563987e-04
-4.794520547945220479e-02 9.995785577062029637e-01 4.214422937973500089e-04
-4.990215264187876365e-02 9.995628496845943012e-01 4.371503154055452964e-04
-5.185909980430541272e-02 9.995466960593679673e-01 4.533039406320435623e-04
-5.381604696673206872e-02 9.995293463046384108e-01 4.706536953614325188e-04
-5.577299412915862759e-02 9.995111513388414970e-01 4.888486611584259194e-04
-5.772994129158528359e-02 9.994923200825768239e-01 5.076799174228499578e-04
-5.968688845401184245e-02 9.994728525358449467e-01 5.271474641547028994e-04
-6.164383561643849152e-02 9.994527486986457543e-01 5.472513013539861536e-04
-6.360078277886505038e-02 9.994320085709789137e-01 5.679914290206984195e-04
-6.555772994129170639e-02 9.994106321528448689e-01 5.893678471548409979e-04
-6.751467710371826525e-02 9.993886194442433979e-01 6.113805557564122627e-04
-6.947162426614492126e-02 9.993653690636989939e-01 6.346309363007724422e-04
-7.142857142857148012e-02 9.993408171013262731e-01 6.591828986735018443e-04
-7.338551859099813612e-02 9.993153834545616121e-01 6.846165454379561730e-04
-7.534246575342477825e-02 9.992890681234055661e-01 7.109318765941342357e-04
-7.729941291585143426e-02 9.992618711078580240e-01 7.381288921420375501e-04
-7.925636007827809026e-02 9.992337924079182088e-01 7.662075920816651406e-04
-8.121330724070464913e-02 9.992048320235870085e-01 7.951679764130160314e-04
-8.317025440313130513e-02 9.991746653640654063e-01 8.253346359349343197e-04
-8.512720156555786399e-02 9.991427556507461727e-01 8.572443492539605575e-04
-8.708414872798452000e-02 9.991096971683703920e-01 8.903028316300194483e-04
-8.904109589041107886e-02 9.990754899169373981e-01 9.245100830631079562e-04
-9.099804305283773487e-02 9.990401338964471911e-01 9.598661035532289002e-04
-9.295499021526429373e-02 9.990036291069002150e-01 9.963708931003795698e-04
-9.491193737769093586e-02 9.989659755482960257e-01 1.034024451704562350e-03
-9.686888454011750860e-02 9.989260234627601598e-01 1.073976537240429801e-03
-9.882583170254415073e-02 9.988845971579429772e-01 1.115402842057770013e-03
-1.007827788649707096e-01 9.988417052749296587e-01 1.158294725070884009e-03
-1.027397260273973656e-01 9.987973478137206484e-01 1.202652186279777428e-03
-1.046966731898240216e-01 9.987515247743157243e-01 1.248475225684446584e-03
-1.066536203522505805e-01 9.987039259116132772e-01 1.296074088387064518e-03
-1.086105675146772365e-01 9.986538894508315556e-01 1.346110549168762736e-03
-1.105675146771037953e-01 9.986020354113509523e-01 1.397964588649127727e-03
-1.125244618395304513e-01 9.985483637931718004e-01 1.451636206828164043e-03
-1.144814090019570935e-01 9.984928745962939889e-01 1.507125403705867131e-03
-1.164383561643837495e-01 9.984353964263176229e-01 1.564603573682029096e-03
-1.183953033268103083e-01 9.983750178879249315e-01 1.624982112074805241e-03
-1.203522504892369643e-01 9.983124335381046155e-01 1.687566461895181977e-03
-1.223091976516635232e-01 9.982476433768565638e-01 1.752356623143153450e-03
-1.242661448140901792e-01 9.981806474041809984e-01 1.819352595818724862e-03
-1.262230919765167381e-01 9.981107913619489125e-01 1.889208638050790447e-03
-1.281800391389433802e-01 9.980378426948308679e-01 1.962157305168781268e-03
-1.301369863013700501e-01 9.979622294859165077e-01 2.037770514083409035e-03
-1.320939334637966089e-01 9.978839517352051658e-01 2.116048264794668544e-03
-1.340508806262232511e-01 9.978030094426975083e-01 2.196990557302568037e-03
-1.360078277886498099e-01 9.977181355913408156e-01 2.281864408659094179e-03
-1.379647749510764798e-01 9.976300409080929299e-01 2.369959091906870177e-03
-1.399217221135030387e-01 9.975387947838315617e-01 2.461205216168161659e-03
-1.418786692759296808e-01 9.974443972185565999e-01 2.555602781442975133e-03
-1.438356164383562397e-01 9.973458473706192651e-01 2.654152629380247905e-03
-1.457925636007828818e-01 9.972434093876036965e-01 2.756590612395876799e-03
-1.477495107632094684e-01 9.971373029585144376e-01 2.862697041485009856e-03
-1.497064579256361938e-01 9.970274739606641567e-01 2.972526039335387019e-03
-1.516634050880628637e-01 9.969125370211346926e-01 3.087462978865000360e-03
-1.536203522504894226e-01 9.967933132128881102e-01 3.206686787111789200e-03
-1.555772994129160647e-01 9.966698025359244095e-01 3.330197464075763947e-03
-1.575342465753426235e-01 9.965416500302588521e-01 3.458349969741664458e-03
-1.594911937377692657e-01 9.964080422357719513e-01 3.591957764228422521e-03
-1.614481409001958245e-01 9.962695785745130372e-01 3.730421425487511367e-03
-1.634050880626224944e-01 9.961262590464815547e-01 3.873740953518944007e-03
-1.653620352250490533e-01 9.959765458126816906e-01 4.023454187318876649e-03
-1.673189823874756954e-01 9.958211509278240836e-01 4.178849072176644107e-03
-1.692759295499022543e-01 9.956601441299135491e-01 4.339855870087074539e-03
-1.712328767123289242e-01 9.954928084987573200e-01 4.507191501243000900e-03
-1.731898238747554830e-01 9.953188469883588185e-01 4.681153011641445150e-03
-1.751467710371821251e-01 9.951386469273971747e-01 4.861353072603095959e-03
-1.771037181996087673e-01 9.949513072145075299e-01 5.048692785492733814e-03
-1.790606653620353539e-01 9.947562915550471896e-01 5.243708444953025516e-03
-1.810176125244619960e-01 9.945541261026445978e-01 5.445873897355663247e-03
-1.829745596868885549e-01 9.943441937924436536e-01 5.655806207556707266e-03
-1.849315068493151970e-01 9.941260480268996336e-01 5.873951973100775825e-03
-1.868884540117418669e-01 9.939000903925085950e-01 6.099909607492022545e-03
-1.888454011741685090e-01 9.936650049253162864e-01 6.334995074684223598e-03
-1.908023483365950679e-01 9.934209379983200972e-01 6.579062001680818783e-03
-1.927592954990217378e-01 9.931680235714643867e-01 6.831976428536406902e-03
-1.947162426614482966e-01 9.929045798946446455e-01 7.095420105356122983e-03
-1.966731898238749388e-01 9.926314173387558171e-01 7.368582661245220294e-03
-1.986301369863014976e-01 9.923479695062767947e-01 7.652030493724019770e-03
-2.005870841487281397e-01 9.920530399626136253e-01 7.946960037387238579e-03
-2.025440313111548096e-01 9.917473387291956266e-01 8.252661270805008303e-03
-2.045009784735813685e-01 9.914299758917606287e-01 8.570024108240210936e-03
-2.064579256360080106e-01 9.911001221260811178e-01 8.899877873919546586e-03
-2.084148727984345695e-01 9.907576705309473208e-01 9.242329469053338353e-03
-2.103718199608612394e-01 9.904022012969755373e-01 9.597798703025437611e-03
-2.123287671232877982e-01 9.900332946147816227e-01 9.966705385219595120e-03
-2.142857142857144404e-01 9.896504102293497418e-01 1.034958977065158353e-02
-2.162426614481409992e-01 9.892524237996372927e-01 1.074757620036428593e-02
-2.181996086105676413e-01 9.888392382444470829e-01 1.116076175555437075e-02
-2.201565557729942280e-01 9.884103458976705170e-01 1.158965410233102171e-02
-2.221135029354208701e-01 9.879652390931978889e-01 1.203476090680348672e-02
-2.240704500978475122e-01 9.875034101649202700e-01 1.249658983508094776e-02
-2.260273972602741821e-01 9.870236469756425990e-01 1.297635302435883042e-02
-2.279843444227008242e-01 9.865254405980803387e-01 1.347455940192099008e-02
-2.299412915851273831e-01 9.860084065833405464e-01 1.399159341666071643e-02
-2.318982387475540252e-01 9.854719560800287992e-01 1.452804391997282799e-02
-2.338551859099806118e-01 9.849153799083356642e-01 1.508462009166599421e-02
-2.358121330724072540e-01 9.843369444571232751e-01 1.566305554287837631e-02
-2.377690802348338128e-01 9.837365680049738881e-01 1.626343199502765235e-02
-2.397260273972604550e-01 9.831135355100839579e-01 1.688646448991773519e-02
-2.416829745596870138e-01 9.824671319306494954e-01 1.753286806935243358e-02
-2.436399217221136837e-01 9.817961895329059274e-01 1.820381046709606404e-02
-2.455968688845402426e-01 9.810995906635694430e-01 1.890040933643261090e-02
-2.475538160469668847e-01 9.803768244562256484e-01 1.962317554377639162e-02
-2.495107632093934436e-01 9.796270694581146188e-01 2.037293054188753921e-02
-2.514677103718200857e-01 9.788491145968244433e-01 2.115088540317805466e-02
-2.534246575342467556e-01 9.780413403178130904e-01 2.195865968218965389e-02
-2.553816046966733144e-01 9.772032359944172741e-01 2.279676400558576163e-02
-2.573385518590999843e-01 9.763338254166402663e-01 2.366617458336299495e-02
-2.592954990215265432e-01 9.754319781580808035e-01 2.456802184192267285e-02
-2.612524461839531575e-01 9.744960123803868557e-01 2.550398761961693295e-02
-2.632093933463798274e-01 9.735252084313821275e-01 2.647479156862164382e-02
-2.651663405088064973e-01 9.725184776959230337e-01 2.748152230408123370e-02
-2.671232876712330562e-01 9.714742364000581443e-01 2.852576359994628968e-02
-2.690802348336597261e-01 9.703907974542160808e-01 2.960920254578832886e-02
-2.710371819960862849e-01 9.692672465047665886e-01 3.073275349523766492e-02
-2.729941291585128993e-01 9.681023233997720912e-01 3.189767660023207912e-02
-2.749510763209394582e-01 9.668939891434111811e-01 3.310601085659260062e-02
-2.769080234833661280e-01 9.656408452124294328e-01 3.435915478757400193e-02
-2.788649706457926869e-01 9.643416333368868276e-01 3.565836666311628794e-02
-2.808219178082193568e-01 9.629949045095473892e-01 3.700509549045502555e-02
-2.827788649706459712e-01 9.615981393968502378e-01 3.840186060315204514e-02
-2.847358121330726410e-01 9.601502292213073275e-01 3.984977077869517048e-02
-2.866927592954990889e-01 9.586495797539777985e-01 4.135042024602443578e-02
-2.886497064579257588e-01 9.570943182013071926e-01 4.290568179869525683e-02
-2.906066536203524286e-01 9.554819723096875661e-01 4.451802769031508455e-02
-2.925636007827790430e-01 9.538111994413880357e-01 4.618880055861548928e-02
-2.945205479452055464e-01 9.520802253824853789e-01 4.791977461751877054e-02
-2.964774951076322163e-01 9.502868228984096000e-01 4.971317710159528502e-02
-2.984344422700589416e-01 9.484286915714985611e-01 5.157130842850736474e-02
-3.003913894324856115e-01 9.465039551795386696e-01 5.349604482046789455e-02
-3.023483365949122259e-01 9.445104766819619746e-01 5.548952331804544308e-02
-3.043052837573387293e-01 9.424458833181467154e-01 5.755411668186131979e-02
-3.062622309197653436e-01 9.403078959811390636e-01 5.969210401886915207e-02
-3.082191780821920135e-01 9.380941766682432403e-01 6.190582333176553043e-02
-3.101761252446186834e-01 9.358023046933434674e-01 6.419769530666508128e-02
-3.121330724070451312e-01 9.334298379086691799e-01 6.657016209133889695e-02
-3.140900195694718011e-01 9.309743370059030410e-01 6.902566299410464734e-02
-3.160469667318984155e-01 9.284331939308945181e-01 7.156680606911292042e-02
-3.180039138943250854e-01 9.258037920285417943e-01 7.419620797146508906e-02
-3.199608610567515332e-01 9.230834605240572088e-01 7.691653947594911944e-02
-3.219178082191782031e-01 9.202695395769342479e-01 7.973046042307158077e-02
-3.238747553816049285e-01 9.173592523973461699e-01 8.264074760265946451e-02
-3.258317025440315429e-01 9.143497788409116200e-01 8.565022115909423639e-02
-3.277886497064582683e-01 9.112382542698000965e-01 8.876174573020616243e-02
-3.297455968688846606e-01 9.080218372985766617e-01 9.197816270143069350e-02
-3.317025440313113860e-01 9.046977286931412454e-01 9.530227130686663717e-02
-3.336594911937379448e-01 9.012628848379897750e-01 9.873711516201910676e-02
-3.356164383561646702e-01 8.977143004095151646e-01 1.022856995904945776e-01
-3.375733855185910626e-01 8.940489261321578063e-01 1.059510738678523245e-01
-3.395303326810177880e-01 8.902639577597007969e-01 1.097360422403101110e-01
-3.414872798434443468e-01 8.863562498896669917e-01 1.136437501103442077e-01
-3.434442270058711277e-01 8.823226799203129911e-01 1.176773200796984720e-01
-3.454011741682974646e-01 8.781601164469354792e-01 1.218398835530761504e-01
-3.473581213307242455e-01 8.738656033033845860e-01 1.261343966966266827e-01
-3.493150684931508043e-01 8.694363584129558564e-01 1.305636415870554956e-01
-3.512720156555775297e-01 8.648690937708822801e-01 1.351309062291294327e-01
-3.532289628180040886e-01 8.601607132292790059e-01 1.398392867707330678e-01
-3.551859099804306474e-01 8.553081066549464984e-01 1.446918933450659084e-01
-3.571428571428574283e-01 8.503087503854022122e-01 1.496912496146104443e-01
-3.590998043052839872e-01 8.451595530148019453e-01 1.548404469852102672e-01
-3.610567514677107126e-01 8.398575930481204654e-01 1.601424069518909143e-01
-3.630136986301371049e-01 8.344000307068142330e-01 1.655999692931958700e-01
-3.649706457925638303e-01 8.287842748047933306e-01 1.712157251952146630e-01
-3.669275929549903892e-01 8.230079936605592117e-01 1.769920063394477550e-01
-3.688845401174171146e-01 8.170685582979524408e-01 1.829314417020532768e-01
-3.708414872798435069e-01 8.109636214861728476e-01 1.890363785138329256e-01
-3.727984344422702323e-01 8.046909622503508608e-01 1.953090377496561891e-01
-3.747553816046967912e-01 7.982487679358554189e-01 2.017512320641523527e-01
-3.767123287671235721e-01 7.916351084539217098e-01 2.083648915460868667e-01
-3.786692759295501309e-01 7.848483083342592259e-01 2.151516916657501277e-01
-3.806262230919766898e-01 7.778868959961382501e-01 2.221131040038716864e-01
-3.825831702544032487e-01 7.707495823410471791e-01 2.292504176589631737e-01
-3.845401174168299741e-01 7.634352774740921221e-01 2.365647225259190911e-01
-3.864970645792565329e-01 7.559431580152173868e-01 2.440568419847942705e-01
-3.884540117416830918e-01 7.482726209959650321e-01 2.517273790040476245e-01
-3.904109589041098727e-01 7.404233130723142375e-01 2.595766869276992517e-01
-3.923679060665364315e-01 7.323957585926850200e-01 2.676042414073295794e-01
-3.943248532289631569e-01 7.241901290125132284e-01 2.758098709875034249e-01
-3.962818003913895493e-01 7.158071346505812116e-01 2.841928653494381063e-01
-3.982387475538162747e-01 7.072478537702575618e-01 2.927521462297655308e-01
-4.001956947162428335e-01 6.985138095980579775e-01 3.014861904019693895e-01
-4.021526418786695589e-01 6.896069601560459450e-01 3.103930398439844751e-01
-4.041095890410961178e-01 6.805295677164491241e-01 3.194704322835840715e-01
-4.060665362035226766e-01 6.712843834303499069e-01 3.287156165696838994e-01
-4.080234833659492910e-01 6.618746161194886124e-01 3.381253838805436951e-01
-4.099804305283760164e-01 6.523036753420310419e-01 3.476963246580010436e-01
-4.119373776908025753e-01 6.425757581690576536e-01 3.574242418309744873e-01
-4.138943248532291341e-01 6.326954488692027034e-01 3.673045511308301592e-01
-4.158512720156556930e-01 6.226678385938457794e-01 3.773321614061888596e-01
-4.178082191780824184e-01 6.124983429134415180e-01 3.875016570865953969e-01
-4.197651663405089772e-01 6.021928266190457180e-01 3.978071733809928068e-01
-4.217221135029355361e-01 5.917579521205632576e-01 4.082420478794766550e-01
-4.236790606653620950e-01 5.812007925769222538e-01 4.187992074231193795e-01
-4.256360078277888759e-01 5.705289563211141113e-01 4.294710436789299646e-01
-4.275929549902154347e-01 5.597497930558907875e-01 4.402502069441553978e-01
-4.295499021526421601e-01 5.488721072897364550e-01 4.511278927103110625e-01
-4.315068493150687190e-01 5.379048955308061153e-01 4.620951044692418463e-01
-4.334637964774952779e-01 5.268576769609469856e-01 4.731423230391000878e-01
-4.354207436399220033e-01 5.157399977260190838e-01 4.842600022740259913e-01
-4.373776908023486176e-01 5.045617846717269650e-01 4.954382153283158896e-01
-4.393346379647751765e-01 4.933340238053348648e-01 5.066659761947041041e-01
-4.412915851272017354e-01 4.820678743872355287e-01 5.179321256127986661e-01
-4.432485322896284607e-01 4.707748700679915688e-01 5.292251299320362978e-01
-4.452054794520550196e-01 4.594647440684672124e-01 5.405352559315560468e-01
-4.471624266144815785e-01 4.481501284706517207e-01 5.518498715293678192e-01
-4.491193737769081373e-01 4.368429907026913916e-01 5.631570092973263719e-01
-4.510763209393348627e-01 4.255555222868590004e-01 5.744444777131606505e-01
-4.530332681017614216e-01 4.142994288652021018e-01 5.857005711348202137e-01
-4.549902152641882025e-01 4.030864797479865591e-01 5.969135202520354788e-01
-4.569471624266145393e-01 3.919292097497630301e-01 6.080707902502568984e-01
-4.589041095890413202e-01 3.808398222441676806e-01 6.191601777558469744e-01
-4.608610567514678791e-01 3.698300547218463241e-01 6.301699452781620581e-01
-4.628180039138946045e-01 3.589113742647119798e-01 6.410886257352952367e-01
-4.647749510763211633e-01 3.480956352684106414e-01 6.519043647315982959e-01
-4.667318982387477222e-01 3.373942165705412499e-01 6.626057834294747373e-01
-4.686888454011745031e-01 3.268179490745192206e-01 6.731820509255068696e-01
-4.706457925636010620e-01 3.163771357584245214e-01 6.836228642416091184e-01
-4.726027397260276208e-01 3.060820785482181172e-01 6.939179214518222949e-01
-4.745596868884541797e-01 2.959424214910875706e-01 7.040575785089575600e-01
-4.765166340508809051e-01 2.859673154678971096e-01 7.140326845321501859e-01
-4.784735812133074639e-01 2.761653692105759950e-01 7.238346307894742981e-01
-4.804305283757341893e-01 2.665444902657291282e-01 7.334555097343231633e-01
-4.823874755381605817e-01 2.571119395068967028e-01 7.428880604931558107e-01
-4.843444227005873071e-01 2.478744735916293407e-01 7.521255264084223402e-01
-4.863013698630138659e-01 2.388383889135410054e-01 7.611616110865111473e-01
-4.882583170254406468e-01 2.300087268974624621e-01 7.699912731025917445e-01
-4.902152641878670392e-01 2.213899220167057091e-01 7.786100779833543539e-01
-4.921722113502937646e-01 2.129860736309125424e-01 7.870139263691571241e-01
-4.941291585127203234e-01 2.048013277345536731e-01 7.951986722655235429e-01
-4.960861056751470488e-01 1.968377312856774974e-01 8.031622687144079897e-01
-4.980430528375734411e-01 1.890970771182646781e-01 8.109029228818280810e-01
-5.000000000000002220e-01 1.815798076108995907e-01 8.184201923891978314e-01
-5.000000000000000000e-01 1.815798076108995907e-01 8.184201923891978314e-01
-4.980430528375733301e-01 1.782268940121175538e-01 8.217731059879758160e-01
-4.960861056751467713e-01 1.770288069630130967e-01 8.229711930370786632e-01
-4.941291585127201569e-01 1.767624121942985016e-01 8.232375878057923702e-01
-4.921722113502935980e-01 1.770893353477663301e-01 8.229106646523369761e-01
-4.902152641878669281e-01 1.778419720978623164e-01 8.221580279022402404e-01
-4.882583170254402583e-01 1.789200645567791681e-01 8.210799354433233610e-01
-4.863013698630136994e-01 1.802597239885219693e-01 8.197402760115690690e-01
-4.843444227005870295e-01 1.818161630921026339e-01 8.181838369080185469e-01
-4.823874755381604706e-01 1.835561617520152233e-01 8.164438382480940781e-01
-4.804305283757338563e-01 1.854555138573685813e-01 8.145444861427235672e-01
-4.784735812133071864e-01 1.874957406935063853e-01 8.125042593065854302e-01
-4.765166340508806275e-01 1.896614538896514990e-01 8.103385461104596343e-01
-4.745596868884539576e-01 1.919400737675852064e-01 8.080599262325307564e-01
-4.726027397260273988e-01 1.943214991715573325e-01 8.056785008285645144e-01
-4.706457925636007844e-01 1.967970938627287558e-01 8.032029061373981982e-01
-4.686888454011742255e-01 1.993593494237659858e-01 8.006406505763483672e-01
-4.667318982387475557e-01 2.020019829364770036e-01 7.979980170636320480e-01
-4.647749510763208858e-01 2.047196740400037129e-01 7.952803259601681773e-01
-4.628180039138943269e-01 2.075067020063462997e-01 7.924932979938472677e-01
-4.608610567514677125e-01 2.103585861703359816e-01 7.896414138298419871e-01
-4.589041095890410982e-01 2.132715828129964630e-01 7.867284171871705700e-01
-4.569471624266144838e-01 2.162420149312284101e-01 7.837579850689280203e-01
-4.549902152641878139e-01 2.192666548640543889e-01 7.807333451361174737e-01
-4.530332681017612551e-01 2.223420577601963877e-01 7.776579422399897412e-01
-4.510763209393345852e-01 2.254651937023862684e-01 7.745348062978156811e-01
-4.491193737769080263e-01 2.286330676688435593e-01 7.713669323313628867e-01
-4.471624266144814119e-01 2.318433953737358000e-01 7.681566046264673986e-01
-4.452054794520547421e-01 2.350938233588605042e-01 7.649061766413376429e-01
-4.432485322896281832e-01 2.383819120402249081e-01 7.616180879599889764e-01
-4.412915851272015133e-01 2.417050964161510662e-01 7.582949035840806928e-01
-4.393346379647749544e-01 2.450607686047637235e-01 7.549392313954710332e-01
-4.373776908023483401e-01 2.484471438667641974e-01 7.515528561334416935e-01
-4.354207436399216702e-01 2.518623343294116301e-01 7.481376656707419137e-01
-4.334637964774951113e-01 2.553048501560461481e-01 7.446951498440983475e-01
-4.315068493150684414e-01 2.587721977300352361e-01 7.412278022701246361e-01
-4.295499021526418826e-01 2.622620313434654848e-01 7.377379686567344663e-01
-4.275929549902152127e-01 2.657722324701018990e-01 7.342277675301024376e-01
-4.256360078277886538e-01 2.693012961148015805e-01 7.306987038853767213e-01
-4.236790606653620395e-01 2.728485275406863364e-01 7.271514724594754231e-01
-4.217221135029353696e-01 2.764115146581433979e-01 7.235884853420150309e-01
-4.197651663405088107e-01 2.799887485458739111e-01 7.200112514543038911e-01
-4.178082191780821408e-01 2.835781575112277242e-01 7.164218424889440273e-01
-4.158512720156555820e-01 2.871781185846749573e-01 7.128218814154858585e-01
-4.138943248532289676e-01 2.907869391835062878e-01 7.092130608166412609e-01
-4.119373776908022977e-01 2.944034021167839521e-01 7.055965978833655949e-01
-4.099804305283757389e-01 2.980260792353757182e-01 7.019739207647877066e-01
-4.080234833659490690e-01 3.016535317778366032e-01 6.983464682223305964e-01
-4.060665362035224546e-01 3.052841013422661343e-01 6.947158986579060613e-01
-4.041095890410958957e-01 3.089162481199689836e-01 6.910837518802068757e-01
-4.021526418786692814e-01 3.125486099303568244e-01 6.874513900698231428e-01
-4.001956947162426670e-01 3.161798935357850171e-01 6.838201064643980587e-01
-3.982387475538159971e-01 3.198089841914509845e-01 6.801910158087327574e-01
-3.962818003913894382e-01 3.234348445014296747e-01 6.765651554987505145e-01
-3.943248532289627684e-01 3.270561234493282177e-01 6.729438765508457543e-01
-3.923679060665361540e-01 3.306711998250785878e-01 6.693288001750896665e-01
-3.904109589041095951e-01 3.342789743309375616e-01 6.657210256692260852e-01
-3.884540117416829252e-01 3.378782669612008238e-01 6.621217330389601585e-01
-3.864970645792563664e-01 3.414683621429028260e-01 6.585316378572563245e-01
-3.845401174168296965e-01 3.450480310551243268e-01 6.549519689450357118e-01
-3.825831702544030821e-01 3.486162753935780345e-01 6.513837246065870001e-01
-3.806262230919765233e-01 3.521721116753524505e-01 6.478278883248147491e-01
-3.786692759295498534e-01 3.557146264106019751e-01 6.442853735895657241e-01
-3.767123287671232945e-01 3.592429381829196355e-01 6.407570618172446775e-01
-3.747553816046966246e-01 3.627561142539331707e-01 6.372438857462272566e-01
-3.727984344422700103e-01 3.662532971357690403e-01 6.337467028643883893e-01
-3.708414872798433959e-01 3.697336878428650886e-01 6.302663121572891214e-01
-3.688845401174168370e-01 3.731965139499245909e-01 6.268034860502271766e-01
-3.669275929549902227e-01 3.766410457919089350e-01 6.233589542082405011e-01
-3.649706457925635528e-01 3.800665670855787326e-01 6.199334329145692601e-01
-3.630136986301369384e-01 3.834724067284087656e-01 6.165275932717395602e-01
-3.610567514677103240e-01 3.868579463823554887e-01 6.131420536177916158e-01
-3.590998043052837096e-01 3.902225872582331112e-01 6.097774127419113288e-01
-3.571428571428571508e-01 3.935657749328340671e-01 6.064342250673047108e-01
-3.551859099804304809e-01 3.968869361652480610e-01 6.031130638348862760e-01
-3.532289628180038665e-01 4.001855747072549097e-01 5.998144252928764297e-01
-3.512720156555772522e-01 4.034612116697193773e-01 5.965387883304114069e-01
-3.493150684931506378e-01 4.067133946583897375e-01 5.932866053417447105e-01
-3.473581213307240789e-01 4.099416981964522644e-01 5.900583018036938965e-01
-3.454011741682974090e-01 4.131457227861153880e-01 5.868542772140543651e-01
-3.434442270058708502e-01 4.163251340726112359e-01 5.836748659275866613e-01
-3.414872798434441803e-01 4.194796511600416000e-01 5.805203488401757816e-01
-3.395303326810175659e-01 4.226089439452735963e-01 5.773910560549622151e-01
-3.375733855185909515e-01 4.257127472246795552e-01 5.742872527755713552e-01
-3.356164383561643372e-01 4.287908250882748185e-01 5.712091749119834194e-01
-3.336594911937377783e-01 4.318429706733162288e-01 5.681570293269370131e-01
-3.317025440313111084e-01 4.348690059178999534e-01 5.651309940823308064e-01
-3.297455968688844941e-01 4.378686073847207760e-01 5.621313926155033780e-01
-3.277886497064578797e-01 4.408416819761099559e-01 5.591583180241085360e-01
-3.258317025440312653e-01 4.437881041818164674e-01 5.562118958183959183e-01
-3.238747553816047065e-01 4.467077551303880734e-01 5.532922448698189832e-01
-3.219178082191780366e-01 4.496005347080768155e-01 5.503994652921275765e-01
-3.199608610567514777e-01 4.524663606831338392e-01 5.475336393170733285e-01
-3.180039138943248078e-01 4.553051905860187043e-01 5.446948094141930152e-01
-3.160469667318981379e-01 4.581170185554833685e-01 5.418829814447230220e-01
-3.140900195694715791e-01 4.609017972762656790e-01 5.390982027239359375e-01
-3.121330724070449647e-01 4.636595229204694690e-01 5.363404770797275400e-01
-3.101761252446184058e-01 4.663902076387673734e-01 5.336097923614256944e-01
-3.082191780821917360e-01 4.690938788521594183e-01 5.309061211480309295e-01
-3.062622309197651216e-01 4.717705785437291688e-01 5.282294214564600132e-01
-3.043052837573385072e-01 4.744203948183575159e-01 5.255796051818304448e-01
-3.023483365949118928e-01 4.770433926993847829e-01 5.229566073008025118e-01
-3.003913894324852785e-01 4.796396569968304768e-01 5.203603430033572064e-01
-2.984344422700586641e-01 4.822092895498298337e-01 5.177907104503589597e-01
-2.964774951076320497e-01 4.847524044965080270e-01 5.152475955036828204e-01
-2.945205479452054353e-01 4.872691276460922594e-01 5.127308723541006419e-01
-2.925636007827788210e-01 4.897595865681543259e-01 5.102404134320417395e-01
-2.906066536203522066e-01 4.922239056649089228e-01 5.077760943352915834e-01
-2.886497064579256477e-01 4.946622497848155442e-01 5.053377502153895140e-01
-2.866927592954989779e-01 4.970747780418388051e-01 5.029252219583713046e-01
-2.847358121330723080e-01 4.994616569914259729e-01 5.005383430087889662e-01
-2.827788649706456936e-01 5.018230599317314855e-01 4.981769400684876725e-01
-2.808219178082191347e-01 5.041591662048433564e-01 4.958408337953789657e-01
-2.788649706457925204e-01 5.064701843599841435e-01 4.935298156402411762e-01
-2.769080234833659060e-01 5.087563033777223742e-01 4.912436966225048329e-01
-2.749510763209392916e-01 5.110177180921596785e-01 4.889822819080673622e-01
-2.729941291585126772e-01 5.132546319455417727e-01 4.867453680546838246e-01
-2.710371819960860629e-01 5.154672519511382944e-01 4.845327480490823069e-01
-2.690802348336594485e-01 5.176557880588781302e-01 4.823442119413345885e-01
-2.671232876712328341e-01 5.198204680722673388e-01 4.801795319279354990e-01
-2.651663405088062198e-01 5.219615569484894468e-01 4.780384430517053973e-01
-2.632093933463796054e-01 5.240792519687345052e-01 4.759207480314517902e-01
-2.612524461839529355e-01 5.261737828407945239e-01 4.738262171593833338e-01
-2.592954990215263211e-01 5.282453812510627955e-01 4.717546187491079568e-01
-2.573385518590997623e-01 5.302942803746131251e-01 4.697057196255523537e-01
-2.553816046966731479e-01 5.323207143852786150e-01 4.676792856148849209e-01
-2.534246575342465335e-01 5.343249488335959363e-01 4.656750511665643799e-01
-2.514677103718199191e-01 5.363072217667511632e-01 4.636927782334053783e-01
-2.495107632093933048e-01 5.382677680191150227e-01 4.617322319810391873e-01
-2.475538160469666626e-01 5.402068305216851662e-01 4.597931694784683221e-01
-2.455968688845400483e-01 5.421246521877769453e-01 4.578753478123773202e-01
-2.436399217221134617e-01 5.440214755138155223e-01 4.559785244863417963e-01
-2.416829745596868473e-01 5.458975486613196759e-01 4.541024513388421946e-01
-2.397260273972602329e-01 5.477531412597362870e-01 4.522468587404302465e-01
-2.377690802348336185e-01 5.495884819351728456e-01 4.504115180649992389e-01
-2.358121330724069764e-01 5.514038150338596012e-01 4.485961849663188117e-01
-2.338551859099803620e-01 5.531993836524112806e-01 4.468006163477729054e-01
-2.318982387475537754e-01 5.549754293147919348e-01 4.450245706853974692e-01
-2.299412915851271055e-01 5.567321916492766753e-01 4.432678083509166145e-01
-2.279843444227005189e-01 5.584699366105942975e-01 4.415300633896039884e-01
-2.260273972602739045e-01 5.601889062137442865e-01 4.398110937864597170e-01
-2.240704500978472902e-01 5.618893315264124055e-01 4.381106684737967605e-01
-2.221135029354206758e-01 5.635714510676710365e-01 4.364285489325421818e-01
-2.201565557729940892e-01 5.652355012914136445e-01 4.347644987088034041e-01
-2.181996086105674748e-01 5.668817163551338467e-01 4.331182836450857554e-01
-2.162426614481408604e-01 5.685103323130809017e-01 4.314896676871400882e-01
-2.142857142857142461e-01 5.701216068155449124e-01 4.298783931846767992e-01
-2.123287671232876039e-01 5.717157555543377345e-01 4.282842444458844211e-01
-2.103718199608609618e-01 5.732930080329522449e-01 4.267069919672694112e-01
-2.084148727984343474e-01 5.748535913673860076e-01 4.251464086328349268e-01
-2.064579256360077331e-01 5.763977301248990326e-01 4.236022698753204585e-01
-2.045009784735811464e-01 5.779256461627739760e-01 4.220743538374434611e-01
-2.025440313111545321e-01 5.794375718187285695e-01 4.205624281814867027e-01
-2.005870841487279177e-01 5.809337285995972433e-01 4.190662714006148093e-01
-1.986301369863013033e-01 5.824143280154652214e-01 4.175856719847436116e-01
-1.966731898238747167e-01 5.838795844309903060e-01 4.161204155692153073e-01
-1.947162426614481023e-01 5.853297094367493347e-01 4.146702905634529479e-01
-1.927592954990214602e-01 5.867649117352902177e-01 4.132350882649092338e-01
-1.908023483365948458e-01 5.881853989454357556e-01 4.118146010547614755e-01
-1.888454011741682315e-01 5.895913936496061103e-01 4.104086063505880677e-01
-1.868884540117416448e-01 5.909830880660055241e-01 4.090169119341858783e-01
-1.849315068493149750e-01 5.923606826300793493e-01 4.076393173701093331e-01
-1.829745596868883606e-01 5.937243750111586005e-01 4.062756249890274729e-01
-1.810176125244617740e-01 5.950743600441201764e-01 4.049256399560634545e-01
-1.790606653620351596e-01 5.964108296610437510e-01 4.035891703391372154e-01
-1.771037181996085452e-01 5.977339819866827053e-01 4.022660180134964292e-01
-1.751467710371819031e-01 5.990440085457064967e-01 4.009559914544711390e-01
-1.731898238747552887e-01 6.003410906370207911e-01 3.996589093631562895e-01
-1.712328767123286744e-01 6.016254116442105726e-01 3.983745883559656753e-01
-1.692759295499020877e-01 6.028971522693198359e-01 3.971028477308567450e-01
-1.673189823874754734e-01 6.041564905005052388e-01 3.958435094996715642e-01
-1.653620352250488590e-01 6.054036020040520771e-01 3.945963979961255585e-01
-1.634050880626222724e-01 6.066386683776076039e-01 3.933613316225715306e-01
-1.614481409001956025e-01 6.078618559927299048e-01 3.921381440074513391e-01
-1.594911937377690159e-01 6.090733335507123591e-01 3.909266664494717158e-01
-1.575342465753424015e-01 6.102732671743857917e-01 3.897267328258018360e-01
-1.555772994129157316e-01 6.114618203954387265e-01 3.885381796047526759e-01
-1.536203522504891450e-01 6.126391541417379738e-01 3.873608458584582026e-01
-1.516634050880625306e-01 6.138054300660897855e-01 3.861945699341116645e-01
-1.497064579256359163e-01 6.149608066775757997e-01 3.850391933226307573e-01
-1.477495107632093296e-01 6.161054361774838117e-01 3.838945638227283519e-01
-1.457925636007827153e-01 6.172394704675381316e-01 3.827605295326796941e-01
-1.438356164383561009e-01 6.183630590110524849e-01 3.816369409891711140e-01
-1.418786692759294865e-01 6.194763488349298575e-01 3.805236511652991815e-01
-1.399217221135028999e-01 6.205794845554556405e-01 3.794205154447782835e-01
-1.379647749510762300e-01 6.216726148779012640e-01 3.783273851223365458e-01
-1.360078277886495879e-01 6.227558771685210992e-01 3.772441228317191531e-01
-1.340508806262229735e-01 6.238294100048087376e-01 3.761705899954327359e-01
-1.320939334637963869e-01 6.248933497391933045e-01 3.751066502610466702e-01
-1.301369863013697725e-01 6.259478305144152710e-01 3.740521694858212065e-01
-1.281800391389431582e-01 6.269929842788943830e-01 3.730070157213353776e-01
-1.262230919765165438e-01 6.280289422099394336e-01 3.719710577902822779e-01
-1.242661448140899433e-01 6.290558335081031238e-01 3.709441664921108717e-01
-1.223091976516633428e-01 6.300737831302546388e-01 3.699262168699510855e-01
-1.203522504892367284e-01 6.310829151173850127e-01 3.689170848828117188e-01
-1.183953033268100863e-01 6.320833515015920057e-01 3.679166484985955665e-01
-1.164383561643834719e-01 6.330752123284422161e-01 3.669247876717373069e-01
-1.144814090019568714e-01 6.340586156793310835e-01 3.659413843208412231e-01
-1.125244618395302570e-01 6.350336788030254143e-01 3.649663211971395094e-01
-1.105675146771036566e-01 6.360005155972021651e-01 3.639994844029563748e-01
-1.086105675146770005e-01 6.369592385708110482e-01 3.630407614293437168e-01
-1.066536203522504417e-01 6.379099584358958186e-01 3.620900415642577252e-01
-1.046966731898237857e-01 6.388527840906232935e-01 3.611472159095326928e-01
-1.027397260273972268e-01 6.397878226440485427e-01 3.602121773561143270e-01
-1.007827788649705292e-01 6.407151801511814515e-01 3.592848198489907441e-01
-9.882583170254388705e-02 6.416349612763492249e-01 3.583650387238313528e-01
-9.686888454011731431e-02 6.425472675644223752e-01 3.574527324357679170e-01
-9.491193737769067218e-02 6.434521996259308096e-01 3.565478003742705293e-01
-9.295499021526411332e-02 6.443498564685939956e-01 3.556501435316186677e-01
-9.099804305283745731e-02 6.452403355261251416e-01 3.547596644740985683e-01
-8.904109589041089845e-02 6.461237326870326036e-01 3.538762673132005432e-01
-8.708414872798424244e-02 6.470001423234227333e-01 3.529998576768171858e-01
-8.512720156555768358e-02 6.478696573198013953e-01 3.521303426804410774e-01
-8.317025440313102758e-02 6.487323691018775929e-01 3.512676308983611051e-01
-8.121330724070446871e-02 6.495883676653647631e-01 3.504116323348619444e-01
-7.925636007827781271e-02 6.504377416047844029e-01 3.495622583954207108e-01
-7.729941291585125385e-02 6.512805781422660312e-01 3.487194218579043326e-01
-7.534246575342459784e-02 6.521169595330749136e-01 3.478830404670622545e-01
-7.338551859099795571e-02 6.529469650635990607e-01 3.470530349365273937e-01
-7.142857142857129971e-02 6.537706822073219293e-01 3.462293177927935339e-01
-6.947162426614464370e-02 6.545881920475837834e-01 3.454118079525205776e-01
-6.751467710371808484e-02 6.553995743360322423e-01 3.446004256640625707e-01
-6.555772994129142883e-02 6.562049075164162470e-01 3.437950924836701283e-01
-6.360078277886486997e-02 6.570042687483894639e-01 3.429957312516910273e-01
-6.164383561643822090e-02 6.577977339313056948e-01 3.422022660687734641e-01
-5.968688845401166204e-02 6.585853777280157306e-01 3.414146222720667034e-01
-5.772994129158500604e-02 6.593672735886697556e-01 3.406327264114230591e-01
-5.577299412915844717e-02 6.601434937745106479e-01 3.398565062256001523e-01
-5.381604696673179117e-02 6.609141093816766066e-01 3.390858906184625043e-01
-5.185909980430523231e-02 6.616791903649963391e-01 3.383208096351828509e-01
-4.990215264187858324e-02 6.624388079292756748e-01 3.375611920709432612e-01
-4.794520547945192723e-02 6.631930342864430505e-01 3.368069657137883199e-01
-4.598825831702536837e-02 6.639419323001516382e-01 3.360580677000924998e-01
-4.403131115459871237e-02 6.646855681108320146e-01 3.353144318894244469e-01
-4.207436399217215350e-02 6.654240068842764977e-01 3.345759931159916212e-01
-4.011741682974550444e-02 6.661573128373825536e-01 3.338426871628959458e-01
-3.816046966731893864e-02 6.668855492638965377e-01 3.331144507363910101e-01
-3.620352250489228957e-02 6.676087785601571012e-01 3.323912214401371079e-01
-3.424657534246564050e-02 6.683270622508382663e-01 3.316729377494594955e-01
-3.228962818003898450e-02 6.690404610146947206e-01 3.309595389856028191e-01
-3.033268101761242563e-02 6.697490347103041142e-01 3.302509652899891512e-01
-2.837573385518577310e-02 6.704528424018096899e-01 3.295471575984731949e-01
-2.641878669275921077e-02 6.711519423846671328e-01 3.288480576155992097e-01
-2.446183953033255823e-02 6.718463880040511649e-01 3.281536119961974696e-01
-2.250489236790590569e-02 6.725362251850266482e-01 3.274637748152187111e-01
-2.054794520547934683e-02 6.732215191331543114e-01 3.267784808670872732e-01
-1.859099804305269429e-02 6.739023243714260536e-01 3.260976756288109790e-01
-1.663405088062613196e-02 6.745786947015853796e-01 3.254213052986467680e-01
-1.467710371819948116e-02 6.752506832268672099e-01 3.247493167733596642e-01
-1.272015655577291883e-02 6.759183423747381347e-01 3.240816576254826331e-01
-1.076320939334626803e-02 6.765817239196392219e-01 3.234182760805760504e-01
-8.806262230919707432e-03 6.772408790057238281e-01 3.227591209944861150e-01
-6.849315068493054028e-03 6.778958581695996299e-01 3.221041418306053727e-01
-4.892367906066493431e-03 6.785467113630694325e-01 3.214532886371309073e-01
-2.935420743639841328e-03 6.791934879758724231e-01 3.208065120243248636e-01
-9.784735812132805150e-04 6.798362368584229820e-01 3.201637631417726393e-01
9.784735812133715880e-04 6.804750028848403076e-01 3.195249971153532043e-01
2.935420743640114981e-03 6.811098210921728846e-01 3.188901789080136329e-01
4.892367906066675577e-03 6.817407489984875779e-01 3.182592510016918341e-01
6.849315068493328114e-03 6.823678325826865176e-01 3.176321674174853449e-01
8.806262230919889578e-03 6.829911173206366648e-01 3.170088826795277037e-01
1.076320939334654038e-02 6.836106482051774735e-01 3.163893517949794010e-01
1.272015655577310271e-02 6.842264697661262218e-01 3.157735302340233252e-01
1.467710371819975351e-02 6.848386260902858957e-01 3.151613739098560463e-01
1.663405088062631584e-02 6.854471608414521855e-01 3.145528391586827066e-01
1.859099804305296838e-02 6.860521172804199264e-01 3.139478827197078603e-01
2.054794520547952724e-02 6.866535382849905389e-01 3.133464617151306975e-01
2.250489236790617978e-02 6.872514663699775816e-01 3.127485336301372709e-01
2.446183953033274211e-02 6.878459437072159677e-01 3.121540562928933893e-01
2.641878669275939465e-02 6.884370092944969155e-01 3.115629907056072234e-01
2.837573385518604718e-02 6.890246887527414765e-01 3.109753112473576109e-01
3.033268101761260604e-02 6.896090353665327299e-01 3.103909646335614170e-01
3.228962818003926205e-02 6.901900890917647136e-01 3.098099109083252145e-01
3.424657534246582091e-02 6.907678895553370779e-01 3.092321104447494085e-01
3.620352250489246998e-02 6.913424760721186280e-01 3.086575239279651939e-01
3.816046966731912599e-02 6.919138876619095324e-01 3.080861123381726241e-01
4.011741682974577505e-02 6.924821630664035332e-01 3.075178369336775130e-01
4.207436399217233391e-02 6.930473407661510432e-01 3.069526592339295590e-01
4.403131115459898992e-02 6.936094589975216884e-01 3.063905410025598020e-01
4.598825831702554878e-02 6.941685557696655184e-01 3.058314442304178593e-01
4.794520547945220479e-02 6.947246688814771032e-01 3.052753311186091612e-01
4.990215264187876365e-02 6.952778359385568541e-01 3.047221640615337401e-01
5.185909980430541272e-02 6.958280933511535871e-01 3.041719066489421142e-01
5.381604696673206872e-02 6.963754687979567537e-01 3.036245312021429998e-01
5.577299412915862759e-02 6.969200063570769599e-01 3.030799936430267905e-01
5.772994129158528359e-02 6.974617424628166695e-01 3.025382575372918548e-01
5.968688845401184245e-02 6.980007133940908659e-01 3.019992866060222658e-01
6.164383561643849152e-02 6.985369552897291445e-01 3.014630447103889832e-01
6.360078277886505038e-02 6.990705041637741424e-01 3.009294958363493144e-01
6.555772994129170639e-02 6.996013959207805222e-01 3.003986040793475976e-01
6.751467710371826525e-02 7.001296663711173984e-01 2.998703336290153842e-01
6.947162426614492126e-02 7.006553512462658784e-01 2.993446487538711231e-01
7.142857142857148012e-02 7.011784862141197117e-01 2.988215137860211756e-01
7.338551859099813612e-02 7.016991068942849408e-01 2.983008931058588331e-01
7.534246575342477825e-02 7.022172488733799955e-01 2.977827511267658878e-01
7.729941291585143426e-02 7.027329478625485848e-01 2.972670521375981867e-01
7.925636007827809026e-02 7.032462424671372947e-01 2.967537575330129740e-01
8.121330724070464913e-02 7.037571661394290690e-01 2.962428338607246969e-01
8.317025440313130513e-02 7.042657546511756905e-01 2.957342453489812395e-01
8.512720156555786399e-02 7.047720438312299329e-01 2.952279561689296061e-01
8.708414872798452000e-02 7.052760695813282688e-01 2.947239304188336018e-01
8.904109589041107886e-02 7.057778678918713577e-01 2.942221321082917340e-01
9.099804305283773487e-02 7.062774748577096418e-01 2.937225251424547268e-01
9.295499021526429373e-02 7.067749266939218344e-01 2.932250733062425896e-01
9.491193737769093586e-02 7.072702597516011824e-01 2.927297402485627420e-01
9.686888454011750860e-02 7.077635105336351762e-01 2.922364894665276935e-01
9.882583170254415073e-02 7.082547157104888136e-01 2.917452842896715026e-01
1.007827788649707096e-01 7.087439121359884187e-01 2.912560878641688999e-01
1.027397260273973656e-01 7.092311368631012414e-01 2.907688631370516363e-01
1.046966731898240216e-01 7.097164459132563330e-01 2.902835540868942688e-01
1.066536203522505805e-01 7.101998640915540006e-01 2.898001359085944362e-01
1.086105675146772365e-01 7.106814300316933730e-01 2.893185699684529544e-01
1.105675146771037953e-01 7.111611827581247880e-01 2.888388172420187638e-01
1.125244618395304513e-01 7.116391616540977960e-01 2.883608383460439795e-01
1.144814090019570935e-01 7.121154064802122097e-01 2.878845935199279005e-01
1.164383561643837495e-01 7.125899573929788122e-01 2.874100426071601877e-01
1.183953033268103083e-01 7.130628549633748481e-01 2.869371450367635967e-01
1.203522504892369643e-01 7.135341401954002905e-01 2.864658598047382654e-01
1.223091976516635232e-01 7.140038545446356633e-01 2.859961454555046689e-01
1.242661448140901792e-01 7.144720399367968655e-01 2.855279600633460202e-01
1.262230919765167381e-01 7.149387387862944365e-01 2.850612612138527791e-01
1.281800391389433802e-01 7.154039940147878252e-01 2.845960059853652746e-01
1.301369863013700501e-01 7.158678844701655830e-01 2.841321155299897372e-01
1.320939334637966089e-01 7.163304325495022384e-01 2.836695674506550802e-01
1.340508806262232511e-01 7.167916828703253529e-01 2.832083171298339086e-01
1.360078277886498099e-01 7.172516826056479777e-01 2.827483173945133377e-01
1.379647749510764798e-01 7.177104796905857675e-01 2.822895203095784344e-01
1.399217221135030387e-01 7.181681228464908973e-01 2.818318771536758027e-01
1.418786692759296808e-01 7.186246616050909752e-01 2.813753383950787779e-01
1.438356164383562397e-01 7.190801463326207399e-01 2.809198536675520108e-01
1.457925636007828818e-01 7.195346282539609728e-01 2.804653717462149976e-01
1.477495107632094684e-01 7.199881594767720827e-01 2.800118405234070518e-01
1.497064579256361938e-01 7.204407930156301321e-01 2.795592069845518335e-01
1.516634050880628637e-01 7.208925828161636407e-01 2.791074171840214335e-01
1.536203522504894226e-01 7.213435837791872807e-01 2.786564162210006801e-01
1.555772994129160647e-01 7.217939100840927713e-01 2.782060899160984091e-01
1.575342465753426235e-01 7.222435874137880241e-01 2.777564125864067091e-01
1.594911937377692657e-01 7.226926708068578398e-01 2.773073291933402240e-01
1.614481409001958245e-01 7.231412227961879768e-01 2.768587772040134731e-01
1.634050880626224944e-01 7.235893072752607180e-01 2.764106927249435630e-01
1.653620352250490533e-01 7.240369895321105975e-01 2.759630104680963480e-01
1.673189823874756954e-01 7.244843362832792399e-01 2.755156637169296485e-01
1.692759295499022543e-01 7.249314157077708654e-01 2.750685842924398550e-01
1.712328767123289242e-01 7.253782974810054629e-01 2.746217025192062011e-01
1.731898238747554830e-01 7.258250528087764053e-01 2.741749471914357028e-01
1.751467710371821251e-01 7.262717544612031784e-01 2.737282455390080416e-01
1.771037181996087673e-01 7.267184768066885514e-01 2.732815231935214473e-01
1.790606653620353539e-01 7.271652958458703075e-01 2.728347041543365270e-01
1.810176125244619960e-01 7.276123790588785445e-01 2.723876209413280125e-01
1.829745596868885549e-01 7.280597653221499987e-01 2.719402346780556146e-01
1.849315068493151970e-01 7.285075261447797601e-01 2.714924738554248540e-01
1.868884540117418669e-01 7.289557502705560355e-01 2.710442497296476905e-01
1.888454011741685090e-01 7.294045287149300005e-01 2.705954712852723376e-01
1.908023483365950679e-01 7.298539548151978806e-01 2.701460451850029587e-01
1.927592954990217378e-01 7.303041242806822542e-01 2.696958757195173084e-01
1.947162426614482966e-01 7.307551352429118019e-01 2.692448647572858178e-01
1.966731898238749388e-01 7.312070883058062742e-01 2.687929116943900132e-01
1.986301369863014976e-01 7.316600865958542421e-01 2.683399134043403245e-01
2.005870841487281397e-01 7.321142358122975091e-01 2.678857641878954476e-01
2.025440313111548096e-01 7.325696442773119710e-01 2.674303557228798200e-01
2.045009784735813685e-01 7.330264229861873648e-01 2.669735770140035935e-01
2.064579256360080106e-01 7.334848141208241135e-01 2.665151858793650685e-01
2.084148727984345695e-01 7.339448885675743384e-01 2.660551114326129007e-01
2.103718199608612394e-01 7.344067435296506297e-01 2.655932564705348886e-01
2.123287671232877982e-01 7.348705102091107610e-01 2.651294897910728698e-01
2.142857142857144404e-01 7.353363234542442672e-01 2.646636765459376983e-01
2.162426614481409992e-01 7.358043218347489756e-01 2.641956781654312136e-01
2.181996086105676413e-01 7.362746477169137549e-01 2.637253522832652131e-01
2.201565557729942280e-01 7.367474473387970457e-01 2.632525526613812561e-01
2.221135029354208701e-01 7.372228708854066115e-01 2.627771291147708022e-01
2.240704500978475122e-01 7.377010725638819544e-01 2.622989274362952372e-01
2.260273972602741821e-01 7.381822106786716242e-01 2.618177893215054564e-01
2.279843444227008242e-01 7.386664477067159673e-01 2.613335522934620014e-01
2.299412915851273831e-01 7.391539503726248794e-01 2.608460496275541995e-01
2.318982387475540252e-01 7.396450572002923884e-01 2.603549427998871346e-01
2.338551859099806118e-01 7.401399025702648515e-01 2.598600974299151156e-01
2.358121330724072540e-01 7.406386250370766700e-01 2.593613749631035748e-01
2.377690802348338128e-01 7.411414217291646400e-01 2.588585782710166594e-01
2.397260273972604550e-01 7.416484954155396769e-01 2.583515045846419556e-01
2.416829745596870138e-01 7.421600546162381296e-01 2.578399453839446132e-01
2.436399217221136837e-01 7.426763137127665448e-01 2.573236862874169750e-01
2.455968688845402426e-01 7.431974930585514283e-01 2.568025069416327022e-01
2.475538160469668847e-01 7.437238190893890044e-01 2.562761809107964028e-01
2.495107632093934436e-01 7.442555244338889819e-01 2.557444755662969804e-01
2.514677103718200857e-01 7.447928480239283111e-01 2.552071519762587060e-01
2.534246575342467556e-01 7.453360352050937276e-01 2.546639647950936780e-01
2.553816046966733144e-01 7.458853378471348439e-01 2.541146621530530059e-01
2.573385518590999843e-01 7.464412010389580576e-01 2.535587989612310134e-01
2.592954990215265432e-01 7.470038679987163199e-01 2.529961320014733617e-01
2.612524461839531575e-01 7.475735485828806093e-01 2.524264514173099050e-01
2.632093933463798274e-01 7.481505371452833453e-01 2.518494628549076131e-01
2.651663405088064973e-01 7.487351363466530074e-01 2.512648636535383950e-01
2.671232876712330562e-01 7.493276573078131442e-01 2.506723426923789799e-01
2.690802348336597261e-01 7.499284197628799387e-01 2.500715802373121854e-01
2.710371819960862849e-01 7.505377522124634382e-01 2.494622477877289080e-01
2.729941291585128993e-01 7.511559920768644538e-01 2.488440079233278646e-01
2.749510763209394582e-01 7.517834858492735695e-01 2.482165141509175832e-01
2.769080234833661280e-01 7.524205892489732594e-01 2.475794107512169218e-01
2.788649706457926869e-01 7.530676673745320127e-01 2.469323326256564477e-01
2.808219178082193568e-01 7.537250948570067832e-01 2.462749051431794844e-01
2.827788649706459712e-01 7.543933787080948639e-01 2.456066212920891556e-01
2.847358121330726410e-01 7.550729168644194633e-01 2.449270831357625022e-01
2.866927592954990889e-01 7.557640600923878349e-01 2.442359399077912718e-01
2.886497064579257588e-01 7.564672336421029986e-01 2.435327663580730551e-01
2.906066536203524286e-01 7.571828739464498970e-01 2.428171260537226039e-01
2.925636007827790430e-01 7.579114288050761150e-01 2.420885711950923058e-01
2.945205479452055464e-01 7.586533575683704900e-01 2.413466424317936010e-01
2.964774951076322163e-01 7.594091313214419436e-01 2.405908686787170403e-01
2.984344422700589416e-01 7.601792330680997578e-01 2.398207669320539248e-01
3.003913894324856115e-01 7.609641579148316293e-01 2.390358420853162247e-01
3.023483365949122259e-01 7.617644132547833902e-01 2.382355867453579135e-01
3.043052837573387293e-01 7.625805189517383953e-01 2.374194810483957196e-01
3.062622309197653436e-01 7.634129771724449398e-01 2.365870228276830411e-01
3.082191780821920135e-01 7.642623480474155517e-01 2.357376519527069614e-01
3.101761252446186834e-01 7.651291916642291024e-01 2.348708083358876653e-01
3.121330724070451312e-01 7.660140774583732437e-01 2.339859225417381117e-01
3.140900195694718011e-01 7.669175880768346332e-01 2.330824119232716152e-01
3.160469667318984155e-01 7.678403195556701144e-01 2.321596804444315543e-01
3.180039138943250854e-01 7.687828814975782299e-01 2.312171185025198583e-01
3.199608610567515332e-01 7.697458972494671814e-01 2.302541027506273819e-01
3.219178082191782031e-01 7.707300040800308949e-01 2.292699959200618365e-01
3.238747553816049285e-01 7.717358533573137613e-01 2.282641466427781096e-01
3.258317025440315429e-01 7.727641107262848141e-01 2.272358892738073344e-01
3.277886497064582683e-01 7.738153534095628672e-01 2.261846465905308357e-01
3.297455968688846606e-01 7.748894980244100950e-01 2.251105019756821091e-01
3.317025440313113860e-01 7.759877972777573518e-01 2.240122027223345191e-01
3.336594911937379448e-01 7.771109188993217121e-01 2.228890811007703254e-01
3.356164383561646702e-01 7.782595407371928342e-01 2.217404592628989812e-01
3.375733855185910626e-01 7.794343507442957897e-01 2.205656492557965809e-01
3.395303326810177880e-01 7.806360469648478961e-01 2.193639530352451683e-01
3.414872798434443468e-01 7.818653375208217682e-01 2.181346624792724065e-01
3.434442270058711277e-01 7.831229405984045933e-01 2.168770594016908859e-01
3.454011741682974646e-01 7.844095844344587398e-01 2.155904155656380439e-01
3.473581213307242455e-01 7.857260073029834757e-01 2.142739926971147235e-01
3.493150684931508043e-01 7.870729575015742441e-01 2.129270424985254262e-01
3.512720156555775297e-01 7.884505710646361187e-01 2.115494289354646618e-01
3.532289628180040886e-01 7.898587995304318099e-01 2.101412004696710800e-01
3.551859099804306474e-01 7.912991723772541119e-01 2.087008276228509152e-01
3.571428571428574283e-01 7.927723627414011709e-01 2.072276372587060211e-01
3.590998043052839872e-01 7.942790434338043992e-01 2.057209565663044581e-01
3.610567514677107126e-01 7.958198865331078675e-01 2.041801134670027384e-01
3.630136986301371049e-01 7.973955629787419230e-01 2.026044370213695434e-01
3.649706457925638303e-01 7.990067421640034695e-01 2.009932578361085798e-01
3.669275929549903892e-01 8.006536281723675152e-01 1.993463718277449781e-01
3.688845401174171146e-01 8.023354325615190685e-01 1.976645674385943963e-01
3.708414872798435069e-01 8.040537154583128343e-01 1.959462845418017685e-01
3.727984344422702323e-01 8.058089304454494339e-01 1.941910695546658627e-01
3.747553816046967912e-01 8.076015061153334340e-01 1.923984938847829174e-01
3.767123287671235721e-01 8.094318447262238703e-01 1.905681552738931750e-01
3.786692759295501309e-01 8.113003208583902115e-01 1.886996791417280828e-01
3.806262230919766898e-01 8.132068564876667738e-01 1.867931435124522421e-01
3.825831702544032487e-01 8.151509894702719805e-01 1.848490105298470076e-01
3.845401174168299741e-01 8.171333935228193290e-01 1.828666064772994093e-01
3.864970645792565329e-01 8.191541257980909929e-01 1.808458742020266907e-01
3.884540117416830918e-01 8.212131855093395272e-01 1.787868144907770462e-01
3.904109589041098727e-01 8.233105113973785416e-01 1.766894886027367273e-01
3.923679060665364315e-01 8.254459791976727079e-01 1.745540208024398132e-01
3.943248532289631569e-01 8.276192528677691618e-01 1.723807471323411389e-01
3.962818003913895493e-01 8.298299186643626202e-01 1.701700813357456821e-01
3.982387475538162747e-01 8.320777162534649385e-01 1.679222837466421703e-01
4.001956947162428335e-01 8.343621833938386079e-01 1.656378166062669188e-01
4.021526418786695589e-01 8.366827739854991730e-01 1.633172260146056320e-01
4.041095890410961178e-01 8.390388550746497032e-01 1.609611449254550464e-01
4.060665362035226766e-01 8.414297038586218136e-01 1.585702961414839351e-01
4.080234833659492910e-01 8.438542220850102638e-01 1.561457779150964842e-01
4.099804305283760164e-01 8.463113397122408177e-01 1.536886602878663743e-01
4.119373776908025753e-01 8.488001077501254876e-01 1.511998922499825093e-01
4.138943248532291341e-01 8.513193125671820738e-01 1.486806874329266726e-01
4.158512720156556930e-01 8.538676213187650355e-01 1.461323786813446546e-01
4.178082191780824184e-01 8.564435780857442282e-01 1.435564219143662668e-01
4.197651663405089772e-01 8.590456000131871939e-01 1.409543999869241615e-01
4.217221135029355361e-01 8.616724493094019000e-01 1.383275506907103991e-01
4.236790606653620950e-01 8.643223729629991858e-01 1.356776270371145843e-01
4.256360078277888759e-01 8.669933530954281320e-01 1.330066469046864708e-01
4.275929549902154347e-01 8.696834042708532220e-01 1.303165957292624633e-01
4.295499021526421601e-01 8.723904152577959259e-01 1.276095847423208141e-01
4.315068493150687190e-01 8.751121464089877122e-01 1.248878535911293053e-01
4.334637964774952779e-01 8.778462270412237256e-01 1.221537729588928062e-01
4.354207436399220033e-01 8.805908492727616554e-01 1.194091507273544184e-01
4.373776908023486176e-01 8.833433264709202870e-01 1.166566735291952317e-01
4.393346379647751765e-01 8.861009081691169076e-01 1.138990918309980976e-01
4.412915851272017354e-01 8.888608520477506714e-01 1.111391479523629461e-01
4.432485322896284607e-01 8.916202968507873639e-01 1.083797031493244217e-01
4.452054794520550196e-01 8.943762612851550164e-01 1.056237387149543960e-01
4.471624266144815785e-01 8.971256429201410754e-01 1.028743570799656309e-01
4.491193737769081373e-01 8.998676743559546054e-01 1.001323256441497833e-01
4.510763209393348627e-01 9.025983470181947466e-01 9.740165298190682497e-02
4.530332681017614216e-01 9.053144919476969754e-01 9.468550805240226464e-02
4.549902152641882025e-01 9.080130570005613411e-01 9.198694299953609488e-02
4.569471624266145393e-01 9.106909397196578659e-01 8.930906028043769651e-02
4.589041095890413202e-01 9.133474564544659113e-01 8.665254354562798578e-02
4.608610567514678791e-01 9.159791619099990623e-01 8.402083809009358584e-02
4.628180039138946045e-01 9.185833231543911737e-01 8.141667684570075281e-02
4.647749510763211633e-01 9.211574754521021369e-01 7.884252454798929000e-02
4.667318982387477222e-01 9.236992466734135210e-01 7.630075332667851651e-02
4.686888454011745031e-01 9.262059082332290139e-01 7.379409176686303751e-02
4.706457925636010620e-01 9.286753173191280020e-01 7.132468268096472941e-02
4.726027397260276208e-01 9.311053359814234209e-01 6.889466401866961576e-02
4.745596868884541797e-01 9.334938979371678602e-01 6.650610206292575932e-02
4.765166340508809051e-01 9.358389742003641043e-01 6.416102579972964015e-02
4.784735812133074639e-01 9.381385492379564761e-01 6.186145076213830918e-02
4.804305283757341893e-01 9.403909464582225208e-01 5.960905354187263916e-02
4.823874755381605817e-01 9.425945319251596288e-01 5.740546807493621118e-02
4.843444227005873071e-01 9.447478095860929459e-01 5.525219041400351860e-02
4.863013698630138659e-01 9.468505808848608485e-01 5.314941911523567153e-02
4.882583170254406468e-01 9.489018264377661049e-01 5.109817356232966568e-02
4.902152641878670392e-01 9.509009170817005474e-01 4.909908291839382155e-02
4.921722113502937646e-01 9.528476219967916272e-01 4.715237800330030621e-02
4.941291585127203234e-01 9.547407293107788018e-01 4.525927068931039077e-02
4.960861056751470488e-01 9.565770919049567667e-01 4.342290809513045524e-02
4.980430528375734411e-01 9.583572764261774068e-01 4.164272357390813584e-02
5.000000000000002220e-01 9.600803656190660673e-01 3.991963438101879535e-02
