5.000000000000000000e-01 1.000000000000000000e+00 0.000000000000000000e+00
4.980430528375733301e-01 9.999999985382335144e-01 3.776625808141671095e-09
4.960861056751467713e-01 9.999999982934260068e-01 4.076082663968581083e-09
4.941291585127201569e-01 9.999999977848211818e-01 4.411643954340305902e-09
4.921722113502935980e-01 9.999999972630394529e-01 4.749004943668340175e-09
4.902152641878669281e-01 9.999999969019970347e-01 5.167985435145015608e-09
4.882583170254402583e-01 9.999999965580238515e-01 5.595633484371989750e-09
4.863013698630136994e-01 9.999999962140508902e-01 6.023281533598963893e-09
4.843444227005870295e-01 9.999999958700778180e-01 6.450929582825938863e-09
4.823874755381604706e-01 1.000000012246130332e+00 7.091646729570138350e-09
4.804305283757338563e-01 1.000000032595257826e+00 7.782994156912491853e-09
4.784735812133072974e-01 1.000000052944385098e+00 8.474341584254842047e-09
4.765166340508806275e-01 1.000000073293513037e+00 9.165689011597197203e-09
4.745596868884539576e-01 1.000000093642640753e+00 9.857036438939545743e-09
4.726027397260273988e-01 1.000000113991768247e+00 1.054838386628189925e-08
4.706457925636007844e-01 1.000000134340895741e+00 1.123973129362425275e-08
4.686888454011742255e-01 1.000000154690023457e+00 1.193107872096660460e-08
4.667318982387475557e-01 1.000000198788402628e+00 1.333623673249568990e-08
4.647749510763208858e-01 1.000000257691509464e+00 1.518636757572559002e-08
4.628180039138943269e-01 1.000000316594616301e+00 1.703649841895549344e-08
4.608610567514677125e-01 1.000000375497723581e+00 1.888662926218539687e-08
4.589041095890410982e-01 1.000000434400830418e+00 2.073676010541529699e-08
4.569471624266144838e-01 1.000000493303937699e+00 2.258689094864519049e-08
4.549902152641878139e-01 1.000000552207044535e+00 2.443702179187510054e-08
4.530332681017612551e-01 1.000000611110151372e+00 2.628715263510499735e-08
4.510763209393345852e-01 1.000000670013258430e+00 2.813728347833489416e-08
4.491193737769080263e-01 1.000000728916365489e+00 2.998741432156480420e-08
4.471624266144814119e-01 1.000000787819472325e+00 3.183754516479470763e-08
4.452054794520548531e-01 1.000000846722579606e+00 3.368767600802461106e-08
4.432485322896281832e-01 1.000000905625686443e+00 3.553780685125450125e-08
4.412915851272015133e-01 1.000000964528793723e+00 3.738793769448440468e-08
4.393346379647749544e-01 1.000001023431900560e+00 3.923806853771430811e-08
4.373776908023483401e-01 1.000001082335007396e+00 4.108819938094421815e-08
4.354207436399216702e-01 1.000001119491081836e+00 4.586413334384304483e-08
4.334637964774951113e-01 1.000001084656978012e+00 6.032548453047315158e-08
4.315068493150684414e-01 1.000001049822874188e+00 7.478683571710325833e-08
4.295499021526418826e-01 1.000001014988770365e+00 8.924818690373341802e-08
4.275929549902152127e-01 1.000000980154666763e+00 1.037095380903635248e-07
4.256360078277886538e-01 1.000000945320563606e+00 1.181708892769936183e-07
4.236790606653620395e-01 1.000000910486459782e+00 1.326322404636237647e-07
4.217221135029353696e-01 1.000000875652355958e+00 1.470935916502538847e-07
4.197651663405088107e-01 1.000000840818252579e+00 1.615549428368840312e-07
4.178082191780821408e-01 1.000000805984148755e+00 1.760162940235141776e-07
4.158512720156555265e-01 1.000000771150045376e+00 1.904776452101442976e-07
4.138943248532289676e-01 1.000000736315941774e+00 2.049389963967743382e-07
4.119373776908022977e-01 1.000000701481837950e+00 2.194003475834044847e-07
4.099804305283757389e-01 1.000000666647734349e+00 2.338616987700346576e-07
4.080234833659491245e-01 1.000000631813630747e+00 2.483230499566646188e-07
4.060665362035224546e-01 1.000000596979527145e+00 2.627844011432947917e-07
4.041095890410958957e-01 1.000000562145423544e+00 2.772457523299249646e-07
4.021526418786692814e-01 1.000000527311319942e+00 2.917071035165550317e-07
4.001956947162426670e-01 1.000000492477216119e+00 3.061684547031852046e-07
3.982387475538159971e-01 1.000000457643112739e+00 3.206298058898153775e-07
3.962818003913894382e-01 1.000000422809009137e+00 3.350911570764453916e-07
3.943248532289627684e-01 1.000000387974905314e+00 3.495525082630755645e-07
3.923679060665362095e-01 1.000000353140801490e+00 3.640138594497057375e-07
3.904109589041095951e-01 1.000000318306698333e+00 3.784752106363357516e-07
3.884540117416829808e-01 1.000000283472594509e+00 3.929365618229659245e-07
3.864970645792563664e-01 1.000000248638490685e+00 4.073979130095960974e-07
3.845401174168296965e-01 1.000000213804387084e+00 4.218592641962262704e-07
3.825831702544031376e-01 1.000000178970283482e+00 4.363206153828563374e-07
3.806262230919765233e-01 1.000000144136180102e+00 4.507819665694864045e-07
3.786692759295498534e-01 1.000000109302076279e+00 4.652433177561165774e-07
3.767123287671232945e-01 1.000000074467972677e+00 4.797046689427466444e-07
3.747553816046966246e-01 1.000000039633869076e+00 4.941660201293767115e-07
3.727984344422700103e-01 1.000000004799765474e+00 5.086273713160069903e-07
3.708414872798433959e-01 9.999998642998011444e-01 6.363603158546126148e-07
3.688845401174168370e-01 9.999996017375494262e-01 8.949414802998145253e-07
3.669275929549902227e-01 9.999993391752974858e-01 1.153522644745016330e-06
3.649706457925635528e-01 9.999990766130456565e-01 1.412103809190214958e-06
3.630136986301369939e-01 9.999988140507940493e-01 1.670684973635415704e-06
3.610567514677103240e-01 9.999985514885421090e-01 1.929266138080618991e-06
3.590998043052837096e-01 9.999982889262905017e-01 2.187847302525818043e-06
3.571428571428571508e-01 9.999980263640388944e-01 2.446428466971018365e-06
3.551859099804304809e-01 9.999977638017869541e-01 2.705009631416220382e-06
3.532289628180039220e-01 9.999975012395353469e-01 2.963590795861419857e-06
3.512720156555772522e-01 9.999972386772837396e-01 3.222171960306619332e-06
3.493150684931506378e-01 9.999969761150317993e-01 3.480753124751821772e-06
3.473581213307240789e-01 9.999967135527800810e-01 3.739334289197022518e-06
3.454011741682974646e-01 9.999964509905283627e-01 3.997915453642220723e-06
3.434442270058707947e-01 9.999961884282764224e-01 4.256496618087424857e-06
3.414872798434441803e-01 9.999959258660248151e-01 4.515077782532621367e-06
3.395303326810176214e-01 9.999956633037732079e-01 4.773658946977822960e-06
3.375733855185909515e-01 9.999954007415212676e-01 5.032240111423025400e-06
3.356164383561643372e-01 9.999951381792696603e-01 5.290821275868226146e-06
3.336594911937377783e-01 9.999948756170180530e-01 5.549402440313426892e-06
3.317025440313111084e-01 9.999946130547661127e-01 5.807983604758628485e-06
3.297455968688845496e-01 9.999943504925142834e-01 6.066564769203826690e-06
3.277886497064578797e-01 9.999940879302626762e-01 6.325145933649026588e-06
3.258317025440312653e-01 9.999938253680107358e-01 6.583727098094228181e-06
3.238747553816047065e-01 9.999935628057592396e-01 6.842308262539428927e-06
3.219178082191780366e-01 9.999933002435075213e-01 7.100889426984631367e-06
3.199608610567514222e-01 9.999930376812555810e-01 7.359470591429831266e-06
3.180039138943248078e-01 9.999927751190039737e-01 7.618051755875029471e-06
3.160469667318982490e-01 9.999925125567523665e-01 7.876632920320232758e-06
3.140900195694715791e-01 9.999922499945004262e-01 8.135214084765430962e-06
3.121330724070449647e-01 9.999919874322485969e-01 8.393795249210635943e-06
3.101761252446184058e-01 9.999917248699969896e-01 8.652376413655834148e-06
3.082191780821917360e-01 9.999914623077450493e-01 8.910957578101035741e-06
3.062622309197651216e-01 9.999911997454934420e-01 9.169538742546237334e-06
3.043052837573385072e-01 9.999909371832418348e-01 9.428119906991435539e-06
3.023483365949118928e-01 9.999906746209898944e-01 9.686701071436637132e-06
3.003913894324853340e-01 9.999904120587382872e-01 9.945282235881838724e-06
2.984344422700586641e-01 9.999901494964866799e-01 1.020386340032703693e-05
2.964774951076320497e-01 9.999898869342347396e-01 1.046244456477223852e-05
2.945205479452054353e-01 9.999896243719829103e-01 1.072102572921744350e-05
2.925636007827788210e-01 9.999885073795586887e-01 1.183491865147044630e-05
2.906066536203522066e-01 9.999865594910996025e-01 1.378056491131872930e-05
2.886497064579256477e-01 9.999846116026405163e-01 1.572621117116700383e-05
2.866927592954989779e-01 9.999826637141815411e-01 1.767185743101527497e-05
2.847358121330723635e-01 9.999807158257223438e-01 1.961750369086355289e-05
2.827788649706457491e-01 9.999787679372635907e-01 2.156314995071183081e-05
2.808219178082191347e-01 9.999768200488043934e-01 2.350879621056007823e-05
2.788649706457925759e-01 9.999748721603455293e-01 2.545444247040835276e-05
2.769080234833659615e-01 9.999729242718862210e-01 2.740008873025662729e-05
2.749510763209392916e-01 9.999709763834272458e-01 2.934573499010490860e-05
2.729941291585126772e-01 9.999690284949682706e-01 3.129138124995318651e-05
2.710371819960860629e-01 9.999670806065092954e-01 3.323702750980146443e-05
2.690802348336594485e-01 9.999651327180503202e-01 3.518267376964974235e-05
2.671232876712328896e-01 9.999631848295912340e-01 3.712832002949797961e-05
2.651663405088062753e-01 9.999612369411321477e-01 3.907396628934625075e-05
2.632093933463796054e-01 9.999592890526731725e-01 4.101961254919453544e-05
2.612524461839529910e-01 9.999573411642141973e-01 4.296525880904281336e-05
2.592954990215263766e-01 9.999553932757552221e-01 4.491090506889109806e-05
2.573385518590997623e-01 9.999534453872962469e-01 4.685655132873936242e-05
2.553816046966732034e-01 9.999514974988371607e-01 4.880219758858760646e-05
2.534246575342465335e-01 9.999478512623753979e-01 5.246863310079170775e-05
2.514677103718199191e-01 9.999426896853172986e-01 5.767043227721606563e-05
2.495107632093933048e-01 9.999375281082587552e-01 6.287223145364038285e-05
2.475538160469667182e-01 9.999323665312005449e-01 6.807403063006475428e-05
2.455968688845400483e-01 9.999272049541423346e-01 7.327582980648909860e-05
2.436399217221134617e-01 9.999220433770841243e-01 7.847762898291344292e-05
2.416829745596868473e-01 9.999168818000259140e-01 8.367942815933770593e-05
2.397260273972602329e-01 9.999117202229674817e-01 8.888122733576200960e-05
2.377690802348336185e-01 9.999065586459091604e-01 9.408302651218634037e-05
2.358121330724070319e-01 9.999013970688508390e-01 9.928482568861071180e-05
2.338551859099803620e-01 9.998962354917926287e-01 1.044866248650350561e-04
2.318982387475537754e-01 9.998910739147341964e-01 1.096884240414594004e-04
2.299412915851271610e-01 9.998859123376759861e-01 1.148902232178836364e-04
2.279843444227005467e-01 9.998807507606177758e-01 1.200920223943079807e-04
2.260273972602739323e-01 9.998755891835595655e-01 1.252938215707322979e-04
2.240704500978473457e-01 9.998704276065012442e-01 1.304956207471566422e-04
2.221135029354206758e-01 9.998652660294429229e-01 1.356974199235810408e-04
2.201565557729940892e-01 9.998601044523844905e-01 1.408992191000053851e-04
2.181996086105674748e-01 9.998549428753262802e-01 1.461010182764296752e-04
2.162426614481408604e-01 9.998497812982680699e-01 1.513028174528539653e-04
2.142857142857142461e-01 9.998277447066337142e-01 1.733242159059431714e-04
2.123287671232876039e-01 9.997918992845375996e-01 2.091090984615905177e-04
2.103718199608609896e-01 9.997560538624413740e-01 2.448939810172378099e-04
2.084148727984344029e-01 9.997202084403453703e-01 2.806788635728851562e-04
2.064579256360077886e-01 9.996843630182492557e-01 3.164637461285325025e-04
2.045009784735811742e-01 9.996511696396905844e-01 3.503475240520298375e-04
2.025440313111545876e-01 9.996207424321257307e-01 3.822483856264397061e-04
2.005870841487279177e-01 9.995903152245609880e-01 4.141492472008496831e-04
1.986301369863013033e-01 9.995598880169960232e-01 4.460501087752596601e-04
1.966731898238747167e-01 9.995294608094311695e-01 4.779509703496695287e-04
1.947162426614481023e-01 9.994925527291602663e-01 5.136354133450533052e-04
1.927592954990214880e-01 9.994470176128661398e-01 5.543563837800036427e-04
1.908023483365949013e-01 9.994014824965717914e-01 5.950773542149547391e-04
1.888454011741682315e-01 9.993559473802775539e-01 6.357983246499058355e-04
1.868884540117415893e-01 9.993104122639833164e-01 6.765192950848575824e-04
1.849315068493150305e-01 9.992581201832322346e-01 7.235378232560842971e-04
1.829745596868884161e-01 9.991942474804174079e-01 7.813496057844566446e-04
1.810176125244617740e-01 9.991303747776023592e-01 8.391613883128317027e-04
1.790606653620352151e-01 9.990665020747877545e-01 8.969731708412043755e-04
1.771037181996085452e-01 9.990026293719729278e-01 9.547849533695789998e-04
1.751467710371819586e-01 9.989320767647038579e-01 1.020431282210313307e-03
1.731898238747553720e-01 9.988412302460236702e-01 1.109879386944164457e-03
1.712328767123286744e-01 9.987423034482130202e-01 1.208804471700315481e-03
1.692759295499021155e-01 9.986352963712717967e-01 1.317206536478759873e-03
1.673189823874754734e-01 9.985202090152003329e-01 1.435085581279505872e-03
1.653620352250488590e-01 9.983966483505277711e-01 1.562155574395906674e-03
1.634050880626222169e-01 9.982634391015283715e-01 1.697561195434248637e-03
1.614481409001956580e-01 9.981215511917991279e-01 1.842008317420166337e-03
1.594911937377690436e-01 9.979709846213394853e-01 1.995496940353664542e-03
1.575342465753424015e-01 9.978117393901497767e-01 2.158027064234750193e-03
1.555772994129158426e-01 9.976415780647257536e-01 2.330191070422525136e-03
1.536203522504891728e-01 9.974607054502555581e-01 2.511934734835847075e-03
1.516634050880625861e-01 9.972699237022657481e-01 2.703045679328015555e-03
1.497064579256359163e-01 9.970692328207564348e-01 2.903523903899044890e-03
1.477495107632093296e-01 9.968577543653136530e-01 3.114101011230385740e-03
1.457925636007827708e-01 9.966293691106247188e-01 3.339873353418320798e-03
1.438356164383561009e-01 9.963883735541414488e-01 3.577262623948680373e-03
1.418786692759294865e-01 9.961347676958647313e-01 3.826268822821444950e-03
1.399217221135028444e-01 9.958685515357935669e-01 4.086891950036633178e-03
1.379647749510762855e-01 9.955818588207503428e-01 4.366824090731170026e-03
1.360078277886496712e-01 9.952728043588273676e-01 4.667908696459671311e-03
1.340508806262230290e-01 9.949458983669490220e-01 4.985735411773266346e-03
1.320939334637964702e-01 9.946011408451154168e-01 5.320304236671929976e-03
1.301369863013697725e-01 9.942349504438363628e-01 5.675422134061489619e-03
1.281800391389432137e-01 9.936902621171682659e-01 6.218048738954484733e-03
1.262230919765165438e-01 9.930312774341427673e-01 6.879937991457300839e-03
1.242661448140899433e-01 9.922506040928382731e-01 7.669192065563960534e-03
1.223091976516633844e-01 9.915781689534983734e-01 8.347509561636372311e-03
1.203522504892367284e-01 9.909466798751370709e-01 8.985185416658950097e-03
1.183953033268101279e-01 9.903292454179914994e-01 9.608308721085135479e-03
1.164383561643834719e-01 9.896105070430624151e-01 1.033119298155519769e-02
1.144814090019569131e-01 9.888217832284611486e-01 1.112187705216307471e-02
1.125244618395302570e-01 9.879748910379313465e-01 1.197135322776159139e-02
1.105675146771036566e-01 9.870528483847692547e-01 1.289604287806144292e-02
1.086105675146770561e-01 9.860597979160743431e-01 1.389167273987246091e-02
1.066536203522504000e-01 9.850059371503173677e-01 1.494782793131681220e-02
1.046966731898238412e-01 9.838849857438705104e-01 1.607092288449817399e-02
1.027397260273971852e-01 9.826949990268445401e-01 1.726226590189292032e-02
1.007827788649705847e-01 9.814357501851607157e-01 1.852210886553334879e-02
9.882583170254401195e-02 9.800915254962221379e-01 1.986660577532096961e-02
9.686888454011736982e-02 9.786521891026078723e-01 2.130610596942703744e-02
9.491193737769075545e-02 9.771095141776733328e-01 2.284888920832316150e-02
9.295499021526411332e-02 9.754440859296114041e-01 2.451467858608933487e-02
9.099804305283754058e-02 9.736474707471023393e-01 2.631203125188944641e-02
8.904109589041089845e-02 9.717206014228209066e-01 2.823981037810549544e-02
8.708414872798424244e-02 9.696586199285350816e-01 3.030284418336309793e-02
8.512720156555768358e-02 9.674640650650927487e-01 3.249848483421111101e-02
8.317025440313102758e-02 9.651472788054475949e-01 3.481622193996181808e-02
8.121330724070446871e-02 9.627153069806950736e-01 3.724878700143804955e-02
7.925636007827781271e-02 9.601584256431670017e-01 3.980594918002910987e-02
7.729941291585125385e-02 9.574845291696512106e-01 4.247960233268552321e-02
7.534246575342459784e-02 9.546475100346822895e-01 4.531616190963023982e-02
7.338551859099795571e-02 9.515898334166630335e-01 4.837357098842646336e-02
7.142857142857138297e-02 9.482886043146743216e-01 5.167491860772067958e-02
6.947162426614474084e-02 9.447835382428075857e-01 5.518045077304815915e-02
6.751467710371818198e-02 9.410340022297760676e-01 5.893107977441717354e-02
6.555772994129152598e-02 9.370674355883279460e-01 6.289898064011505141e-02
6.360078277886486997e-02 9.328782800340529313e-01 6.708975653805056283e-02
6.164383561643831111e-02 9.284823787839027176e-01 7.148736115053783147e-02
5.968688845401166204e-02 9.239163381672079733e-01 7.605474235144009387e-02
5.772994129158509624e-02 9.191830901552286992e-01 8.078889034778365119e-02
5.577299412915844717e-02 9.142751120432818235e-01 8.569701661720810493e-02
5.381604696673188831e-02 9.092067428945166396e-01 9.076457865619041998e-02
5.185909980430523231e-02 9.039301070578040775e-01 9.603978360743914422e-02
4.990215264187858324e-02 8.984022802781548300e-01 1.015658371572717433e-01
4.794520547945201744e-02 8.926039117409765300e-01 1.073621936950433231e-01
4.598825831702536837e-02 8.864487135992691336e-01 1.135161616878259533e-01
4.403131115459880951e-02 8.799114119479145568e-01 1.200531346534134958e-01
4.207436399217215350e-02 8.729766669979772686e-01 1.269885850724920828e-01
4.011741682974550444e-02 8.656221705552882284e-01 1.343450176461704892e-01
3.816046966731884843e-02 8.578938968894003203e-01 1.420762327938318581e-01
3.620352250489228957e-02 8.499709394038132970e-01 1.500020814127275004e-01
3.424657534246573071e-02 8.419458261652921216e-01 1.580294675354535494e-01
3.228962818003907470e-02 8.337802261265356840e-01 1.661959102173497516e-01
3.033268101761251584e-02 8.255962446143811917e-01 1.743781231622894001e-01
2.837573385518577310e-02 8.172416696499196220e-01 1.827293957469138252e-01
2.641878669275921077e-02 8.084277044421414038e-01 1.915408478717740004e-01
2.446183953033255823e-02 7.990639241823165317e-01 2.009034654570844292e-01
2.250489236790599937e-02 7.894021570100180352e-01 2.105646194484674660e-01
2.054794520547943704e-02 7.792746297889444618e-01 2.206932483557884073e-01
1.859099804305278450e-02 7.687098794027612536e-01 2.312599851168294363e-01
1.663405088062613196e-02 7.576957514392884674e-01 2.422769463837313730e-01
1.467710371819948116e-02 7.462967097639428005e-01 2.536799182245000339e-01
1.272015655577291883e-02 7.347308519789598202e-01 2.652509408165839577e-01
1.076320939334635823e-02 7.230049442691331985e-01 2.769832746251428279e-01
8.806262230919707432e-03 7.112738902514357253e-01 2.887174630034827771e-01
6.849315068493054028e-03 6.996161211241888056e-01 3.003749541505357223e-01
4.892367906066402358e-03 6.879940556651744643e-01 3.119934171661596367e-01
2.935420743639841328e-03 6.763331560292999978e-01 3.236478509386058189e-01
9.784735812131892252e-04 6.645840804295312099e-01 3.353879573197591224e-01
-9.784735812133715880e-04 6.520492444965536594e-01 3.479194414828368775e-01
-2.935420743639932401e-03 6.390477110660625071e-01 3.609195504133757559e-01
-4.892367906066584504e-03 6.257014194179374433e-01 3.742656199341001244e-01
-6.849315068493237041e-03 6.120126670983792039e-01 3.879553388404931025e-01
-8.806262230919889578e-03 5.980061541369098288e-01 4.019640537971819194e-01
-1.076320939334645017e-02 5.837861656698697388e-01 4.161872675651271392e-01
-1.272015655577310271e-02 5.692972526232490393e-01 4.306805419947008495e-01
-1.467710371819966331e-02 5.547802959940952849e-01 4.452011582402340961e-01
-1.663405088062631584e-02 5.401523317366495602e-01 4.598327133378797837e-01
-1.859099804305296838e-02 5.255348589780850510e-01 4.744527049813781483e-01
-2.054794520547952724e-02 5.111208183655121529e-01 4.888666069017433280e-01
-2.250489236790617978e-02 4.968978779951134794e-01 5.030867204104709778e-01
-2.446183953033274211e-02 4.822497306149018392e-01 5.177335696052605130e-01
-2.641878669275930097e-02 4.674596445264909694e-01 5.325229609886172888e-01
-2.837573385518595351e-02 4.525916835544936401e-01 5.473904888427776338e-01
-3.033268101761260604e-02 4.376923693877363686e-01 5.622894854632961570e-01
-3.228962818003926205e-02 4.227759268436884765e-01 5.772057088066648856e-01
-3.424657534246582091e-02 4.078614978673015257e-01 5.921199931631051516e-01
-3.620352250489246998e-02 3.929857736882971797e-01 6.069956014538312461e-01
-3.816046966731903578e-02 3.781376691046453020e-01 6.218436327018179721e-01
-4.011741682974568485e-02 3.633631085116718062e-01 6.366185908327417486e-01
-4.207436399217233391e-02 3.486910332239794297e-01 6.512918044576626597e-01
-4.403131115459889972e-02 3.340950700533092954e-01 6.658894007912053992e-01
-4.598825831702554878e-02 3.196550327587158735e-01 6.803310107724048761e-01
-4.794520547945210764e-02 3.053852771020073575e-01 6.946021787596570185e-01
-4.990215264187876365e-02 2.912582000885705069e-01 7.087306997946085652e-01
-5.185909980430532251e-02 2.773745656005947025e-01 7.226156039476013815e-01
-5.381604696673197852e-02 2.637209265565267913e-01 7.362703657975131488e-01
-5.577299412915862759e-02 2.502786978229365467e-01 7.497136084816651280e-01
-5.772994129158518645e-02 2.371348213494409718e-01 7.628581859730055870e-01
-5.968688845401184245e-02 2.242919399193843422e-01 7.757014492848273157e-01
-6.164383561643840131e-02 2.117677094212239153e-01 7.882257010852915524e-01
-6.360078277886505038e-02 1.995844817305105767e-01 8.004085370326499138e-01
-6.555772994129170639e-02 1.877646087227971827e-01 8.122275527851532395e-01
-6.751467710371826525e-02 1.763278664355421022e-01 8.236630522783044972e-01
-6.947162426614492126e-02 1.652808004913850493e-01 8.347092501167516776e-01
-7.142857142857148012e-02 1.546534992704579059e-01 8.453356076744458214e-01
-7.338551859099813612e-02 1.444665289355478444e-01 8.555215981365182909e-01
-7.534246575342477825e-02 1.347404556494438133e-01 8.652466946880985610e-01
-7.729941291585135099e-02 1.254958455749334290e-01 8.744903705143178829e-01
-7.925636007827799312e-02 1.166988994569816696e-01 8.832866379052758399e-01
-8.121330724070456586e-02 1.082984579561514366e-01 8.916869246976339980e-01
-8.317025440313120799e-02 1.003639344209405898e-01 8.996217008333666776e-01
-8.512720156555776685e-02 9.290511605056467337e-02 9.070812528979111944e-01
-8.708414872798442286e-02 8.593179004423831535e-02 9.140558674767049752e-01
-8.904109589041107886e-02 7.945374360117701817e-02 9.205358311551847805e-01
-9.099804305283763772e-02 7.334735394568145384e-02 9.266439269542505741e-01
-9.295499021526429373e-02 6.760181860046771130e-02 9.323908901457688136e-01
-9.491193737769085259e-02 6.226520661147914165e-02 9.377289876075964870e-01
-9.686888454011750860e-02 5.733169232825806316e-02 9.426640118641416155e-01
-9.882583170254415073e-02 5.279545010034755737e-02 9.472017554398111105e-01
-1.007827788649708067e-01 4.865065427729003966e-02 9.513480108590122164e-01
-1.027397260273973656e-01 4.474076966630851498e-02 9.552582821145945147e-01
-1.046966731898239245e-01 4.111730245539349515e-02 9.588814095725927134e-01
-1.066536203522505805e-01 3.777498322128713948e-02 9.622226332138286153e-01
-1.086105675146771393e-01 3.469586427538302875e-02 9.652997873226658587e-01
-1.105675146771037953e-01 3.186199792907433437e-02 9.681307061834695249e-01
-1.125244618395304513e-01 2.926220013113079235e-02 9.707283940258646382e-01
-1.144814090019570102e-01 2.687868555458794440e-02 9.731105691883752407e-01
-1.164383561643836523e-01 2.469236139364145918e-02 9.752958837074774401e-01
-1.183953033268102251e-01 2.268609478672950139e-02 9.773015899825217012e-01
-1.203522504892368672e-01 2.084368384939061514e-02 9.791439125116052633e-01
-1.223091976516635232e-01 1.916625850647640447e-02 9.808199395664942699e-01
-1.242661448140900821e-01 1.762872485130215564e-02 9.823557134171492233e-01
-1.262230919765168213e-01 1.621585502785929944e-02 9.837663831269811698e-01
-1.281800391389433802e-01 1.491242118013958937e-02 9.850670977593996014e-01
-1.301369863013699391e-01 1.371759952446088143e-02 9.862588168778840814e-01
-1.320939334637964979e-01 1.263934439045629604e-02 9.873338526970640849e-01
-1.340508806262231678e-01 1.165134606279811212e-02 9.883182710571105645e-01
-1.360078277886498932e-01 1.074274841351939742e-02 9.892229144174866651e-01
-1.379647749510764798e-01 9.902695314653417458e-03 9.900586252376548657e-01
-1.399217221135030387e-01 9.131026690486203357e-03 9.908271830914396894e-01
-1.418786692759295975e-01 8.417554657192774861e-03 9.915388642275095865e-01
-1.438356164383562397e-01 7.750266323656484005e-03 9.922054912437832108e-01
-1.457925636007828818e-01 7.119900096456455857e-03 9.928365555326291725e-01
-1.477495107632095517e-01 6.523820666413898510e-03 9.934344629759046530e-01
-1.497064579256361105e-01 6.053627544536795656e-03 9.939008538099645129e-01
-1.516634050880626694e-01 5.657097960285992037e-03 9.942911579744708739e-01
-1.536203522504892283e-01 5.336210902948870273e-03 9.946028472646821772e-01
-1.555772994129159814e-01 5.092945361812794766e-03 9.948333934758557540e-01
-1.575342465753426235e-01 4.789745173693319043e-03 9.951282626155064648e-01
-1.594911937377691824e-01 4.278051849897238253e-03 9.956452068402346089e-01
-1.614481409001957413e-01 3.712951290261463227e-03 9.962199082314637799e-01
-1.634050880626224944e-01 3.295291802829045970e-03 9.966445829663257427e-01
-1.653620352250490533e-01 3.032459610470883415e-03 9.969115897674822868e-01
-1.673189823874756121e-01 2.837050640597990267e-03 9.971101553750427726e-01
-1.692759295499022543e-01 2.615394606495592515e-03 9.973342182320716898e-01
-1.712328767123288131e-01 2.414252038363585290e-03 9.975370344025502600e-01
-1.731898238747555663e-01 2.222238532282452134e-03 9.977311033800493334e-01
-1.751467710371821251e-01 2.043994128661150676e-03 9.979113306373835757e-01
-1.771037181996086840e-01 1.886140267536349537e-03 9.980703971746369696e-01
-1.790606653620353539e-01 1.746290792213471207e-03 9.982109405269302682e-01
-1.810176125244619127e-01 1.613402980194187861e-03 9.983446461641458658e-01
-1.829745596868886381e-01 1.488038217770422042e-03 9.984709200847263766e-01
-1.849315068493151970e-01 1.371743136069190558e-03 9.985881258017970108e-01
-1.868884540117417559e-01 1.264517735090483867e-03 9.986962633153584346e-01
-1.888454011741683425e-01 1.165138845262035736e-03 9.987966922252515811e-01
-1.908023483365949846e-01 1.072778678355929948e-03 9.988903326498052015e-01
-1.927592954990216267e-01 9.884512171971261696e-04 9.989760575082622385e-01
-1.947162426614482966e-01 9.121564617856361100e-04 9.990538668006228029e-01
-1.966731898238748555e-01 8.428910135824334814e-04 9.991247816902375511e-01
-1.986301369863014143e-01 7.743533129080854872e-04 9.991952153036423034e-01
-2.005870841487281397e-01 7.109024047323147383e-04 9.992607314205377289e-01
-2.025440313111546986e-01 6.525382890551286071e-04 9.993213300409236055e-01
-2.045009784735813685e-01 5.992609658765244915e-04 9.993770111648008214e-01
-2.064579256360079274e-01 5.524371186448997009e-04 9.994246595108385867e-01
-2.084148727984344862e-01 5.116018838625265540e-04 9.994653347103492624e-01
-2.103718199608612394e-01 4.765047086645992150e-04 9.994996078850966192e-01
-2.123287671232877982e-01 4.471455930511237555e-04 9.995274790350805461e-01
-2.142857142857143571e-01 4.188352559365794356e-04 9.995545665419761638e-01
-2.162426614481409992e-01 3.881203344097560078e-04 9.995850079933028542e-01
-2.181996086105675581e-01 3.590648360696680093e-04 9.996139341680855273e-01
-2.201565557729943112e-01 3.316687609163141391e-04 9.996413450663241829e-01
-2.221135029354208701e-01 3.059321089496965657e-04 9.996672406880187101e-01
-2.240704500978474289e-01 2.818548801698161563e-04 9.996916210331695529e-01
-2.260273972602740711e-01 2.594370745766703089e-04 9.997144861017761563e-01
-2.279843444227006299e-01 2.386786921702594572e-04 9.997358358938390754e-01
-2.299412915851273831e-01 2.195797329505831674e-04 9.997556704093577551e-01
-2.318982387475539420e-01 2.016551777046268583e-04 9.997738726150544597e-01
-2.338551859099805008e-01 1.851565002724585643e-04 9.997905031906035855e-01
-2.358121330724070597e-01 1.701898523685562228e-04 9.998055877500067190e-01
-2.377690802348338128e-01 1.567552339929202676e-04 9.998191262932640822e-01
-2.397260273972604550e-01 1.448526451455511323e-04 9.998311188203763411e-01
-2.416829745596870138e-01 1.344820858264483832e-04 9.998415653313419416e-01
-2.436399217221135727e-01 1.256435560356115866e-04 9.998504658261624378e-01
-2.455968688845401593e-01 1.161665888844243093e-04 9.998599281376205905e-01
-2.475538160469668847e-01 1.045254617797336527e-04 9.998714339598708811e-01
-2.495107632093934436e-01 9.314674111086116218e-05 9.998826267510032562e-01
-2.514677103718200857e-01 8.203042687780943976e-05 9.998935065110177156e-01
-2.534246575342466445e-01 7.117651908057718441e-05 9.999040732399140374e-01
-2.553816046966732034e-01 6.058501771916309508e-05 9.999143269376924437e-01
-2.573385518590999843e-01 5.025592279356803915e-05 9.999242676043533784e-01
-2.592954990215265432e-01 4.088014793899837421e-05 9.999332489036096838e-01
-2.612524461839531575e-01 4.192346103434364812e-05 9.999324157934585955e-01
-2.632093933463797164e-01 4.577824800260045165e-05 9.999288850491114822e-01
-2.651663405088063308e-01 5.244450884376878480e-05 9.999226566705680108e-01
-2.671232876712330562e-01 6.192224355784994860e-05 9.999137306578281814e-01
-2.690802348336596150e-01 7.421145214484264202e-05 9.999021070108924381e-01
-2.710371819960861739e-01 8.931213460474686505e-05 9.998877857297598926e-01
-2.729941291585128438e-01 1.072242909375621840e-04 9.998707668144313221e-01
-2.749510763209394582e-01 1.066176016608793610e-04 9.998717981539189115e-01
-2.769080234833661280e-01 9.363226871629375114e-05 9.998849072062503396e-01
-2.788649706457926869e-01 7.599039106284156964e-05 9.999025827265853872e-01
-2.808219178082192458e-01 5.369196870052325016e-05 9.999248247149242763e-01
-2.827788649706459156e-01 2.673700162933835903e-05 9.999516331712667849e-01
-2.847358121330725300e-01 2.276196665834933491e-05 9.999565072393341580e-01
-2.866927592954991999e-01 2.424309556621397771e-05 9.999562506118073735e-01
-2.886497064579257588e-01 3.087956460805230119e-05 9.999511517511737724e-01
-2.906066536203523176e-01 4.267137378386560639e-05 9.999412106574334658e-01
-2.925636007827788765e-01 5.165247596403783545e-05 9.999336547885093740e-01
-2.945205479452056019e-01 3.625080526987057433e-05 9.999480561097588982e-01
-2.964774951076322163e-01 1.400950512154457497e-05 9.999684980280646451e-01
-2.984344422700588306e-01 -1.507142448094146367e-05 9.999949805434273920e-01
-3.003913894324853895e-01 -5.099198353758754160e-05 1.000027503655847028e+00
-3.023483365949119483e-01 -5.411793347650161942e-05 1.000029721928469284e+00
-3.043052837573387293e-01 -9.771208828518711947e-06 9.999881752641437416e-01
-3.062622309197652881e-01 5.531836234548776279e-05 9.999273754817654680e-01
-3.082191780821919025e-01 1.411507800455182385e-04 9.998473225813342413e-01
-3.101761252446184614e-01 2.477260442715744498e-04 9.997480165628501725e-01
-3.121330724070452423e-01 1.997546799563584830e-04 9.997950061848077663e-01
-3.140900195694718011e-01 1.164332426806424965e-04 9.998754109813000612e-01
-3.160469667318983600e-01 3.311180540492651009e-05 9.999558157777921341e-01
-3.180039138943249188e-01 6.387920799955440487e-06 9.999811424042401864e-01
-3.199608610567515332e-01 5.704812397713809879e-06 9.999811273289341829e-01
-3.219178082191782031e-01 5.161027764398907342e-06 9.999810811519549425e-01
-3.238747553816047620e-01 5.015613135908938980e-06 9.999809460456141608e-01
-3.258317025440315429e-01 4.870198507418970618e-06 9.999808109392730460e-01
-3.277886497064581017e-01 4.642943627787467914e-06 9.999808249699313478e-01
-3.297455968688846606e-01 4.399322026709968220e-06 9.999808688255678035e-01
-3.317025440313113860e-01 4.155700425632902206e-06 9.999809126812040372e-01
-3.336594911937379448e-01 3.912078824555402512e-06 9.999809565368406039e-01
-3.356164383561645037e-01 3.668457223477469137e-06 9.999810003924769486e-01
-3.375733855185910626e-01 3.322616417905915193e-06 9.999813043637197918e-01
-3.395303326810176214e-01 2.974881438906878256e-06 9.999816131550358644e-01
-3.414872798434443468e-01 2.627146459907841319e-06 9.999819219463521591e-01
-3.434442270058709057e-01 2.279411480908804383e-06 9.999822307376682318e-01
-3.454011741682974646e-01 2.018421037157294012e-06 9.999824564014132555e-01
-3.473581213307242455e-01 2.336575642491924704e-06 9.999821270685703700e-01
-3.493150684931508043e-01 2.654730247826555395e-06 9.999817977357270404e-01
-3.512720156555775297e-01 2.972884853161619767e-06 9.999814684028840439e-01
-3.532289628180040886e-01 3.291039458496250458e-06 9.999811390700407143e-01
-3.551859099804306474e-01 3.549554567897940383e-06 9.999808671208505473e-01
-3.571428571428572063e-01 3.600408945506235192e-06 9.999807949776973182e-01
-3.590998043052839872e-01 3.567849293978353487e-06 9.999808030934664860e-01
-3.610567514677105461e-01 3.451875613315162628e-06 9.999808914681583838e-01
-3.630136986301371049e-01 3.252487903515795253e-06 9.999810601017723455e-01
-3.649706457925636638e-01 2.969686164580685045e-06 9.999813089943092592e-01
-3.669275929549902227e-01 2.603470396509832002e-06 9.999816381457684589e-01
-3.688845401174169480e-01 2.153840599303236125e-06 9.999820475561507216e-01
-3.708414872798435069e-01 1.620796772960897414e-06 9.999825372254551592e-01
-3.727984344422702323e-01 1.004338917481948507e-06 9.999831071536822158e-01
-3.747553816046967912e-01 7.743821498285355376e-07 9.999833157321971200e-01
-3.767123287671233500e-01 9.325454844817324118e-07 9.999831614395110480e-01
-3.786692759295501309e-01 1.166130397067203367e-06 9.999829381379903293e-01
-3.806262230919766898e-01 1.475136887584948403e-06 9.999826458276348529e-01
-3.825831702544032487e-01 1.859564956035401201e-06 9.999822845084451739e-01
-3.845401174168298075e-01 2.319414602418561760e-06 9.999818541804206262e-01
-3.864970645792565329e-01 2.854685826733996401e-06 9.999813548435610988e-01
-3.884540117416830918e-01 3.465378628981705122e-06 9.999807864978675909e-01
-3.904109589041096506e-01 4.151493009161254244e-06 9.999801491433392142e-01
-3.923679060665362095e-01 4.913028967273944808e-06 9.999794427799764129e-01
-3.943248532289629904e-01 4.064068756401417737e-06 9.999802680147407141e-01
-3.962818003913895493e-01 2.702229229083457501e-06 9.999815827723724793e-01
-3.982387475538162747e-01 1.050423106209626145e-06 9.999831754199756118e-01
-4.001956947162428335e-01 -8.913496122205100125e-07 9.999850459575507777e-01
-4.021526418786693924e-01 -3.123088926206083610e-06 9.999871943850979772e-01
-4.041095890410959512e-01 -5.644794835747962009e-06 9.999896207026172101e-01
-4.060665362035226766e-01 -8.456467340845711528e-06 9.999923249101083655e-01
-4.080234833659492910e-01 -1.155810644149846481e-05 9.999953070075714434e-01
-4.099804305283758499e-01 -1.494971213770752289e-05 9.999985669950064437e-01
-4.119373776908024087e-01 -1.676200526879194005e-05 1.000000298549213351e+00
-4.138943248532291341e-01 -8.399154097764576637e-06 9.999921953398082097e-01
-4.158512720156556930e-01 1.907800210136645358e-06 9.999822111924837609e-01
-4.178082191780822519e-01 1.415885765491302697e-05 9.999703461072403377e-01
-4.197651663405089772e-01 2.835401823656413453e-05 9.999566000840778290e-01
-4.217221135029355361e-01 4.449328195509083539e-05 9.999409731229966791e-01
-4.236790606653623170e-01 6.257664881049312955e-05 9.999234652239961108e-01
-4.256360078277888759e-01 8.260411880276884861e-05 9.999040763870767901e-01
-4.275929549902154347e-01 1.045756919319201610e-04 9.998828066122383840e-01
-4.295499021526419936e-01 1.284913681979457656e-04 9.998596558994812256e-01
-4.315068493150685525e-01 1.338089115189783698e-04 9.998547574934438797e-01
-4.334637964774952779e-01 1.112203332122533445e-04 9.998772340627830602e-01
-4.354207436399218367e-01 8.191433076030520122e-05 9.999063187723647994e-01
-4.373776908023483956e-01 4.589090416313437379e-05 9.999420116221895416e-01
-4.393346379647749544e-01 3.150053420739127447e-06 9.999843126122569537e-01
-4.412915851272017354e-01 -5.040628997359831998e-06 1.000993985531618780e+00
-4.432485322896284607e-01 -1.353249290227294399e-06 1.002443193950909528e+00
-4.452054794520550196e-01 1.179683144302001718e-05 1.004275705089329174e+00
-4.471624266144815785e-01 3.440961320238123539e-05 1.006491518946877717e+00
-4.491193737769081373e-01 4.974439330390593994e-05 1.008041270969029846e+00
-4.510763209393348627e-01 3.753879589497030947e-05 1.007654846070915822e+00
-4.530332681017614216e-01 1.782338687298387972e-05 1.006587828695831188e+00
-4.549902152641879804e-01 -2.405023138992486847e-06 1.005282503792009674e+00
-4.569471624266145393e-01 -6.075620626833696386e-06 1.004817957857302879e+00
-4.589041095890410982e-01 -4.070915807721006002e-06 1.004506281681738056e+00
-4.608610567514678791e-01 1.396739245045682670e-06 1.004319844731895728e+00
-4.628180039138944379e-01 1.420484766480670236e-06 1.004097211433342851e+00
-4.647749510763211633e-01 1.444230287916091482e-06 1.003874578134790196e+00
-4.667318982387477222e-01 1.337801171486050628e-06 1.003656051624923773e+00
-4.686888454011742811e-01 4.094564677184844848e-07 1.003463455155581663e+00
-4.706457925636010620e-01 -5.188882360492984985e-07 1.003270858686239553e+00
-4.726027397260276208e-01 -1.390542745370549824e-06 1.003083580328693714e+00
-4.745596868884541797e-01 -1.162082942693810211e-06 1.002999503785101831e+00
-4.765166340508807385e-01 -9.336231400168537586e-07 1.002915427241509727e+00
-4.784735812133072974e-01 -7.051633373403309868e-07 1.002831350697917845e+00
-4.804305283757340228e-01 -4.767035346633745341e-07 1.002747274154325963e+00
-4.823874755381605817e-01 -2.482437319866349218e-07 1.002663197610733858e+00
-4.843444227005871405e-01 -1.978392930989530951e-08 1.002579121067141976e+00
-4.863013698630138659e-01 2.301975002955668204e-08 1.002500678207163043e+00
-4.882583170254404248e-01 3.895315413477741517e-08 1.002423050718240116e+00
-4.902152641878672057e-01 5.488655824064866962e-08 1.002345423229316967e+00
-4.921722113502937646e-01 7.081996234586940275e-08 1.002267795740393819e+00
-4.941291585127203234e-01 8.675336645152381676e-08 1.002190168251470892e+00
-4.960861056751468823e-01 1.026867705569613903e-07 1.002112540762547743e+00
-4.980430528375736077e-01 8.176530670329223982e-08 1.002055135136693753e+00
-5.000000000000002220e-01 4.490778548983317964e-08 1.002006473451263924e+00
-5.000000000000000000e-01 4.490778548983317964e-08 1.002006473451263924e+00
-4.980430528375733301e-01 5.358911763127249817e-09 1.002001321497216768e+00
-4.960861056751467713e-01 5.778427721340670398e-09 1.001969266391829372e+00
-4.941291585127201569e-01 6.248000065456685292e-09 1.001937514302079224e+00
-4.921722113502935980e-01 6.720067580959915299e-09 1.001905783349646750e+00
-4.902152641878669281e-01 7.305143080943779510e-09 1.001877635112520704e+00
-4.882583170254402583e-01 7.902219429159473840e-09 1.001849867340737443e+00
-4.863013698630136994e-01 8.499295777375168170e-09 1.001822099568953961e+00
-4.843444227005870295e-01 9.096372125807702935e-09 1.001794331797170479e+00
-4.823874755381604706e-01 9.843178894360093967e-09 1.001766924190305108e+00
-4.804305283757338563e-01 1.062556516883382540e-08 1.001739602167183385e+00
-4.784735812133072974e-01 1.140795144309071640e-08 1.001712280144060996e+00
-4.765166340508806275e-01 1.219033771778128827e-08 1.001684958120939273e+00
-4.745596868884539576e-01 1.335916577360762858e-08 1.001664813763919470e+00
-4.726027397260273988e-01 1.468430735904538431e-08 1.001647572732513591e+00
-4.706457925636007844e-01 1.600944894491682091e-08 1.001630331701108156e+00
-4.686888454011742255e-01 1.733459053078825751e-08 1.001613090669702277e+00
-4.667318982387475557e-01 1.865973211665969411e-08 1.001595849638296398e+00
-4.647749510763208858e-01 1.998487370253113071e-08 1.001578608606890963e+00
-4.628180039138943269e-01 2.131001528840256731e-08 1.001561367575485084e+00
-4.608610567514677125e-01 2.263515687427400391e-08 1.001544126544079649e+00
-4.589041095890410982e-01 2.445091091792320204e-08 1.001528667481993429e+00
-4.569471624266144838e-01 2.671953799990474387e-08 1.001514853314663833e+00
-4.549902152641878139e-01 2.898816508231996658e-08 1.001501039147334682e+00
-4.530332681017612551e-01 3.125679216451834885e-08 1.001487224980005308e+00
-4.510763209393345852e-01 3.352541924649989069e-08 1.001473410812676157e+00
-4.491193737769080263e-01 3.579404632891511340e-08 1.001459596645346339e+00
-4.471624266144814119e-01 3.806267341111349567e-08 1.001445782478017188e+00
-4.452054794520548531e-01 4.048447172465274857e-08 1.001429972324376028e+00
-4.432485322896281832e-01 4.379366423863141622e-08 1.001402598467430405e+00
-4.412915851272015133e-01 4.710285675239324343e-08 1.001375224610484782e+00
-4.393346379647749544e-01 5.041204926593823021e-08 1.001347850753539159e+00
-4.373776908023483401e-01 5.372124177948321699e-08 1.001320476896593314e+00
-4.354207436399216702e-01 5.703043429346188464e-08 1.001293103039647914e+00
-4.334637964774951113e-01 6.033962680700687142e-08 1.001265729182702291e+00
-4.315068493150684414e-01 6.364881932033501777e-08 1.001238355325756668e+00
-4.295499021526418826e-01 6.846350367032717765e-08 1.001219225292533155e+00
-4.275929549902152127e-01 7.371677138547430563e-08 1.001202496869113334e+00
-4.256360078277886538e-01 7.897003910062143361e-08 1.001185768445693292e+00
-4.236790606653620395e-01 8.422330681555172116e-08 1.001169040022273249e+00
-4.217221135029353696e-01 8.947657453048200871e-08 1.001152311598853206e+00
-4.197651663405088107e-01 9.472984224562913669e-08 1.001135583175433386e+00
-4.178082191780821408e-01 9.998310996077626467e-08 1.001118854752013121e+00
-4.158512720156555265e-01 1.063372178471133633e-07 1.001103676624012895e+00
-4.138943248532289676e-01 1.148258044140603590e-07 1.001091504447836789e+00
-4.119373776908022977e-01 1.240195607395307154e-07 1.001080325350833355e+00
-4.099804305283757389e-01 1.339184868233075920e-07 1.001070139333002373e+00
-4.080234833659491245e-01 1.445225826658246698e-07 1.001060946394344064e+00
-4.060665362035224546e-01 1.558318482662145871e-07 1.001052746534857985e+00
-4.041095890410958957e-01 1.678462836253447055e-07 1.001045539754545022e+00
-4.021526418786692814e-01 1.805658887434318655e-07 1.001039326053404732e+00
-4.001956947162426670e-01 1.939906636196087053e-07 1.001034105431436227e+00
-3.982387475538159971e-01 2.081206082543089059e-07 1.001029877888641284e+00
-3.962818003913894382e-01 2.229557226473156267e-07 1.001026643425018570e+00
-3.943248532289627684e-01 2.384960067986288679e-07 1.001024402040568306e+00
-3.923679060665362095e-01 2.547414607088991506e-07 1.001023153735290716e+00
-3.904109589041095951e-01 2.716920843774759536e-07 1.001022898509185577e+00
-3.884540117416829808e-01 2.893478778041424365e-07 1.001023636362253333e+00
-3.864970645792563664e-01 3.095465808265925045e-07 1.001019288781728855e+00
-3.845401174168296965e-01 3.317153601230336118e-07 1.001011750472504680e+00
-3.825831702544031376e-01 3.549530938071546182e-07 1.001004001987524594e+00
-3.806262230919765233e-01 3.792597818813407684e-07 1.000996043326787932e+00
-3.786692759295498534e-01 4.046354243429899772e-07 1.000987874490294915e+00
-3.767123287671232945e-01 4.310800211931864467e-07 1.000979495478046211e+00
-3.747553816046966246e-01 4.585935724321470175e-07 1.000970906290040929e+00
-3.727984344422700103e-01 4.871760780587874873e-07 1.000962106926279294e+00
-3.708414872798433959e-01 5.168275380748425796e-07 1.000953097386761748e+00
-3.688845401174168370e-01 5.475479524787944113e-07 1.000943877671488069e+00
-3.669275929549902227e-01 5.793373212715103443e-07 1.000934447780457814e+00
-3.649706457925635528e-01 6.121956444527735380e-07 1.000924807713671427e+00
-3.630136986301369939e-01 6.461229220225839925e-07 1.000914957471129130e+00
-3.610567514677103240e-01 6.811191539809417078e-07 1.000904897052830256e+00
-3.590998043052837096e-01 7.171843403274130030e-07 1.000894626458775249e+00
-3.571428571428571508e-01 7.605338557768997337e-07 1.000887997913751271e+00
-3.551859099804304809e-01 8.063970964684516463e-07 1.000882054646961672e+00
-3.532289628180039220e-01 8.542014276219801056e-07 1.000876441745309542e+00
-3.512720156555772522e-01 9.039468492385693138e-07 1.000871159208794658e+00
-3.493150684931506378e-01 9.556333613180024306e-07 1.000866207037417688e+00
-3.473581213307240789e-01 1.009260963860279456e-06 1.000861585231178186e+00
-3.454011741682974646e-01 1.064829656864966709e-06 1.000857293790075708e+00
-3.434442270058707947e-01 1.122339440332931551e-06 1.000853332714111144e+00
-3.414872798434441803e-01 1.181790314262872940e-06 1.000849702003283825e+00
-3.395303326810176214e-01 1.243182278656091919e-06 1.000846401657594420e+00
-3.375733855185909515e-01 1.306515333511937965e-06 1.000843431677042261e+00
-3.356164383561643372e-01 1.371789478831278442e-06 1.000840792061627349e+00
-3.336594911937377783e-01 1.439004714612595465e-06 1.000838482811350350e+00
-3.317025440313111084e-01 1.508161040856756396e-06 1.000836503926210597e+00
-3.297455968688845496e-01 1.632655005417635308e-06 1.000834456325387478e+00
-3.277886497064578797e-01 2.055013200500093590e-06 1.000830527387738478e+00
-3.258317025440312653e-01 2.522773181763866834e-06 1.000826603994038333e+00
-3.238747553816047065e-01 3.035934949210472925e-06 1.000822686144287488e+00
-3.219178082191780366e-01 3.594498502838177137e-06 1.000818773838485942e+00
-3.199608610567514222e-01 4.198463842648280514e-06 1.000814867076633030e+00
-3.180039138943248078e-01 4.847830968640349375e-06 1.000810965858729418e+00
-3.160469667318982490e-01 5.542599880813950039e-06 1.000807070184774883e+00
-3.140900195694715791e-01 6.282770579170166708e-06 1.000803180054769204e+00
-3.121330724070449647e-01 7.068343063707481500e-06 1.000799295468712380e+00
-3.101761252446184058e-01 7.899317334427412296e-06 1.000795416426604856e+00
-3.082191780821917360e-01 8.775693391328874896e-06 1.000791542928446187e+00
-3.062622309197651216e-01 9.697471234412736660e-06 1.000787674974237040e+00
-3.043052837573385072e-01 1.066465086367813023e-05 1.000783812563976527e+00
-3.023483365949118928e-01 1.167723227912570612e-05 1.000779955697665091e+00
-3.003913894324853340e-01 1.273521548075481381e-05 1.000776104375302733e+00
-2.984344422700586641e-01 1.383860046856610383e-05 1.000772258596889897e+00
-2.964774951076320497e-01 1.498738724255957618e-05 1.000768418362425471e+00
-2.945205479452054353e-01 1.618157580273501400e-05 1.000764583671910124e+00
-2.925636007827788210e-01 1.742116614909198363e-05 1.000760754525344076e+00
-2.906066536203522066e-01 1.870615828163135243e-05 1.000756930922727106e+00
-2.886497064579256477e-01 2.003655220035225303e-05 1.000753112864059213e+00
-2.866927592954989779e-01 2.141234790525511911e-05 1.000749300349339954e+00
-2.847358121330723635e-01 2.283354539634060119e-05 1.000745493378570217e+00
-2.827788649706457491e-01 2.430014467360696456e-05 1.000741691951749557e+00
-2.808219178082191347e-01 2.581214573705594394e-05 1.000737896068877752e+00
-2.788649706457925759e-01 2.736954858668645511e-05 1.000734105729954804e+00
-2.769080234833659615e-01 2.897235322249936545e-05 1.000730320934981155e+00
-2.749510763209392916e-01 3.062055964449445812e-05 1.000726541683956583e+00
-2.729941291585126772e-01 3.231416785267086575e-05 1.000722767976880867e+00
-2.710371819960860629e-01 3.483211577769650645e-05 1.000717972288809543e+00
-2.690802348336594485e-01 3.783706627004130435e-05 1.000712599613268194e+00
-2.671232876712328896e-01 4.096408940588557729e-05 1.000707131342399636e+00
-2.651663405088062753e-01 4.421318518522889159e-05 1.000701567476203868e+00
-2.632093933463796054e-01 4.758435360807124724e-05 1.000695908014681113e+00
-2.612524461839529910e-01 5.107759467441329478e-05 1.000690152957831591e+00
-2.592954990215263766e-01 5.469290838425373315e-05 1.000684302305655082e+00
-2.573385518590997623e-01 5.843029473759364656e-05 1.000678356058151142e+00
-2.553816046966732034e-01 6.228975373443325185e-05 1.000672314215320657e+00
-2.534246575342465335e-01 6.627128537477146482e-05 1.000666176777162741e+00
-2.514677103718199191e-01 7.037488965860893599e-05 1.000659943743678060e+00
-2.495107632093933048e-01 7.460056658594588219e-05 1.000653615114866168e+00
-2.475538160469667182e-01 7.894831615678165292e-05 1.000647190890727289e+00
-2.455968688845400483e-01 8.341813837111646500e-05 1.000640671071261423e+00
-2.436399217221134617e-01 8.801003322895096896e-05 1.000634055656468346e+00
-2.416829745596868473e-01 9.272400073028429744e-05 1.000627344646348060e+00
-2.397260273972602329e-01 9.756004087511666728e-05 1.000620538040901009e+00
-2.377690802348336185e-01 1.025181536634485122e-04 1.000613635840127191e+00
-2.358121330724070319e-01 1.075983390952796152e-04 1.000606638044025942e+00
-2.338551859099803620e-01 1.128005971706093260e-04 1.000599544652597706e+00
-2.318982387475537754e-01 1.181249278894389455e-04 1.000592355665842481e+00
-2.299412915851271610e-01 1.235713312517671726e-04 1.000585071083760269e+00
-2.279843444227005467e-01 1.291398072575946580e-04 1.000577690906350847e+00
-2.260273972602739323e-01 1.348303559069218352e-04 1.000570215133614660e+00
-2.240704500978473457e-01 1.406429771997476201e-04 1.000562643765551041e+00
-2.221135029354206758e-01 1.465776711360724464e-04 1.000554976802160656e+00
-2.201565557729940892e-01 1.526344377158971814e-04 1.000547214243443062e+00
-2.181996086105674748e-01 1.588132769392203072e-04 1.000539356089398701e+00
-2.162426614481408604e-01 1.651141888060429080e-04 1.000531402340026910e+00
-2.142857142857142461e-01 1.723569711180165422e-04 1.000522506087566210e+00
-2.123287671232876039e-01 1.835756257270169164e-04 1.000509532998509643e+00
-2.103718199608609896e-01 1.952192825527070911e-04 1.000496151366950137e+00
-2.084148727984344029e-01 2.072879415950868495e-04 1.000482361192887470e+00
-2.064579256360077886e-01 2.197816028541564083e-04 1.000468162476322087e+00
-2.045009784735811742e-01 2.327002663299144666e-04 1.000453555217253321e+00
-2.025440313111545876e-01 2.460439320223627591e-04 1.000438539415681616e+00
-2.005870841487279177e-01 2.598125999315002016e-04 1.000423115071606750e+00
-1.986301369863013033e-01 2.740062700573272277e-04 1.000407282185029390e+00
-1.966731898238747167e-01 2.886249423998436207e-04 1.000391040755948868e+00
-1.947162426614481023e-01 3.036686169590491636e-04 1.000374390784364964e+00
-1.927592954990214880e-01 3.191372937349442902e-04 1.000357332270278343e+00
-1.908023483365949013e-01 3.350309727275292172e-04 1.000339865213688562e+00
-1.888454011741682315e-01 3.513496539368035111e-04 1.000321989614595619e+00
-1.868884540117415893e-01 3.680933373627671718e-04 1.000303705472999960e+00
-1.849315068493150305e-01 3.852620230054201993e-04 1.000285012788901362e+00
-1.829745596868884161e-01 4.028557108647628105e-04 1.000265911562299603e+00
-1.810176125244617740e-01 4.208744009407950053e-04 1.000246401793194906e+00
-1.790606653620352151e-01 4.393180932335163501e-04 1.000226483481587270e+00
-1.771037181996085452e-01 4.581867877429279291e-04 1.000206156627476251e+00
-1.751467710371819586e-01 4.774804844690282244e-04 1.000185421230862293e+00
-1.731898238747553720e-01 4.971991834118176697e-04 1.000164277291745396e+00
-1.712328767123286744e-01 5.173428845712975659e-04 1.000142724810125561e+00
-1.692759295499021155e-01 5.379115879474659617e-04 1.000120763786003009e+00
-1.673189823874754734e-01 5.589052935403243747e-04 1.000098394219376852e+00
-1.653620352250488590e-01 5.803240013498719378e-04 1.000075616110247978e+00
-1.634050880626222169e-01 6.021677113761097350e-04 1.000052429458615944e+00
-1.614481409001956580e-01 6.244364236190360316e-04 1.000028834264481192e+00
-1.594911937377690436e-01 6.471301380786516951e-04 1.000004830527843058e+00
-1.575342465753424015e-01 6.702488547549575928e-04 9.999804182487020965e-01
-1.555772994129158426e-01 2.971651035352722119e-03 9.976782776745956038e-01
-1.536203522504891728e-01 3.223722829827099443e-03 9.974241248509797542e-01
-1.516634050880625861e-01 3.482664308369927148e-03 9.971634292514230946e-01
-1.497064579256359163e-01 3.756892267161567999e-03 9.968877765435339988e-01
-1.477495107632093296e-01 4.054918845469677145e-03 9.965883968167790208e-01
-1.457925636007827708e-01 4.375941572999768672e-03 9.962658778521672476e-01
-1.438356164383561009e-01 4.711333858748610257e-03 9.959285946472410389e-01
-1.418786692759294865e-01 5.079574073433957594e-03 9.955575612943106112e-01
-1.399217221135028444e-01 5.463632161318609896e-03 9.951708262957092987e-01
-1.379647749510762855e-01 5.889173404308296195e-03 9.947429129544471671e-01
-1.360078277886496712e-01 6.325484854220158291e-03 9.943043453783133589e-01
-1.340508806262230290e-01 6.818324819275987068e-03 9.938098579780163533e-01
-1.320939334637964702e-01 7.349361253639682609e-03 9.932775854025396312e-01
-1.301369863013697725e-01 7.918594157311283077e-03 9.927075276518830815e-01
-1.281800391389432137e-01 8.527699587012649990e-03 9.920977857551553925e-01
-1.262230919765165438e-01 9.184548887752604779e-03 9.914394414849125869e-01
-1.242661448140899433e-01 9.883721700146501365e-03 9.907386361038943434e-01
-1.223091976516633844e-01 1.062521802419436404e-02 9.899953696121012170e-01
-1.203522504892367284e-01 1.141258995585774788e-02 9.892060900588828254e-01
-1.183953033268101279e-01 1.227225353368740710e-02 9.883443824863319405e-01
-1.164383561643834719e-01 1.318682832343654951e-02 9.874276266176859052e-01
-1.144814090019569131e-01 1.415631432510512135e-02 9.864558224529444974e-01
-1.125244618395302570e-01 1.518366693681463993e-02 9.854260118875441954e-01
-1.105675146771036566e-01 1.631068347028348520e-02 9.842963593333586836e-01
-1.086105675146770561e-01 1.751091558241139184e-02 9.830933373538874864e-01
-1.066536203522504000e-01 1.878436327319838242e-02 9.818169459491299378e-01
-1.046966731898238412e-01 2.013208711338915907e-02 9.804661417778604005e-01
-1.027397260273971852e-01 2.162122530561703601e-02 9.789748773321713671e-01
-1.007827788649705847e-01 2.322879386677820235e-02 9.773657632085078761e-01
-9.882583170254401195e-02 2.496369667608672183e-02 9.756300401757654894e-01
-9.686888454011736982e-02 2.683483761275671023e-02 9.737589490028399908e-01
-9.491193737769075545e-02 2.882946958770703227e-02 9.717644652761185942e-01
-9.295499021526411332e-02 3.096275860050403533e-02 9.696318326228987594e-01
-9.099804305283754058e-02 3.324121528504737910e-02 9.673545837883108511e-01
-8.904109589041089845e-02 3.567079044157511758e-02 9.649267876620433171e-01
-8.708414872798424244e-02 3.820537254246535175e-02 9.623931517752497555e-01
-8.512720156555768358e-02 4.086113276261022637e-02 9.597378041273609828e-01
-8.317025440313102758e-02 4.364007140009075469e-02 9.569586560805507514e-01
-8.121330724070446871e-02 4.654046238044849682e-02 9.540572434688661119e-01
-7.925636007827781271e-02 4.962640826171373781e-02 9.509702391100600671e-01
-7.729941291585125385e-02 5.289017013367756231e-02 9.477051034738366297e-01
-7.534246575342459784e-02 5.633246065452347101e-02 9.442609694344801241e-01
-7.338551859099795571e-02 5.996209031023057301e-02 9.406289908225611285e-01
-7.142857142857138297e-02 6.380736489659978583e-02 9.367814941778196403e-01
-6.947162426614474084e-02 6.787764542992555383e-02 9.327091016647772737e-01
-6.751467710371818198e-02 7.218160905143992945e-02 9.284030958896100083e-01
-6.555772994129152598e-02 7.673146900288768668e-02 9.238513445246787636e-01
-6.360078277886486997e-02 8.154150192738532366e-02 9.190398500102019419e-01
-6.164383561643831111e-02 8.662476917031750046e-02 9.139557133668412270e-01
-5.968688845401166204e-02 9.199390736192533669e-02 9.085864195407256094e-01
-5.772994129158509624e-02 9.766214804633352453e-02 9.029189156996755283e-01
-5.577299412915844717e-02 1.035868275549571560e-01 8.969952075537073188e-01
-5.381604696673188831e-02 1.097486804986222697e-01 8.908342668112056995e-01
-5.185909980430523231e-02 1.161513971760648745e-01 8.844324670671068755e-01
-4.990215264187858324e-02 1.227782834025283598e-01 8.778062675609746845e-01
-4.794520547945201744e-02 1.296525890184267171e-01 8.709323402197075570e-01
-4.598825831702536837e-02 1.367862030567491560e-01 8.637987411200995780e-01
-4.403131115459880951e-02 1.441596790246822413e-01 8.564247092489642998e-01
-4.207436399217215350e-02 1.517701166717238537e-01 8.488130014331374262e-01
-4.011741682974550444e-02 1.596275730154668171e-01 8.409536741178745833e-01
-3.816046966731884843e-02 1.677387294601053180e-01 8.328400924380352510e-01
-3.620352250489228957e-02 1.760972829619642244e-01 8.244783485509734611e-01
-3.424657534246573071e-02 1.847037348582862559e-01 8.158678651345341315e-01
-3.228962818003907470e-02 1.935862358308545472e-01 8.069808211331368497e-01
-3.033268101761251584e-02 2.027733232710836886e-01 7.977890144545338735e-01
-2.837573385518577310e-02 2.122555511250873161e-01 7.883016692411861648e-01
-2.641878669275921077e-02 2.220416335639486261e-01 7.785101158179544845e-01
-2.446183953033255823e-02 2.321522025083773699e-01 7.683944896774641542e-01
-2.250489236790599937e-02 2.426121315233733533e-01 7.579309419614610466e-01
-2.054794520547943704e-02 2.534244139146846209e-01 7.471161768388326907e-01
-1.859099804305278450e-02 2.646018193898779236e-01 7.359377151022736818e-01
-1.663405088062613196e-02 2.761408560916602806e-01 7.243990185937765336e-01
-1.467710371819948116e-02 2.880251226957782351e-01 7.125162041766077703e-01
-1.272015655577291883e-02 3.002776852730970059e-01 7.002666992215573760e-01
-1.076320939334635823e-02 3.129048735775645795e-01 6.876443375434064809e-01
-8.806262230919707432e-03 3.258705880820785827e-01 6.746850842631029188e-01
-6.849315068493054028e-03 3.390803747069034424e-01 6.614828492384026148e-01
-4.892367906066402358e-03 3.525760096103674468e-01 6.479962688148237504e-01
-2.935420743639841328e-03 3.663438636023533812e-01 6.342389955823521941e-01
-9.784735812131892252e-04 3.802770063655264154e-01 6.203165721281095335e-01
9.784735812133715880e-04 3.940182818284827526e-01 6.065809822614302016e-01
2.935420743639932401e-03 4.075808343160590153e-01 5.930195099925630320e-01
4.892367906066584504e-03 4.208155461870928260e-01 5.797792471715530471e-01
6.849315068493237041e-03 4.338206875453829992e-01 5.667632103358741791e-01
8.806262230919889578e-03 4.476185588072322252e-01 5.529629051617191982e-01
1.076320939334645017e-02 4.616803020830290150e-01 5.389000778838123340e-01
1.272015655577310271e-02 4.759778657806618130e-01 5.245993707847553811e-01
1.467710371819966331e-02 4.904951458703662448e-01 5.100765802715083730e-01
1.663405088062631584e-02 5.051465338675520389e-01 4.954201689057845526e-01
1.859099804305296838e-02 5.198619460336693088e-01 4.807015084494590251e-01
2.054794520547952724e-02 5.346460428657650032e-01 4.659151490943687079e-01
2.250489236790617978e-02 5.494829494072676068e-01 4.510763040609965246e-01
2.446183953033274211e-02 5.643432335457942983e-01 4.362142383251413347e-01
2.641878669275930097e-02 5.792233490044014221e-01 4.213324713867059867e-01
2.837573385518595351e-02 5.940791370625059242e-01 4.064751290525269734e-01
3.033268101761260604e-02 6.088699929380764209e-01 3.916827752359231529e-01
3.228962818003926205e-02 6.236227080646561394e-01 3.769286454689290689e-01
3.424657534246582091e-02 6.383372824422437475e-01 3.622127397515456648e-01
3.620352250489246998e-02 6.530137160708406885e-01 3.475350580837719416e-01
3.816046966731903578e-02 6.674775306260933849e-01 3.330689271728984879e-01
4.011741682974568485e-02 6.817809470548512607e-01 3.187624707483200925e-01
4.207436399217233391e-02 6.959649938554233195e-01 3.045749311139539506e-01
4.403131115459889972e-02 7.100296710278084511e-01 2.905063082698007282e-01
4.598825831702554878e-02 7.239683135989669616e-01 2.765632930288853264e-01
4.794520547945210764e-02 7.374667485985965110e-01 2.630612764046497132e-01
4.990215264187876365e-02 7.507329145554725303e-01 2.497915136942600867e-01
5.185909980430532251e-02 7.637668114695940202e-01 2.367540048977172795e-01
5.381604696673197852e-02 7.765684393409617581e-01 2.239487500150209032e-01
5.577299412915862759e-02 7.890650119169396737e-01 2.114486915632188824e-01
5.772994129158518645e-02 8.010673206076786013e-01 1.994434443430598836e-01
5.968688845401184245e-02 8.127310331092307827e-01 1.877770064563557550e-01
6.164383561643840131e-02 8.240561494215957739e-01 1.764493779031074405e-01
6.360078277886505038e-02 8.350426695447739078e-01 1.654605586833140518e-01
6.555772994129170639e-02 8.456361702070548381e-01 1.548654081866683851e-01
6.751467710371826525e-02 8.557918469352727708e-01 1.447090899245876416e-01
6.947162426614492126e-02 8.655344383282868037e-01 1.349666670567730153e-01
7.142857142857148012e-02 8.748520688236580689e-01 1.256501103098486560e-01
7.338551859099813612e-02 8.837328628589488089e-01 1.167713904104373396e-01
7.534246575342477825e-02 8.921558235513513679e-01 1.083498067198254144e-01
7.729941291585135099e-02 9.001092227541702684e-01 1.003972115216828220e-01
7.925636007827799312e-02 9.075819649958158930e-01 9.292494876924985159e-02
8.121330724070456586e-02 9.145609180382399117e-01 8.594599888029777479e-02
8.317025440313120799e-02 9.210357136089710739e-01 7.947061063581961626e-02
8.512720156555776685e-02 9.272233183433267190e-01 7.328435693789260574e-02
8.708414872798442286e-02 9.330115912150797053e-01 6.749806893350913939e-02
8.904109589041107886e-02 9.384106063598576242e-01 6.210179210074002337e-02
9.099804305283763772e-02 9.434304379132885110e-01 5.708557191765524508e-02
9.295499021526429373e-02 9.480720172425929348e-01 5.244774442260675962e-02
9.491193737769085259e-02 9.523148831214315324e-01 4.820604421886277857e-02
9.686888454011750860e-02 9.561832256662763374e-01 4.433771657071874928e-02
9.882583170254415073e-02 9.596828698038859518e-01 4.083666009139011455e-02
1.007827788649708067e-01 9.628196404610203096e-01 3.769677339409176903e-02
1.027397260273973656e-01 9.658058752758518217e-01 3.470913294311031572e-02
1.046966731898239245e-01 9.685721324962170975e-01 3.194155894930635065e-02
1.066536203522505805e-01 9.711459995295796954e-01 2.936657645972458666e-02
1.086105675146771393e-01 9.735571273232077605e-01 2.695468385886381005e-02
1.105675146771037953e-01 9.757570807182578410e-01 2.475362140309884246e-02
1.125244618395304513e-01 9.777595029597982990e-01 2.274972211056457139e-02
1.144814090019570102e-01 9.796025536971872949e-01 2.090506765618844673e-02
1.164383561643836523e-01 9.813015874811412687e-01 1.920429825437543203e-02
1.183953033268102251e-01 9.828473354502333947e-01 1.765831079543645626e-02
1.203522504892368672e-01 9.842572809529479549e-01 1.624947549347284526e-02
1.223091976516635232e-01 9.855455226211256026e-01 1.496377178649948257e-02
1.242661448140900821e-01 9.867235341582871744e-01 1.378994143532520124e-02
1.262230919765168213e-01 9.878256696881555499e-01 1.268759966401610158e-02
1.281800391389433802e-01 9.888560674434703213e-01 1.165482621132669407e-02
1.301369863013699391e-01 9.898293315830358763e-01 1.067637780107648718e-02
1.320939334637964979e-01 9.907414389545482480e-01 9.757545380351954206e-03
1.340508806262231678e-01 9.914742253566601882e-01 9.029445774771696978e-03
1.360078277886498932e-01 9.920837027879829684e-01 8.431188871495874648e-03
1.379647749510764798e-01 9.925625253756065192e-01 7.971728491246924189e-03
1.399217221135030387e-01 9.930318579980179639e-01 7.521253167060838567e-03
1.418786692759295975e-01 9.937770594529642398e-01 6.771502226505407736e-03
1.438356164383562397e-01 9.945395912951777717e-01 5.998982546524550367e-03
1.457925636007828818e-01 9.950667391905343440e-01 5.464015105995500589e-03
1.477495107632095517e-01 9.954829998491310228e-01 5.040703785201014128e-03
1.497064579256361105e-01 9.958588862118340490e-01 4.663968704386204853e-03
1.516634050880626694e-01 9.961943970584026253e-01 4.330064733861755007e-03
1.536203522504892283e-01 9.965428150483883751e-01 3.982488152025008207e-03
1.555772994129159814e-01 9.968688213683845056e-01 3.655976522766540143e-03
1.575342465753426235e-01 9.971570432809555573e-01 3.363583228084634363e-03
1.594911937377691824e-01 9.974185220992660694e-01 3.097738157206799715e-03
1.614481409001957413e-01 9.976558668652840689e-01 2.857467186645113247e-03
1.634050880626224944e-01 9.978676244876483192e-01 2.643312849038976804e-03
1.653620352250490533e-01 9.980537949663585984e-01 2.455275144388423345e-03
1.673189823874756121e-01 9.982406245493766761e-01 2.266818890666405517e-03
1.692759295499022543e-01 9.984205073976738509e-01 2.085633656431013210e-03
1.712328767123288131e-01 9.985887737378653650e-01 1.916440622666799789e-03
1.731898238747555663e-01 9.987453342618231034e-01 1.759310259320225923e-03
1.751467710371821251e-01 9.988843306299779456e-01 1.618865178969898944e-03
1.771037181996086840e-01 9.990092125830239977e-01 1.492383310875893508e-03
1.790606653620353539e-01 9.991199801209615927e-01 1.379864655038210049e-03
1.810176125244619127e-01 9.992208133308945195e-01 1.277763107499108909e-03
1.829745596868886381e-01 9.993278411594139765e-01 1.172395957848652078e-03
1.849315068493151970e-01 9.994300991309776894e-01 1.073064727596509827e-03
1.868884540117417559e-01 9.995275872455855470e-01 9.797694167426752171e-04
1.888454011741683425e-01 9.996151382909462813e-01 8.958941631305372341e-04
1.908023483365949846e-01 9.996842126768701320e-01 8.270317600693136845e-04
1.927592954990216267e-01 9.997373050102464909e-01 7.715484264974401679e-04
1.947162426614482966e-01 9.997722684388515857e-01 7.308501901622539015e-04
1.966731898238748555e-01 9.998075908742236617e-01 6.904182162764957789e-04
1.986301369863014143e-01 9.998526035127283107e-01 6.428003577102505382e-04
2.005870841487281397e-01 9.999023287059033427e-01 5.915873069574227767e-04
2.025440313111546986e-01 9.999600157182135796e-01 5.340206429987038282e-04
2.045009784735813685e-01 9.999977219741125190e-01 4.900192801972663888e-04
2.064579256360079274e-01 1.000018983948043116e+00 4.566159878900671182e-04
2.084148727984344862e-01 1.000025583562535791e+00 4.321191434632277485e-04
2.103718199608612394e-01 1.000016737637000386e+00 4.170638588235722234e-04
2.123287671232877982e-01 1.000051463402960694e+00 3.811101894373881277e-04
2.142857142857143571e-01 1.000108673061456344e+00 3.352765568754730550e-04
2.162426614481409992e-01 1.000195101914923557e+00 2.762162672251332156e-04
2.181996086105675581e-01 1.000291954930163207e+00 2.144217987876315384e-04
2.201565557729943112e-01 1.000312062024276916e+00 1.971321908829366636e-04
2.221135029354208701e-01 1.000313000221346948e+00 1.930200009342460804e-04
2.240704500978474289e-01 1.000294769521373528e+00 2.020852289415576205e-04
2.260273972602740711e-01 1.000286904506940688e+00 2.061705851713413820e-04
2.279843444227006299e-01 1.000319151814418994e+00 1.869884133262149622e-04
2.299412915851273831e-01 1.000363460024338069e+00 1.617841831638646040e-04
2.318982387475539420e-01 1.000419829136698358e+00 1.305578946842944274e-04
2.338551859099805008e-01 1.000438074242623987e+00 1.177107429918499391e-04
2.358121330724070597e-01 1.000412668552732587e+00 1.259299954155526039e-04
2.377690802348338128e-01 1.000364578742645616e+00 1.450211143145063806e-04
2.397260273972604550e-01 1.000293804812363074e+00 1.749840996887086671e-04
2.416829745596870138e-01 1.000325443954481530e+00 1.482937557231681514e-04
2.436399217221135727e-01 1.000414268995518219e+00 8.936289042875845273e-05
2.455968688845401593e-01 1.000543443821154233e+00 7.279332977217422770e-06
2.475538160469668847e-01 1.000697713043503523e+00 -8.820621763202564358e-05
2.495107632093934436e-01 1.000621001994020709e+00 -3.481454896228251480e-05
2.514677103718200857e-01 1.000544290944537673e+00 1.857711970746083081e-05
2.534246575342466445e-01 1.000471948201175465e+00 6.855574727833500630e-05
2.553816046966732034e-01 1.000469665007482245e+00 6.379550907675943412e-05
2.573385518590999843e-01 1.000467381813789469e+00 5.903527087518364511e-05
2.592954990215265432e-01 1.000467280635757295e+00 5.465324878956056079e-05
2.612524461839531575e-01 1.000467736745994651e+00 5.036782335469535028e-05
2.632093933463797164e-01 1.000468728959180265e+00 4.637019973054135567e-05
2.651663405088063308e-01 1.000470188209032107e+00 4.262330033541397029e-05
2.671232876712330562e-01 1.000471647458883950e+00 3.887640094028701858e-05
2.690802348336596150e-01 1.000473106708736459e+00 3.512950154516006687e-05
2.710371819960861739e-01 1.000474531049156957e+00 3.142574120543824463e-05
2.729941291585128438e-01 1.000472553756752703e+00 3.192552190767498563e-05
2.749510763209394582e-01 1.000470576464348227e+00 3.242530260991172662e-05
2.769080234833661280e-01 1.000468599171944195e+00 3.292508331214846762e-05
2.788649706457926869e-01 1.000466621879539719e+00 3.342486401438542545e-05
2.808219178082192458e-01 1.000469529979746142e+00 2.889420290977406415e-05
2.827788649706459156e-01 1.000477607179297124e+00 1.904096990210882995e-05
2.847358121330725300e-01 1.000485684378848106e+00 9.187736894442728383e-06
2.866927592954991999e-01 1.000493761578398644e+00 -6.654961132225058196e-07
2.886497064579257588e-01 1.000501838777949626e+00 -1.051872912088795686e-05
2.906066536203523176e-01 1.000470584880406300e+00 2.125142314153452387e-05
2.925636007827788765e-01 1.000437761410892357e+00 5.468262489612477073e-05
2.945205479452056019e-01 1.000404937941378414e+00 8.811382665071718599e-05
2.964774951076322163e-01 1.000372114471864471e+00 1.215450284053074329e-04
2.984344422700588306e-01 1.000367019106218613e+00 1.261154921337072615e-04
3.003913894324853895e-01 1.000397594733476447e+00 9.355787865059236007e-05
3.023483365949119483e-01 1.000428170360734725e+00 6.100026516747745868e-05
3.043052837573387293e-01 1.000458745987992781e+00 2.844265168436038889e-05
3.062622309197652881e-01 1.000477148062114852e+00 8.348955069165716475e-06
3.082191780821919025e-01 1.000476646137341330e+00 7.610155752509322608e-06
3.101761252446184614e-01 1.000476144212567364e+00 6.871356435852495059e-06
3.121330724070452423e-01 1.000475642287793843e+00 6.132557119196101192e-06
3.140900195694718011e-01 1.000475013499128485e+00 5.871411915931877210e-06
3.160469667318983600e-01 1.000474363023141855e+00 5.691921454917302572e-06
3.180039138943249188e-01 1.000473712547155003e+00 5.512430993903161616e-06
3.199608610567515332e-01 1.000473168600667595e+00 5.214460348334669024e-06
3.219178082191782031e-01 1.000472854923347921e+00 4.660388494912752824e-06
3.238747553816047620e-01 1.000472541246027802e+00 4.106316641490836625e-06
3.258317025440315429e-01 1.000472227568708128e+00 3.552244788068703585e-06
3.277886497064581017e-01 1.000472168869533718e+00 2.737738990484959653e-06
3.297455968688846606e-01 1.000472317623346319e+00 1.711341309231688770e-06
3.317025440313113860e-01 1.000472618120967105e+00 5.299529391401217732e-07
3.336594911937379448e-01 1.000473070362395855e+00 -8.064261197888739768e-07
3.356164383561645037e-01 1.000473674347632569e+00 -2.297795867555732161e-06
3.375733855185910626e-01 1.000474430076677024e+00 -3.944156304160452778e-06
3.395303326810176214e-01 1.000475337549529886e+00 -5.745507429602385308e-06
3.414872798434443468e-01 1.000475103764509877e+00 -6.331873470448575944e-06
3.434442270058709057e-01 1.000474073309095768e+00 -6.068355652116179735e-06
3.454011741682974646e-01 1.000472721813229882e+00 -5.458898793464853072e-06
3.473581213307242455e-01 1.000471049276912217e+00 -4.503502894494812794e-06
3.493150684931508043e-01 1.000469055700142995e+00 -3.202167955205625222e-06
3.512720156555775297e-01 1.000466741082921995e+00 -1.554893975597940875e-06
3.532289628180040886e-01 1.000464105425249439e+00 4.383190443280234050e-07
3.551859099804306474e-01 1.000462676431220110e+00 1.162923620464479876e-06
3.571428571428572063e-01 1.000462346501583166e+00 7.326355574736528875e-07
3.590998043052839872e-01 1.000462327366847370e+00 -1.946593267761372037e-08
3.610567514677105461e-01 1.000462619027012057e+00 -1.093380849989753628e-06
3.630136986301371049e-01 1.000463221482078113e+00 -2.489109194462549995e-06
3.649706457925636638e-01 1.000464134732044874e+00 -4.206650966095569141e-06
3.669275929549902227e-01 1.000465358776912783e+00 -6.246006164889895268e-06
3.688845401174169480e-01 1.000464688369642863e+00 -6.257771341114642255e-06
3.708414872798435069e-01 1.000461728979924914e+00 -3.821625844360699784e-06
3.727984344422702323e-01 1.000458033551383519e+00 -5.920288082288029802e-07
3.747553816046967912e-01 1.000453602084017568e+00 3.431019767280614474e-06
3.767123287671233500e-01 1.000448434577827284e+00 8.247519882167335739e-06
3.786692759295501309e-01 1.000442531032812887e+00 1.385747153643266186e-05
3.806262230919766898e-01 1.000435891448974379e+00 2.026087473007507495e-05
3.825831702544032487e-01 1.000435859781077852e+00 1.973565112208821269e-05
3.845401174168298075e-01 1.000446157718196005e+00 8.368490310398752838e-06
3.864970645792565329e-01 1.000459797372161397e+00 -6.492929024471804506e-06
3.884540117416830918e-01 1.000476778742974249e+00 -2.484860688252172461e-05
3.904109589041096506e-01 1.000497101830634117e+00 -4.669854326375209169e-05
3.923679060665362095e-01 1.000520766635141445e+00 -7.204273816816225522e-05
3.943248532289629904e-01 1.000547773156495790e+00 -1.008811915957523236e-04
3.962818003913895493e-01 1.000549695747948498e+00 -1.122361968716969376e-04
3.982387475538162747e-01 1.000510248398334801e+00 -9.336845409495828172e-05
4.001956947162428335e-01 1.000470801048721547e+00 -7.450071131821973426e-05
4.021526418786693924e-01 1.000431353699107850e+00 -5.563296854148096996e-05
4.041095890410959512e-01 1.000391906349494375e+00 -3.676522576474220566e-05
4.060665362035226766e-01 1.000352458999880678e+00 -1.789748298800224874e-05
4.080234833659492910e-01 1.000314790715037372e+00 3.326300749431979065e-07
4.099804305283758499e-01 1.000328222862105765e+00 2.479778038809270224e-07
4.119373776908024087e-01 1.000341655009174158e+00 1.633255328190898192e-07
4.138943248532291341e-01 1.000355087156242551e+00 7.867326175681893519e-08
4.158512720156556930e-01 1.000368519303310721e+00 -5.979009305126688212e-09
4.178082191780822519e-01 1.000381044254694540e+00 -4.818794165496569082e-08
4.197651663405089772e-01 1.000391470096918312e+00 7.810384471118592131e-09
4.217221135029355361e-01 1.000401895939141639e+00 6.380871059720287508e-08
4.236790606653623170e-01 1.000412321781365410e+00 1.198070367235039985e-07
4.256360078277888759e-01 1.000422747623589181e+00 1.758053628495882814e-07
4.275929549902154347e-01 1.000424937619627253e+00 1.626095795782779227e-07
4.295499021526419936e-01 1.000420911692785131e+00 9.719023140594088700e-08
4.315068493150685525e-01 1.000416885765943231e+00 3.177088323306175022e-08
4.334637964774952779e-01 1.000412859839101110e+00 -3.364846493927528548e-08
4.354207436399218367e-01 1.000408833912258988e+00 -9.906781311193758183e-08
4.373776908023483956e-01 1.000396144294295020e+00 -3.044824011335951069e-07
4.393346379647749544e-01 1.000378368314466027e+00 -5.920867208932673043e-07
4.412915851272017354e-01 1.000356880062478027e+00 -9.396770701662485528e-07
4.432485322896284607e-01 1.000331679538330354e+00 -1.347253448952322012e-06
4.452054794520550196e-01 1.000302766742023231e+00 -1.814815857251487682e-06
4.471624266144815785e-01 1.000270141673557101e+00 -2.342364295063962404e-06
4.491193737769081373e-01 1.000233804332931076e+00 -2.929898762389529336e-06
4.510763209393348627e-01 1.000193754720145600e+00 -3.577419259228296899e-06
4.530332681017614216e-01 1.000149992835200674e+00 -4.284925785580373514e-06
4.549902152641879804e-01 1.000154420198074989e+00 -3.993786054655923054e-06
4.569471624266145393e-01 1.000261288590085895e+00 -1.597429635696260425e-06
4.589041095890410982e-01 1.000392637942702612e+00 1.313996484030998009e-06
4.608610567514678791e-01 1.000548468255924472e+00 4.740492304526069088e-06
4.628180039138944379e-01 1.000728779529751478e+00 8.682057825788519131e-06
4.647749510763211633e-01 1.000933571764183849e+00 1.313869304781845656e-05
4.667318982387477222e-01 1.001162844959221809e+00 1.811039797061609821e-05
4.686888454011742811e-01 1.001416599114864692e+00 2.359717259418155251e-05
4.706457925636010620e-01 1.001694834231113607e+00 2.959901691851492787e-05
4.726027397260276208e-01 1.001997550307967444e+00 3.611593094361524852e-05
4.745596868884541797e-01 1.002042346580705123e+00 3.656354005379983899e-05
4.765166340508807385e-01 1.002026741580229974e+00 3.554712923224483644e-05
4.784735812133072974e-01 1.001975822518027748e+00 3.365162465167326200e-05
4.804305283757340228e-01 1.001889589394098667e+00 3.087702631208500727e-05
4.823874755381605817e-01 1.001768042208441845e+00 2.722333421347974697e-05
4.843444227005871405e-01 1.001611180961058389e+00 2.269054835585813164e-05
4.863013698630138659e-01 1.001419005651947858e+00 1.727866873921983602e-05
4.882583170254404248e-01 1.001191516281110028e+00 1.098769536356420957e-05
4.902152641878672057e-01 1.000928712848545121e+00 3.817628228892444922e-06
4.921722113502937646e-01 1.000738851627703596e+00 -1.351256327228344579e-06
4.941291585127203234e-01 1.000683126248308907e+00 -2.890834981450918911e-06
4.960861056751468823e-01 1.000640990718780543e+00 -4.008365438782105980e-06
4.980430528375736077e-01 1.000612445039118281e+00 -4.703847699221363685e-06
5.000000000000002220e-01 1.000597489209322344e+00 -4.977281762769559387e-06
