5.000000000000000000e-01 1.000000000000000000e+00 0.000000000000000000e+00
4.980430528375733301e-01 9.999999963341708042e-01 3.665829033523975905e-09
4.960861056751467713e-01 9.999999960157790468e-01 3.984220883607901178e-09
4.941291585127201569e-01 9.999999956780433186e-01 4.321956799672441489e-09
4.921722113502935980e-01 9.999999953392970653e-01 4.660702957003594269e-09
4.902152641878669281e-01 9.999999949256614951e-01 5.074338531153420172e-09
4.882583170254402583e-01 9.999999945040729532e-01 5.495926963726469925e-09
4.863013698630136994e-01 9.999999940824841893e-01 5.917515396299516369e-09
4.843444227005870295e-01 9.999999936608955364e-01 6.339103828872566949e-09
4.823874755381604706e-01 9.999999930338934195e-01 6.966106310050905471e-09
4.804305283757338563e-01 9.999999923580800143e-01 7.641920050303767221e-09
4.784735812133072974e-01 9.999999916822666091e-01 8.317733790556628144e-09
4.765166340508806275e-01 9.999999910064532038e-01 8.993547530809487413e-09
4.745596868884539576e-01 9.999999903306395765e-01 9.669361271062349990e-09
4.726027397260273988e-01 9.999999896548261713e-01 1.034517501131521257e-08
4.706457925636007844e-01 9.999999889790127661e-01 1.102098875156807184e-08
4.686888454011742255e-01 9.999999883031991388e-01 1.169680249182093441e-08
4.667318982387475557e-01 9.999999869435944877e-01 1.305640714197650638e-08
4.647749510763208858e-01 9.999999851577305865e-01 1.484227106064285255e-08
4.628180039138943269e-01 9.999999833718664632e-01 1.662813497930920369e-08
4.608610567514677125e-01 9.999999815860025620e-01 1.841399889797554820e-08
4.589041095890410982e-01 9.999999798001384388e-01 2.019986281664189272e-08
4.569471624266144838e-01 9.999999780142743155e-01 2.198572673530824386e-08
4.549902152641878139e-01 9.999999762284100813e-01 2.377159065397459168e-08
4.530332681017612551e-01 9.999999744425460690e-01 2.555745457264094282e-08
4.510763209393345852e-01 9.999999726566819458e-01 2.734331849130729064e-08
4.491193737769080263e-01 9.999999708708178225e-01 2.912918240997363516e-08
4.471624266144814119e-01 9.999999690849536993e-01 3.091504632863998630e-08
4.452054794520548531e-01 9.999999672990897981e-01 3.270091024730632420e-08
4.432485322896281832e-01 9.999999655132256748e-01 3.448677416597268195e-08
4.412915851272015133e-01 9.999999637273617736e-01 3.627263808463903308e-08
4.393346379647749544e-01 9.999999619414975394e-01 3.805850200330537760e-08
4.373776908023483401e-01 9.999999601556334161e-01 3.984436592197172874e-08
4.354207436399217812e-01 9.999999557103034231e-01 4.428969712886456270e-08
4.334637964774951113e-01 9.999999424612242560e-01 5.753878211747310017e-08
4.315068493150685525e-01 9.999999292121448669e-01 7.078786710608148544e-08
4.295499021526418826e-01 9.999999159630659218e-01 8.403695209468983761e-08
4.275929549902152127e-01 9.999999027139868657e-01 9.728603708329821626e-08
4.256360078277886538e-01 9.999998894649074765e-01 1.105351220719067008e-07
4.236790606653620395e-01 9.999998762158283094e-01 1.237842070605150794e-07
4.217221135029353696e-01 9.999998629667493644e-01 1.370332920491234449e-07
4.197651663405088107e-01 9.999998497176699752e-01 1.502823770377318367e-07
4.178082191780821408e-01 9.999998364685908081e-01 1.635314620263402286e-07
4.158512720156555820e-01 9.999998232195117520e-01 1.767805470149486999e-07
4.138943248532289676e-01 9.999998099704325849e-01 1.900296320035570918e-07
4.119373776908024087e-01 9.999997967213534178e-01 2.032787169921655366e-07
4.099804305283757389e-01 9.999997834722742507e-01 2.165278019807739020e-07
4.080234833659490690e-01 9.999997702231950836e-01 2.297768869693823733e-07
4.060665362035225101e-01 9.999997569741159165e-01 2.430259719579907917e-07
4.041095890410958957e-01 9.999997437250367494e-01 2.562750569465989983e-07
4.021526418786692814e-01 9.999997304759575822e-01 2.695241419352076284e-07
4.001956947162426670e-01 9.999997172268784151e-01 2.827732269238158350e-07
3.982387475538160526e-01 9.999997039777990260e-01 2.960223119124243592e-07
3.962818003913894382e-01 9.999996907287200809e-01 3.092713969010327246e-07
3.943248532289627684e-01 9.999996774796409138e-01 3.225204818896411959e-07
3.923679060665362095e-01 9.999996642305615246e-01 3.357695668782494555e-07
3.904109589041095951e-01 9.999996509814825796e-01 3.490186518668578738e-07
3.884540117416829808e-01 9.999996377324034125e-01 3.622677368554663980e-07
3.864970645792563664e-01 9.999996244833240233e-01 3.755168218440746576e-07
3.845401174168296965e-01 9.999996112342449672e-01 3.887659068326831818e-07
3.825831702544031376e-01 9.999995979851658001e-01 4.020149918212914943e-07
3.806262230919765233e-01 9.999995847360865220e-01 4.152640768098999656e-07
3.786692759295499089e-01 9.999995714870073549e-01 4.285131617985083310e-07
3.767123287671232945e-01 9.999995582379281878e-01 4.417622467871166964e-07
3.747553816046966246e-01 9.999995449888491317e-01 4.550113317757251677e-07
3.727984344422700658e-01 9.999995317397699646e-01 4.682604167643336390e-07
3.708414872798433959e-01 9.999992228290383034e-01 7.771711504189450430e-07
3.688845401174168370e-01 9.999985723781223967e-01 1.427622064429155481e-06
3.669275929549902227e-01 9.999979219272063791e-01 2.078072978439352260e-06
3.649706457925635528e-01 9.999972714762903614e-01 2.728523892449551792e-06
3.630136986301369939e-01 9.999966210253743437e-01 3.378974806459745818e-06
3.610567514677103240e-01 9.999959705744584371e-01 4.029425720469945773e-06
3.590998043052837096e-01 9.999953201235423084e-01 4.679876634480152929e-06
3.571428571428571508e-01 9.999946696726262907e-01 5.330327548490348225e-06
3.551859099804305364e-01 9.999940192217101620e-01 5.980778462500546910e-06
3.532289628180039220e-01 9.999933687707942553e-01 6.631229376510746442e-06
3.512720156555772522e-01 9.999927183198780156e-01 7.281680290520956139e-06
3.493150684931506933e-01 9.999920678689622200e-01 7.932131204531148047e-06
3.473581213307240789e-01 9.999914174180462023e-01 8.582582118541346732e-06
3.454011741682974646e-01 9.999907669671300736e-01 9.233033032551555582e-06
3.434442270058708502e-01 9.999901165162141670e-01 9.883483946561757655e-06
3.414872798434442358e-01 9.999894660652979272e-01 1.053393486057194956e-05
3.395303326810176214e-01 9.999888156143820206e-01 1.118438577458215164e-05
3.375733855185909515e-01 9.999881651634658919e-01 1.183483668859235710e-05
3.356164383561643927e-01 9.999875147125499852e-01 1.248528760260254392e-05
3.336594911937377783e-01 9.999868642616340786e-01 1.313573851661275277e-05
3.317025440313111639e-01 9.999862138107178389e-01 1.378618943062294807e-05
3.297455968688845496e-01 9.999855633598019322e-01 1.443664034463315353e-05
3.277886497064578797e-01 9.999849129088860256e-01 1.508709125864334544e-05
3.258317025440313208e-01 9.999842624579697858e-01 1.573754217265354921e-05
3.238747553816047065e-01 9.999836120070536571e-01 1.638799308666375636e-05
3.219178082191780921e-01 9.999829615561377505e-01 1.703844400067394658e-05
3.199608610567514777e-01 9.999823111052218438e-01 1.768889491468415034e-05
3.180039138943248078e-01 9.999816606543057151e-01 1.833934582869434734e-05
3.160469667318981934e-01 9.999810102033896975e-01 1.898979674270455449e-05
3.140900195694715791e-01 9.999803597524737908e-01 1.964024765671474470e-05
3.121330724070450202e-01 9.999797093015576621e-01 2.029069857072495186e-05
3.101761252446184058e-01 9.999790588506415334e-01 2.094114948473515224e-05
3.082191780821917915e-01 9.999784083997255157e-01 2.159160039874533907e-05
3.062622309197651771e-01 9.999777579488096091e-01 2.224205131275554622e-05
3.043052837573385072e-01 9.999771074978934804e-01 2.289250222676574660e-05
3.023483365949118928e-01 9.999764570469775737e-01 2.354295314077595376e-05
3.003913894324853340e-01 9.999758065960615561e-01 2.419340405478614736e-05
2.984344422700587196e-01 9.999751561451454274e-01 2.484385496879635113e-05
2.964774951076321052e-01 9.999745056942292987e-01 2.549430588280655489e-05
2.945205479452054909e-01 9.999738552433133920e-01 2.614475679681674172e-05
2.925636007827788210e-01 9.999732047923973743e-01 2.679520771082694549e-05
2.906066536203522066e-01 9.999725543414812456e-01 2.744565862483714925e-05
2.886497064579256477e-01 9.999719038905653390e-01 2.809610953884734286e-05
2.866927592954990334e-01 9.999712534396494323e-01 2.874656045285754323e-05
2.847358121330724190e-01 9.999706029887331926e-01 2.939701136686774361e-05
2.827788649706457491e-01 9.999699525378170639e-01 3.004746228087794738e-05
2.808219178082191902e-01 9.999693020869011573e-01 3.069791319488814437e-05
2.788649706457925759e-01 9.999686516359852506e-01 3.134836410889834475e-05
2.769080234833659615e-01 9.999680011850691219e-01 3.199881502290855191e-05
2.749510763209393471e-01 9.999673507341531042e-01 3.264926593691875906e-05
2.729941291585127328e-01 9.999667002832371976e-01 3.329971685092895266e-05
2.710371819960860629e-01 9.999660498323210689e-01 3.395016776493914627e-05
2.690802348336594485e-01 9.999653993814048292e-01 3.460061867894935342e-05
2.671232876712328896e-01 9.999647489304889225e-01 3.525106959295955380e-05
2.651663405088062753e-01 9.999640984795730159e-01 3.590152050696974740e-05
2.632093933463796609e-01 9.999634480286568872e-01 3.655197142097994778e-05
2.612524461839529910e-01 9.999627975777409805e-01 3.720242233499014139e-05
2.592954990215264321e-01 9.999621471268249628e-01 3.785287324900033499e-05
2.573385518590997623e-01 9.999614966759088341e-01 3.850332416301054214e-05
2.553816046966732034e-01 9.999608462249929275e-01 3.915377507702073575e-05
2.534246575342465890e-01 9.999601957740766878e-01 3.980422599103094290e-05
2.514677103718199747e-01 9.999595453231608921e-01 4.045467690504114328e-05
2.495107632093933048e-01 9.999588948722446524e-01 4.110512781905134366e-05
2.475538160469667182e-01 9.999582444213287458e-01 4.175557873306153726e-05
2.455968688845401038e-01 9.999575939704128391e-01 4.240602964707175797e-05
2.436399217221134617e-01 9.999569435194965994e-01 4.305648056108195157e-05
2.416829745596868750e-01 9.999544168125451549e-01 4.558318751220919731e-05
2.397260273972602884e-01 9.999517445340047050e-01 4.825546605242318017e-05
2.377690802348336740e-01 9.999490722554642552e-01 5.092774459263716303e-05
2.358121330724070319e-01 9.999463999769235834e-01 5.360002313285115944e-05
2.338551859099804175e-01 9.999437276983831335e-01 5.627230167306514230e-05
2.318982387475538032e-01 9.999410554198425727e-01 5.894458021327912516e-05
2.299412915851271610e-01 9.999383831413020118e-01 6.161685875349310801e-05
2.279843444227006022e-01 9.999357108627614510e-01 6.428913729370703666e-05
2.260273972602739878e-01 9.999330385842211122e-01 6.696141583392101952e-05
2.240704500978473457e-01 9.999303663056804403e-01 6.963369437413500238e-05
2.221135029354207313e-01 9.999276940271398795e-01 7.230597291434898524e-05
2.201565557729941169e-01 9.999250217485995407e-01 7.497825145456296810e-05
2.181996086105674748e-01 9.999223494700588688e-01 7.765052999477695095e-05
2.162426614481408604e-01 9.999196771915183080e-01 8.032280853499096092e-05
2.142857142857143016e-01 9.999165955594058186e-01 8.340444064708539226e-05
2.123287671232876872e-01 9.999116790178620429e-01 8.832098219103105699e-05
2.103718199608610451e-01 9.999067624763178230e-01 9.323752373497669462e-05
2.084148727984344307e-01 9.999018459347737142e-01 9.815406527892235936e-05
2.064579256360078441e-01 9.998969293932300495e-01 1.030706068228680105e-04
2.045009784735811742e-01 9.998920128516857186e-01 1.079871483668136617e-04
2.025440313111545876e-01 9.998870963101418319e-01 1.129036899107593129e-04
2.005870841487280010e-01 9.998821797685977231e-01 1.178202314547048150e-04
1.986301369863013588e-01 9.998772632270538363e-01 1.227367729986504662e-04
1.966731898238747445e-01 9.998723466855097275e-01 1.276533145425961038e-04
1.947162426614481578e-01 9.998674301439658407e-01 1.325698560865417415e-04
1.927592954990214880e-01 9.998625136024217319e-01 1.374863976304874062e-04
1.908023483365949013e-01 9.998566291069730383e-01 1.433708905144422206e-04
1.888454011741682870e-01 9.998485312189829832e-01 1.514687700758354631e-04
1.868884540117416448e-01 9.998404333309927061e-01 1.595666496372287598e-04
1.849315068493150582e-01 9.998323354430027621e-01 1.676645291986218127e-04
1.829745596868884716e-01 9.998242375550123739e-01 1.757624087600150281e-04
1.810176125244618017e-01 9.998161396670224299e-01 1.838602883214083248e-04
1.790606653620352151e-01 9.998080417790322638e-01 1.919581678828016216e-04
1.771037181996086007e-01 9.997999438910422088e-01 2.000560474441948641e-04
1.751467710371819586e-01 9.997918460030519316e-01 2.081539270055881609e-04
1.731898238747553442e-01 9.997837481150619876e-01 2.162518065669814847e-04
1.712328767123287854e-01 9.997756502270715995e-01 2.243496861283744833e-04
1.692759295499021710e-01 9.997675523390813224e-01 2.324475656897677801e-04
1.673189823874755289e-01 9.997572970207955212e-01 2.427028752237875091e-04
1.653620352250489145e-01 9.997441361494658896e-01 2.558637373661538667e-04
1.634050880626223001e-01 9.997309752781363690e-01 2.690245995085200617e-04
1.614481409001956580e-01 9.997178144068068484e-01 2.821854616508864193e-04
1.594911937377690436e-01 9.997046535354769947e-01 2.953463237932527768e-04
1.575342465753424848e-01 9.996914926641474741e-01 3.085071859356186465e-04
1.555772994129158426e-01 9.996783317928177315e-01 3.216680480779849499e-04
1.536203522504892283e-01 9.996651709214880999e-01 3.348289102203513617e-04
1.516634050880626139e-01 9.996520100501586903e-01 3.479897723627175567e-04
1.497064579256359718e-01 9.996388491788290587e-01 3.611506345050839685e-04
1.477495107632093574e-01 9.996256883074995381e-01 3.743114966474502176e-04
1.457925636007827708e-01 9.996125274361700175e-01 3.874723587898165752e-04
1.438356164383561564e-01 9.995973377268541071e-01 4.026620626670483370e-04
1.418786692759295420e-01 9.995800132189844867e-01 4.199865690426699319e-04
1.399217221135029277e-01 9.995620928032938890e-01 4.379069843404390788e-04
1.379647749510762855e-01 9.995435764797819811e-01 4.564233085603553982e-04
1.360078277886496712e-01 9.995244642484492070e-01 4.755355417024192152e-04
1.340508806262230845e-01 9.995047561092951227e-01 4.952436837666303673e-04
1.320939334637964147e-01 9.994844520623200612e-01 5.155477347529889088e-04
1.301369863013698558e-01 9.994635521075239115e-01 5.364476946614943516e-04
1.281800391389432414e-01 9.994420562449065626e-01 5.579435634921476716e-04
1.262230919765166548e-01 9.994199644744683475e-01 5.800353412449483267e-04
1.242661448140899988e-01 9.993972767962089332e-01 6.027230279198964253e-04
1.223091976516633844e-01 9.993739932101284307e-01 6.260066235169919674e-04
1.203522504892367839e-01 9.993486041092510819e-01 6.513957264465363144e-04
1.183953033268101279e-01 9.993215751008106551e-01 6.784247321163287782e-04
1.164383561643835691e-01 9.992935909722742149e-01 7.064088569447375589e-04
1.144814090019569547e-01 9.992646517236420944e-01 7.353481009317634157e-04
1.125244618395303126e-01 9.992347573549142936e-01 7.652424640774053727e-04
1.105675146771036982e-01 9.992039078660905904e-01 7.960919463816641889e-04
1.086105675146770977e-01 9.991721032571714289e-01 8.278965478445397558e-04
1.066536203522504417e-01 9.991393435281561430e-01 8.606562684660317483e-04
1.046966731898238412e-01 9.991056286790451768e-01 8.943711082461402746e-04
1.027397260273972823e-01 9.990709587098384192e-01 9.290410671848642506e-04
1.007827788649706263e-01 9.990353336205359813e-01 9.646661452822058447e-04
9.882583170254401195e-02 9.989987534111378631e-01 1.001246342538164190e-03
9.686888454011741145e-02 9.989583107518629213e-01 1.041688990166365382e-03
9.491193737769075545e-02 9.989156287086700114e-01 1.084371021408429706e-03
9.295499021526415495e-02 9.988714118566749400e-01 1.128587860801048837e-03
9.099804305283754058e-02 9.988256601958775960e-01 1.174339508344223642e-03
8.904109589041098172e-02 9.987783737262785344e-01 1.221625964037952820e-03
8.708414872798433959e-02 9.987295524478774222e-01 1.270447227882237889e-03
8.512720156555768358e-02 9.986791963606744815e-01 1.320803299877078632e-03
8.317025440313112472e-02 9.986273054646690461e-01 1.372694180022475050e-03
8.121330724070446871e-02 9.985738797598617822e-01 1.426119868318426707e-03
7.925636007827781271e-02 9.985189192462525787e-01 1.481080364764934040e-03
7.729941291585125385e-02 9.984624239238412136e-01 1.537575669361996612e-03
7.534246575342469499e-02 9.984043937926280199e-01 1.595605782109612691e-03
7.338551859099803898e-02 9.983396355617636386e-01 1.660363994964705880e-03
7.142857142857138297e-02 9.982720007137080298e-01 1.727998824645728560e-03
6.947162426614482411e-02 9.982019422452036439e-01 1.798057274313883498e-03
6.751467710371818198e-02 9.981294601562502589e-01 1.870539343969169609e-03
6.555772994129152598e-02 9.980545544468476526e-01 1.945445033611587111e-03
6.360078277886496712e-02 9.979772251169962693e-01 2.022774343241137522e-03
6.164383561643840131e-02 9.978974721666957759e-01 2.102527272857816504e-03
5.968688845401175225e-02 9.978152955959462833e-01 2.184703822461630130e-03
5.772994129158509624e-02 9.977306954047480136e-01 2.269303992052574930e-03
5.577299412915853738e-02 9.976436715931005228e-01 2.356327781630651336e-03
5.381604696673188831e-02 9.975542241610040328e-01 2.445775191195859351e-03
5.185909980430523231e-02 9.974621662790805754e-01 2.537833050567724243e-03
4.990215264187867344e-02 9.973618887179175330e-01 2.638110602415178439e-03
4.794520547945201744e-02 9.972577454338602543e-01 2.742253880103060794e-03
4.598825831702545858e-02 9.971496247533667701e-01 2.850374557437318664e-03
4.403131115459880951e-02 9.970374150028948890e-01 2.962584308223908947e-03
4.207436399217215350e-02 9.969210045089028638e-01 3.078994806268779000e-03
4.011741682974559464e-02 9.968002815978485032e-01 3.199717725377877915e-03
3.816046966731893864e-02 9.966751345961896158e-01 3.324864739357157387e-03
3.620352250489228957e-02 9.965454518303842324e-01 3.454547522012567373e-03
3.424657534246573071e-02 9.964111216268907167e-01 3.588877747150057834e-03
3.228962818003916491e-02 9.962720323121664334e-01 3.727967088575573525e-03
3.033268101761251584e-02 9.961280722126698572e-01 3.871927220095073945e-03
2.837573385518586330e-02 9.959788916990068852e-01 4.021107766890612972e-03
2.641878669275930097e-02 9.958231172147755661e-01 4.176882261891394672e-03
2.446183953033264843e-02 9.956617257644432284e-01 4.338273721372692612e-03
2.250489236790599937e-02 9.954945741326468589e-01 4.505425360367878301e-03
2.054794520547943704e-02 9.953215191040236665e-01 4.678480393910318044e-03
1.859099804305287471e-02 9.951424174632110820e-01 4.857582037033377279e-03
1.663405088062622564e-02 9.949571259948464252e-01 5.042873504770437054e-03
1.467710371819957137e-02 9.947655014835665721e-01 5.234498012154854135e-03
1.272015655577301077e-02 9.945674007140090644e-01 5.432598774220002633e-03
1.076320939334645017e-02 9.943626804708110001e-01 5.637319005999245382e-03
8.806262230919707432e-03 9.941511975386092548e-01 5.848801922525964300e-03
6.849315068493145968e-03 9.939328087020420366e-01 6.067190738833509213e-03
4.892367906066493431e-03 9.937059861216391843e-01 6.294013297339235043e-03
2.935420743639932401e-03 9.934675877610039674e-01 6.532411641207618372e-03
9.784735812132805150e-04 9.932205137090284186e-01 6.779485674014906413e-03
-9.784735812133715880e-04 9.929645188948337253e-01 7.035480466551479947e-03
-2.935420743639932401e-03 9.926993582475414080e-01 7.300641089607760523e-03
-4.892367906066584504e-03 9.924247866962720988e-01 7.575212613974175759e-03
-6.849315068493145968e-03 9.921405591701475402e-01 7.859440110441099497e-03
-8.806262230919797637e-03 9.918464305982891416e-01 8.153568649798968032e-03
-1.076320939334635823e-02 9.915421559098177573e-01 8.457843302838163879e-03
-1.272015655577310271e-02 9.912274900338549077e-01 8.772509140349125933e-03
-1.467710371819966331e-02 9.909021878995216692e-01 9.097811233122223701e-03
-1.663405088062622564e-02 9.905660044359397842e-01 9.433994651947885668e-03
-1.859099804305287471e-02 9.902171812201426837e-01 9.782817827221259449e-03
-2.054794520547943704e-02 9.898540585681920856e-01 1.014594044981931287e-02
-2.250489236790608957e-02 9.894783056737845861e-01 1.052169331644840430e-02
-2.446183953033264843e-02 9.890896011281815614e-01 1.091039783613777757e-02
-2.641878669275939465e-02 9.886876235226446097e-01 1.131237541791674066e-02
-2.837573385518595351e-02 9.882720514484357732e-01 1.172794747081451830e-02
-3.033268101761251584e-02 9.878425634968162061e-01 1.215743540386040288e-02
-3.228962818003916491e-02 9.873988382590477286e-01 1.260116062608369544e-02
-3.424657534246573071e-02 9.869405543263918279e-01 1.305944454651361206e-02
-3.620352250489237977e-02 9.864673902901102132e-01 1.353260857417947979e-02
-3.816046966731893864e-02 9.859790247414645936e-01 1.402097411811050950e-02
-4.011741682974568485e-02 9.854751362717164564e-01 1.452486258733603347e-02
-4.207436399217224371e-02 9.849522462109546739e-01 1.504775263965593170e-02
-4.403131115459880951e-02 9.844091582918021999e-01 1.559084053930166573e-02
-4.598825831702545858e-02 9.838479706089806598e-01 1.615202820134626141e-02
-4.794520547945201744e-02 9.832682414181561636e-01 1.673175736994218094e-02
-4.990215264187876365e-02 9.826695289749942663e-01 1.733046978924203396e-02
-5.185909980430532251e-02 9.820513915351605227e-01 1.794860720339828269e-02
-5.381604696673197852e-02 9.814133873543207098e-01 1.858661135656352464e-02
-5.577299412915853738e-02 9.807550746881401604e-01 1.924492399289023242e-02
-5.772994129158509624e-02 9.800760117922847625e-01 1.992398685653096885e-02
-5.968688845401175225e-02 9.793757569224204040e-01 2.062424169163829674e-02
-6.164383561643831111e-02 9.786538683342125289e-01 2.134613024236468176e-02
-6.360078277886505038e-02 9.779099042833265809e-01 2.209009425286273531e-02
-6.555772994129160924e-02 9.771418078210516445e-01 2.285819068568768764e-02
-6.751467710371826525e-02 9.763492232274848526e-01 2.365077525981363477e-02
-6.947162426614482411e-02 9.755323697300901653e-01 2.446762874185523517e-02
-7.142857142857138297e-02 9.746906973143556474e-01 2.530930114708248788e-02
-7.338551859099803898e-02 9.738236505419347599e-01 2.617634791464799188e-02
-7.534246575342459784e-02 9.729306685506442509e-01 2.706932990758668250e-02
-7.729941291585135099e-02 9.720111850544665977e-01 2.798881341281623386e-02
-7.925636007827790985e-02 9.710646283435490078e-01 2.893537014113668066e-02
-8.121330724070456586e-02 9.700904212842020868e-01 2.990957722723073392e-02
-8.317025440313112472e-02 9.690879813189016145e-01 3.091201722966348264e-02
-8.512720156555768358e-02 9.680567204662884340e-01 3.194327813088267132e-02
-8.708414872798433959e-02 9.669960453211670082e-01 3.300395333721856117e-02
-8.904109589041098172e-02 9.659044083538560477e-01 3.409559034255674193e-02
-9.099804305283763772e-02 9.647815285604295354e-01 3.521847016465287639e-02
-9.295499021526419658e-02 9.636269942314923398e-01 3.637300452189398681e-02
-9.491193737769085259e-02 9.624401374169572199e-01 3.755986136363149985e-02
-9.686888454011741145e-02 9.612202821114465001e-01 3.877971669445078040e-02
-9.882583170254397031e-02 9.599667442542929585e-01 4.003325457417163113e-02
-1.007827788649707096e-01 9.586788317295403816e-01 4.132116711784816765e-02
-1.027397260273972823e-01 9.573558443659420103e-01 4.264415449576848538e-02
-1.046966731898239245e-01 9.559970739369617609e-01 4.400292493345522860e-02
-1.066536203522504833e-01 9.546018041607733373e-01 4.539819471166503528e-02
-1.086105675146771393e-01 9.531693107002614518e-01 4.683068816638900900e-02
-1.105675146771036982e-01 9.516988611630208261e-01 4.830113768885226089e-02
-1.125244618395302570e-01 9.501938139769290359e-01 4.980618487593510557e-02
-1.144814090019570102e-01 9.486511678456606145e-01 5.134883100838587289e-02
-1.164383561643835691e-01 9.470699085595050137e-01 5.293009029293471029e-02
-1.183953033268102251e-01 9.454494662037513653e-01 5.455053264412474540e-02
-1.203522504892367839e-01 9.437892724442671355e-01 5.621072639592731429e-02
-1.223091976516634399e-01 9.420887605274956833e-01 5.791123830174271792e-02
-1.242661448140899988e-01 9.403473652804585914e-01 5.965263353439950733e-02
-1.262230919765167381e-01 9.385645231107531128e-01 6.143547568615516374e-02
-1.281800391389432969e-01 9.367396720065552795e-01 6.326032676869540461e-02
-1.301369863013698558e-01 9.348722515366160168e-01 6.512774721313488446e-02
-1.320939334637964979e-01 9.329617028502654730e-01 6.703829587001682022e-02
-1.340508806262230845e-01 9.310075006510090123e-01 6.899249803589564689e-02
-1.360078277886497267e-01 9.290126400350657843e-01 7.098735863477759200e-02
-1.379647749510763688e-01 9.269740796960810325e-01 7.302591895865806482e-02
-1.399217221135030387e-01 9.248914102471526011e-01 7.510858839515444085e-02
-1.418786692759295975e-01 9.227642312880579567e-01 7.723576734525128273e-02
-1.438356164383561564e-01 9.205921514052561871e-01 7.940784722330095080e-02
-1.457925636007827985e-01 9.183747881718865580e-01 8.162521045702322842e-02
-1.477495107632093574e-01 9.161117681477689567e-01 8.388823048750483624e-02
-1.497064579256361105e-01 9.138027268794043367e-01 8.619727176920070899e-02
-1.516634050880626694e-01 9.114473088999733852e-01 8.855268976993255214e-02
-1.536203522504893115e-01 9.090451677293380772e-01 9.095483097089002156e-02
-1.555772994129158704e-01 9.065959658740406768e-01 9.340403286662990467e-02
-1.575342465753424293e-01 9.040993412427942300e-01 9.590065754464777159e-02
-1.594911937377690991e-01 9.015547412558748697e-01 9.844525755158772817e-02
-1.614481409001956580e-01 8.989620327290267499e-01 1.010379660990309847e-01
-1.634050880626224111e-01 8.963209025549342401e-01 1.036790962938842209e-01
-1.653620352250489700e-01 8.936310460185701299e-01 1.063689528507273940e-01
-1.673189823874756121e-01 8.908921667971925196e-01 1.091078320918150435e-01
-1.692759295499021710e-01 8.881039769603467082e-01 1.118960219470750694e-01
-1.712328767123287299e-01 8.852661969698637501e-01 1.147338019541097043e-01
-1.731898238747553720e-01 8.823785556798636742e-01 1.176214432581950686e-01
-1.751467710371820419e-01 8.794407903367508217e-01 1.205592086122808659e-01
-1.771037181996086840e-01 8.764526465792176202e-01 1.235473523769912568e-01
-1.790606653620352429e-01 8.734138784382431409e-01 1.265861205206237905e-01
-1.810176125244619127e-01 8.703268189633319718e-01 1.296731800040663851e-01
-1.829745596868884716e-01 8.671982349444228300e-01 1.328017640669388877e-01
-1.849315068493150305e-01 8.640218831606583105e-01 1.359781159031218378e-01
-1.868884540117417559e-01 8.607980059217041902e-01 1.392019932040415298e-01
-1.888454011741683425e-01 8.575268771630994991e-01 1.424731220353138705e-01
-1.908023483365949846e-01 8.542088024462523022e-01 1.457911968367452682e-01
-1.927592954990215435e-01 8.508441189584441400e-01 1.491558804223317158e-01
-1.947162426614481856e-01 8.474331955128271421e-01 1.525668039802595133e-01
-1.966731898238747445e-01 8.439764325484246932e-01 1.560235670729047674e-01
-1.986301369863013033e-01 8.404742621301325434e-01 1.595257376368336422e-01
-2.005870841487280565e-01 8.369271479487165877e-01 1.630728519828026357e-01
-2.025440313111546153e-01 8.333355853208155306e-01 1.666644147957574429e-01
-2.045009784735812852e-01 8.296930546968078746e-01 1.703069455974080548e-01
-2.064579256360078441e-01 8.259907688151434391e-01 1.740092316118090898e-01
-2.084148727984344862e-01 8.222379401388641984e-01 1.777620604138545612e-01
-2.103718199608610451e-01 8.184338963357926655e-01 1.815661043321242230e-01
-2.123287671232876872e-01 8.145778814165287596e-01 1.854221193519973443e-01
-2.142857142857143571e-01 8.106690513229086736e-01 1.893309495271772724e-01
-2.162426614481409159e-01 8.067064695164604116e-01 1.932935313912149122e-01
-2.181996086105675581e-01 8.026891025668625446e-01 1.973108983690349261e-01
-2.201565557729941169e-01 7.986158157403996372e-01 2.013841851884586032e-01
-2.221135029354207868e-01 7.944853685884190053e-01 2.055146322917301149e-01
-2.240704500978474289e-01 7.902964105357892510e-01 2.097035902470396063e-01
-2.260273972602739878e-01 7.860474764693548000e-01 2.139525241600487848e-01
-2.279843444227006299e-01 7.817595881548276004e-01 2.182404123615389602e-01
-2.299412915851272166e-01 7.774425819423192996e-01 2.225574185458403520e-01
-2.318982387475538587e-01 7.730775365858297832e-01 2.269224638704226971e-01
-2.338551859099804175e-01 7.686649448199852630e-01 2.313350556019515003e-01
-2.358121330724071707e-01 7.642053367499221928e-01 2.357946636367109217e-01
-2.377690802348337296e-01 7.596992798512895995e-01 2.403007205006016389e-01
-2.397260273972602884e-01 7.551473789702471962e-01 2.448526213491428460e-01
-2.416829745596869305e-01 7.505502763234650487e-01 2.494497239674715594e-01
-2.436399217221134894e-01 7.459086514981252414e-01 2.540913487703410634e-01
-2.455968688845401593e-01 7.412232214519214324e-01 2.587767788021240745e-01
-2.475538160469667182e-01 7.364947405130577440e-01 2.635052597368092719e-01
-2.495107632093934436e-01 7.317240003802492065e-01 2.682759998780043786e-01
-2.514677103718200302e-01 7.268999507496223256e-01 2.731000494926688060e-01
-2.534246575342465890e-01 7.220232201591932908e-01 2.779767800445784864e-01
-2.553816046966732034e-01 7.171001808353405504e-01 2.828998193281843654e-01
-2.573385518590997623e-01 7.121309433185214477e-01 2.878690568031158081e-01
-2.592954990215264321e-01 7.071156138560188431e-01 2.928843862221657268e-01
-2.612524461839531020e-01 7.020542944019458886e-01 2.979457056312878604e-01
-2.632093933463797164e-01 6.969470826172431410e-01 3.030529173695994949e-01
-2.651663405088063308e-01 6.917940718696804492e-01 3.082059280693794090e-01
-2.671232876712328896e-01 6.865953512338556219e-01 3.134046486560690958e-01
-2.690802348336595040e-01 6.813510054911948721e-01 3.186489943482724851e-01
-2.710371819960860629e-01 6.760611151299533716e-01 3.239388846577549441e-01
-2.729941291585128438e-01 6.707257563452142524e-01 3.292742433894453313e-01
-2.749510763209394026e-01 6.653831340243815395e-01 3.346168656770792671e-01
-2.769080234833660170e-01 6.600222892401025332e-01 3.399777104418898466e-01
-2.788649706457925759e-01 6.546339558362697097e-01 3.453660438347980755e-01
-2.808219178082191347e-01 6.492203945037103852e-01 3.507796051661715153e-01
-2.827788649706458046e-01 6.437839714016028170e-01 3.562160282780784670e-01
-2.847358121330723635e-01 6.383271581574769815e-01 3.616728415442873601e-01
-2.866927592954990889e-01 6.328525318672129085e-01 3.671474678702684180e-01
-2.886497064579256477e-01 6.273627750950425686e-01 3.726372246931911048e-01
-2.906066536203523176e-01 6.218606758735472084e-01 3.781393239819275109e-01
-2.925636007827788765e-01 6.163491277036601268e-01 3.836508722370488011e-01
-2.945205479452054353e-01 6.108311295546653419e-01 3.891688704908278229e-01
-2.964774951076321052e-01 6.053097858641970364e-01 3.946902143072382185e-01
-2.984344422700587751e-01 5.996688232388569517e-01 4.003311770271140158e-01
-3.003913894324853895e-01 5.939726542741533555e-01 4.060273460843864535e-01
-3.023483365949119483e-01 5.882354030214151930e-01 4.117645974343454585e-01
-3.043052837573386182e-01 5.824547408487624756e-01 4.175452597080286932e-01
-3.062622309197651771e-01 5.766281544641271850e-01 4.233718461965819690e-01
-3.082191780821917360e-01 5.707529459152500539e-01 4.292470548512619666e-01
-3.101761252446184614e-01 5.648262325896822311e-01 4.351737682834342369e-01
-3.121330724070450202e-01 5.588449472147871688e-01 4.411550537645732017e-01
-3.140900195694716901e-01 5.528058378577367371e-01 4.471941632262642075e-01
-3.160469667318982490e-01 5.467054679255143324e-01 4.532945332602003052e-01
-3.180039138943249188e-01 5.405402161649133230e-01 4.594597851181857484e-01
-3.199608610567514777e-01 5.343062766625384929e-01 4.656937247121329948e-01
-3.219178082191780366e-01 5.281860887643889946e-01 4.718139126389024884e-01
-3.238747553816047620e-01 5.220428748592187418e-01 4.779571265516158185e-01
-3.258317025440313208e-01 5.158752636441887862e-01 4.841247377518919648e-01
-3.277886497064578797e-01 5.096843367079054721e-01 4.903156646491505510e-01
-3.297455968688846606e-01 5.034711756389761428e-01 4.965288256528094246e-01
-3.317025440313112195e-01 4.972368620260074756e-01 5.027631391722882093e-01
-3.336594911937377783e-01 4.909824774576068140e-01 5.090175236170049189e-01
-3.356164383561643372e-01 4.847091035223803912e-01 5.152908973963785666e-01
-3.375733855185910626e-01 4.784178218089352175e-01 5.215821789198284986e-01
-3.395303326810176214e-01 4.721097139058788583e-01 5.278902865967720626e-01
-3.414872798434443468e-01 4.657858614018173804e-01 5.342141388366293819e-01
-3.434442270058709057e-01 4.594455318713760450e-01 5.405544680885077113e-01
-3.454011741682974646e-01 4.530740672600306329e-01 5.469259326280084821e-01
-3.473581213307240789e-01 4.466854854163995192e-01 5.533145144212145983e-01
-3.493150684931506378e-01 4.402805123388167652e-01 5.597194874728574909e-01
-3.512720156555773632e-01 4.338598740256164321e-01 5.661401257876675919e-01
-3.532289628180039220e-01 4.274242964751329144e-01 5.725757033703751109e-01
-3.551859099804306474e-01 4.209745056857004952e-01 5.790254942257111459e-01
-3.571428571428572063e-01 4.145112276556536246e-01 5.854887723584056847e-01
-3.590998043052837652e-01 4.080351883833260862e-01 5.919648117731897141e-01
-3.610567514677103240e-01 4.015471138670527740e-01 5.984528864747935550e-01
-3.630136986301368829e-01 3.950477301051675827e-01 6.049522704679480833e-01
-3.649706457925636638e-01 3.885377630960045181e-01 6.114622377573833978e-01
-3.669275929549902227e-01 3.820286444880635068e-01 6.179713566025475391e-01
-3.688845401174169480e-01 3.755538051367734997e-01 6.244461958604967666e-01
-3.708414872798435069e-01 3.690832277384498150e-01 6.309167731111314792e-01
-3.727984344422700658e-01 3.626186047357142783e-01 6.373813959063079349e-01
-3.747553816046966246e-01 3.561616285711897145e-01 6.438383717978810594e-01
-3.767123287671231835e-01 3.497139916874985044e-01 6.502860083377066669e-01
-3.786692759295499644e-01 3.432773865272625846e-01 6.567226130776413484e-01
-3.806262230919765233e-01 3.368535055331050576e-01 6.631464935695392526e-01
-3.825831702544032487e-01 3.304440411476479711e-01 6.695559573652577479e-01
-3.845401174168298075e-01 3.240506858135141499e-01 6.759493120166504276e-01
-3.864970645792563664e-01 3.176751319733254753e-01 6.823248650755749933e-01
-3.884540117416829252e-01 3.113190720697050495e-01 6.886809240938855936e-01
-3.904109589041096506e-01 3.049548940195248581e-01 6.950451014745842038e-01
-3.923679060665362095e-01 2.985450556829842839e-01 7.014549397876072012e-01
-3.943248532289627684e-01 2.921372931602000955e-01 7.078627024160505377e-01
-3.962818003913895493e-01 2.857315984134101705e-01 7.142683974110366485e-01
-3.982387475538161081e-01 2.793279634048531079e-01 7.206720328236863038e-01
-4.001956947162426670e-01 2.729263800967665632e-01 7.270736167051230492e-01
-4.021526418786692259e-01 2.665268404513889133e-01 7.334731571064678768e-01
-4.041095890410959512e-01 2.601293364309578693e-01 7.398706620788435551e-01
-4.060665362035225101e-01 2.537338599977118636e-01 7.462661396733718533e-01
-4.080234833659490690e-01 2.473404031138888293e-01 7.526595979411745407e-01
-4.099804305283758499e-01 2.409489577417264217e-01 7.590510449333742748e-01
-4.119373776908024087e-01 2.345595158434632954e-01 7.654404887010924918e-01
-4.138943248532289676e-01 2.282586784505182820e-01 7.717413275604307898e-01
-4.158512720156556930e-01 2.220903716916071413e-01 7.779096350582727082e-01
-4.178082191780822519e-01 2.159731013577609327e-01 7.840269060434029713e-01
-4.197651663405088107e-01 2.099105338942804100e-01 7.900894740556323459e-01
-4.217221135029353696e-01 2.039063357464653281e-01 7.960936726347720427e-01
-4.236790606653620950e-01 1.979641733596154141e-01 8.020358353206332724e-01
-4.256360078277886538e-01 1.920877131790314218e-01 8.079122956530262467e-01
-4.275929549902154347e-01 1.862806216500128564e-01 8.137193871717638416e-01
-4.295499021526419936e-01 1.805465652178602776e-01 8.194534434166551584e-01
-4.315068493150685525e-01 1.748892103278733012e-01 8.251107979275125182e-01
-4.334637964774951113e-01 1.693122234253525704e-01 8.306877842441460214e-01
-4.354207436399216702e-01 1.638192709555978399e-01 8.361807359063674339e-01
-4.373776908023483956e-01 1.583601389851040375e-01 8.416398673871650082e-01
-4.393346379647749544e-01 1.529376192482477526e-01 8.470623869462738931e-01
-4.412915851272017354e-01 1.475860096080175987e-01 8.524139963906501860e-01
-4.432485322896282942e-01 1.423071859366095704e-01 8.576928198516335922e-01
-4.452054794520548531e-01 1.371030241062184685e-01 8.628969814605624844e-01
-4.471624266144814119e-01 1.319753999890401763e-01 8.680246053487761237e-01
-4.491193737769079708e-01 1.269261894572699390e-01 8.730738156476127720e-01
-4.510763209393346962e-01 1.219572683831027099e-01 8.780427364884122454e-01
-4.530332681017612551e-01 1.170705126387345391e-01 8.829294920025121396e-01
-4.549902152641879804e-01 1.122677980963601996e-01 8.877322063212527148e-01
-4.569471624266145393e-01 1.075510006281756581e-01 8.924490035759722328e-01
-4.589041095890410982e-01 1.029468535912163585e-01 8.970531503943042217e-01
-4.608610567514677125e-01 9.844194893152397041e-02 9.015580548453405729e-01
-4.628180039138942714e-01 9.403646282817051949e-02 9.059635407548338737e-01
-4.647749510763209968e-01 8.973287728313331102e-02 9.102671261238810541e-01
-4.667318982387475557e-01 8.553367429839024705e-02 9.144663289535777118e-01
-4.686888454011742811e-01 8.144133587591836920e-02 9.185586672450218870e-01
-4.706457925636008399e-01 7.745834401769560729e-02 9.225416589993100658e-01
-4.726027397260273988e-01 7.358718072569897517e-02 9.264128222175384009e-01
-4.745596868884539576e-01 6.983032800190641654e-02 9.301696749008041554e-01
-4.765166340508805165e-01 6.619026784829512566e-02 9.338097350502041483e-01
-4.784735812133070754e-01 6.267266999908721603e-02 9.373273329064889525e-01
-4.804305283757340228e-01 5.929112518256764858e-02 9.407088776465202251e-01
-4.823874755381605817e-01 5.603834147427103757e-02 9.439616612839989429e-01
-4.843444227005871405e-01 5.291718078901520156e-02 9.470828219038318618e-01
-4.863013698630136994e-01 4.993050504161825054e-02 9.500694975909266260e-01
-4.882583170254402583e-01 4.708117614689837083e-02 9.529188264301899913e-01
-4.902152641878670392e-01 4.437205601967340873e-02 9.556279465065293799e-01
-4.921722113502935980e-01 4.180600657476206405e-02 9.581939959048508815e-01
-4.941291585127201569e-01 3.938588972698220392e-02 9.606141127100623622e-01
-4.960861056751467157e-01 3.711456739115198689e-02 9.628854350070701340e-01
-4.980430528375734411e-01 3.499490148208926621e-02 9.650051008807825070e-01
-5.000000000000000000e-01 3.295384465437303789e-02 9.670461577065613268e-01
-5.000000000000000000e-01 3.295384465437303789e-02 9.670461577065613268e-01
-4.980430528375733301e-01 3.178625908382028131e-02 9.682137432175672576e-01
-4.960861056751467713e-01 3.117749581940983464e-02 9.688225064920423790e-01
-4.941291585127201569e-01 3.075314779432658172e-02 9.692468544882124615e-01
-4.921722113502935980e-01 3.045844360576821508e-02 9.695415586747763159e-01
-4.902152641878669281e-01 3.024600601810946768e-02 9.697539962411791947e-01
-4.882583170254402583e-01 3.010392392203367282e-02 9.698960783035167621e-01
-4.863013698630136994e-01 3.002404866892541963e-02 9.699759535173716474e-01
-4.843444227005870295e-01 3.000574493672241924e-02 9.699942572189457213e-01
-4.823874755381604706e-01 3.004245781255858797e-02 9.699575443145808107e-01
-4.804305283757338563e-01 3.011200718775781590e-02 9.698879949118279775e-01
-4.784735812133072974e-01 3.022371056087566968e-02 9.697762915126041383e-01
-4.765166340508806275e-01 3.037756793191220828e-02 9.696224341169095151e-01
-4.745596868884539576e-01 3.056983809545735578e-02 9.694301639329635512e-01
-4.726027397260273988e-01 3.078407228806035942e-02 9.692159297365703363e-01
-4.706457925636007844e-01 3.103175189988081201e-02 9.689682501289471617e-01
-4.686888454011742255e-01 3.131287693091874824e-02 9.686871251100943603e-01
-4.667318982387475557e-01 3.162566841094621023e-02 9.683743336480059583e-01
-4.647749510763208858e-01 3.195208249907972170e-02 9.680479195609044130e-01
-4.628180039138943269e-01 3.230379653835402376e-02 9.676962055204201274e-01
-4.608610567514677125e-01 3.268081052876913029e-02 9.673191915265534346e-01
-4.589041095890410982e-01 3.308305081492636524e-02 9.669169512346820206e-01
-4.569471624266144838e-01 3.349919643283408993e-02 9.665008056056028085e-01
-4.549902152641878139e-01 3.393615519640962030e-02 9.660638468273483603e-01
-4.530332681017612551e-01 3.439392710565297717e-02 9.656060748999182319e-01
-4.510763209393345852e-01 3.487251216056413278e-02 9.651274898233122013e-01
-4.491193737769080263e-01 3.536907763319183107e-02 9.646309243265964728e-01
-4.471624266144814119e-01 3.588421447305044365e-02 9.641157874600235766e-01
-4.452054794520548531e-01 3.641770864930518603e-02 9.635822932545131669e-01
-4.432485322896281832e-01 3.696915140541948142e-02 9.630308504667624003e-01
-4.412915851272015133e-01 3.753917722138492424e-02 9.624608246215624607e-01
-4.393346379647749544e-01 3.812735221538124386e-02 9.618726496007838911e-01
-4.373776908023483401e-01 3.873327444340012027e-02 9.612667273486259489e-01
-4.354207436399217812e-01 3.935670851219534583e-02 9.606432932592634533e-01
-4.334637964774951113e-01 3.999834061515623873e-02 9.600016611354469376e-01
-4.315068493150685525e-01 4.065812763201130664e-02 9.593418740973782555e-01
-4.295499021526418826e-01 4.133576099099585399e-02 9.586642407181307224e-01
-4.275929549902152127e-01 4.203118423302664580e-02 9.579688174567870806e-01
-4.256360078277886538e-01 4.274434089902041933e-02 9.572556607724300726e-01
-4.236790606653620395e-01 4.347517452989395348e-02 9.565248271241412192e-01
-4.217221135029353696e-01 4.422362866656397162e-02 9.557763729710037071e-01
-4.197651663405088107e-01 4.498964684994723184e-02 9.550103547720993902e-01
-4.178082191780821408e-01 4.577331082393152478e-02 9.542266907832326339e-01
-4.158512720156555820e-01 4.657463012345358644e-02 9.534253714693192716e-01
-4.138943248532289676e-01 4.739346149967155197e-02 9.526065400793932714e-01
-4.119373776908024087e-01 4.822976254639468191e-02 9.517702390196133289e-01
-4.099804305283757389e-01 4.908349085743220208e-02 9.509165106961379177e-01
-4.080234833659490690e-01 4.995460402659335220e-02 9.500453975151257335e-01
-4.060665362035225101e-01 5.084305964768735808e-02 9.491569418827353610e-01
-4.041095890410958957e-01 5.174881531452348721e-02 9.482511862051261620e-01
-4.021526418786692814e-01 5.267220609061940007e-02 9.473277954185942429e-01
-4.001956947162426670e-01 5.361383434012914617e-02 9.463861671586939472e-01
-3.982387475538160526e-01 5.457308583130790480e-02 9.454269156573689159e-01
-3.962818003913894382e-01 5.554996543068733972e-02 9.444500360480362344e-01
-3.943248532289627684e-01 5.654447800479912856e-02 9.434555234641130994e-01
-3.923679060665362095e-01 5.755662842017487957e-02 9.424433730390167074e-01
-3.904109589041095951e-01 5.858642154334626345e-02 9.414135799061638110e-01
-3.884540117416829808e-01 5.963386224084496479e-02 9.403661391989718288e-01
-3.864970645792563664e-01 6.069924334874286093e-02 9.393007580812133828e-01
-3.845401174168296965e-01 6.178442304795617179e-02 9.382155783712511354e-01
-3.825831702544031376e-01 6.288807797275811073e-02 9.371119234352400795e-01
-3.806262230919765233e-01 6.401030007747671169e-02 9.359897013187706838e-01
-3.786692759295499089e-01 6.515118131643982125e-02 9.348488200674311965e-01
-3.767123287671232945e-01 6.631081364397550804e-02 9.336891877268118645e-01
-3.747553816046966246e-01 6.748928901441172967e-02 9.325107123425013800e-01
-3.727984344422700658e-01 6.868669938207644377e-02 9.313133019600892126e-01
-3.708414872798433959e-01 6.990313670129760792e-02 9.300968646251648320e-01
-3.688845401174168370e-01 7.113955668852560421e-02 9.288604446270025683e-01
-3.669275929549902227e-01 7.239553810838705861e-02 9.276044631974424970e-01
-3.649706457925635528e-01 7.367117070623839525e-02 9.263288305910308829e-01
-3.630136986301369939e-01 7.496658077823029065e-02 9.250334205117649589e-01
-3.610567514677103240e-01 7.628189462051346292e-02 9.237181066636422910e-01
-3.590998043052837096e-01 7.761723852923851918e-02 9.223827627506604454e-01
-3.571428571428571508e-01 7.897273880055619144e-02 9.210272624768167660e-01
-3.551859099804305364e-01 8.034852173061714231e-02 9.196514795461090408e-01
-3.532289628180039220e-01 8.174170223446541872e-02 9.182582990391401356e-01
-3.512720156555772522e-01 8.315323580098600564e-02 9.168467654684129275e-01
-3.493150684931506933e-01 8.458388927986665307e-02 9.154161119853446715e-01
-3.473581213307240789e-01 8.603363406022068727e-02 9.139663672007389827e-01
-3.454011741682974646e-01 8.750244153116154555e-02 9.124975597253994763e-01
-3.434442270058708502e-01 8.899028308180259583e-02 9.110097181701288793e-01
-3.414872798434442358e-01 9.049713010125712276e-02 9.095028711457306958e-01
-3.395303326810176214e-01 9.202295397863859139e-02 9.079770472630080969e-01
-3.375733855185909515e-01 9.356772610306032800e-02 9.064322751327646976e-01
-3.356164383561643927e-01 9.513141786363572827e-02 9.048685833658030031e-01
-3.336594911937377783e-01 9.671400064947817399e-02 9.032860005729272945e-01
-3.317025440313111639e-01 9.831544584970100531e-02 9.016845553649400768e-01
-3.297455968688845496e-01 9.993572485341761791e-02 9.000642763526449652e-01
-3.277886497064578797e-01 1.015748090497413658e-01 8.984251921468449087e-01
-3.258317025440313208e-01 1.032326698277856447e-01 8.967673313583439665e-01
-3.238747553816047065e-01 1.049092785766637670e-01 8.950907225979440884e-01
-3.219178082191780921e-01 1.066030888183865100e-01 8.933969123499270193e-01
-3.199608610567514777e-01 1.083125034668300929e-01 8.916874977069193520e-01
-3.180039138943248078e-01 1.100397097760588416e-01 8.899602914054680625e-01
-3.160469667318981934e-01 1.117846212166231090e-01 8.882153799751821843e-01
-3.140900195694715791e-01 1.135471512590733312e-01 8.864528499456714172e-01
-3.121330724070450202e-01 1.153272133739599997e-01 8.846727878465452388e-01
-3.101761252446184058e-01 1.171247210318334536e-01 8.828752802074131267e-01
-3.082191780821917915e-01 1.189395877032441151e-01 8.810604135578845586e-01
-3.062622309197651771e-01 1.207717268587423926e-01 8.792282744275687900e-01
-3.043052837573385072e-01 1.226210519688787498e-01 8.773789493460756317e-01
-3.023483365949118928e-01 1.244874765042035675e-01 8.755125248430141172e-01
-3.003913894324853340e-01 1.263709139352671984e-01 8.736290874479940571e-01
-2.984344422700587196e-01 1.282712777326202314e-01 8.717287236906250403e-01
-2.964774951076321052e-01 1.301884813668129359e-01 8.698115201005159891e-01
-2.945205479452054909e-01 1.321224383083957066e-01 8.678775632072768254e-01
-2.925636007827788210e-01 1.340730620279191043e-01 8.659269395405166936e-01
-2.906066536203522066e-01 1.360402659959334126e-01 8.639597356298455155e-01
-2.886497064579256477e-01 1.380161405879476444e-01 8.619838610772062593e-01
-2.866927592954990334e-01 1.400069630990552760e-01 8.599930386061369614e-01
-2.847358121330724190e-01 1.420126240357932335e-01 8.579873777101943988e-01
-2.827788649706457491e-01 1.440329562072781289e-01 8.559670455801877686e-01
-2.808219178082191902e-01 1.460677924226259639e-01 8.539322094069262681e-01
-2.788649706457925759e-01 1.481169654909535172e-01 8.518830363812193163e-01
-2.769080234833659615e-01 1.501803082213769014e-01 8.498196936938762214e-01
-2.749510763209393471e-01 1.522576534230125900e-01 8.477423485357065136e-01
-2.729941291585127328e-01 1.543488339049770008e-01 8.456511680975196121e-01
-2.710371819960860629e-01 1.564536824763864131e-01 8.435463195701244921e-01
-2.690802348336594485e-01 1.585720319463573280e-01 8.414279701443309056e-01
-2.671232876712328896e-01 1.607037151240059969e-01 8.392962870109483831e-01
-2.651663405088062753e-01 1.628485648184489210e-01 8.371514373607855664e-01
-2.632093933463796609e-01 1.650064138388024348e-01 8.349935883846524298e-01
-2.612524461839529910e-01 1.671770949941829287e-01 8.328229072733583926e-01
-2.592954990215264321e-01 1.693604410937067373e-01 8.306395612177123189e-01
-2.573385518590997623e-01 1.715499950970927889e-01 8.284500072607828836e-01
-2.553816046966732034e-01 1.737463176312362689e-01 8.262536847752692815e-01
-2.534246575342465890e-01 1.759528343425527386e-01 8.240471681130476789e-01
-2.514677103718199747e-01 1.781692685918302432e-01 8.218307339133050782e-01
-2.495107632093933048e-01 1.803953437398571613e-01 8.196046588152288148e-01
-2.475538160469667182e-01 1.826307831474217602e-01 8.173692194580062242e-01
-2.455968688845401038e-01 1.848753101753122519e-01 8.151246924808245309e-01
-2.436399217221134617e-01 1.871286481843168481e-01 8.128713545228711812e-01
-2.416829745596868750e-01 1.893905205352238441e-01 8.106094822233331776e-01
-2.397260273972602884e-01 1.916606505888214795e-01 8.083393522213978555e-01
-2.377690802348336740e-01 1.939387617058980773e-01 8.060612411562529944e-01
-2.358121330724070319e-01 1.962245772472419048e-01 8.037754256670850417e-01
-2.338551859099804175e-01 1.985178205736410906e-01 8.014821823930823319e-01
-2.318982387475538032e-01 2.008182150458839854e-01 7.991817879734310903e-01
-2.299412915851271610e-01 2.031254840247588289e-01 7.968745190473192075e-01
-2.279843444227006022e-01 2.054393508710538330e-01 7.945606522539334637e-01
-2.260273972602739878e-01 2.077574207263706563e-01 7.922425824503822600e-01
-2.240704500978473457e-01 2.100731281745037426e-01 7.899268750490857638e-01
-2.221135029354207313e-01 2.123927802722230251e-01 7.876072229971863292e-01
-2.201565557729941169e-01 2.147159968307822409e-01 7.852840064833437328e-01
-2.181996086105674748e-01 2.170423976614356820e-01 7.829576056962177510e-01
-2.162426614481408604e-01 2.193716025754370857e-01 7.806284008244672723e-01
-2.142857142857143016e-01 2.217032313840406332e-01 7.782967720567527392e-01
-2.123287671232876872e-01 2.240369038985003669e-01 7.759630995817332622e-01
-2.103718199608610451e-01 2.263722399300702182e-01 7.736277635880683956e-01
-2.084148727984344307e-01 2.287088592900041739e-01 7.712911442644179161e-01
-2.064579256360078441e-01 2.310463817895564431e-01 7.689536217994414891e-01
-2.045009784735811742e-01 2.333844272399808184e-01 7.666155763817988911e-01
-2.025440313111545876e-01 2.357226154525314255e-01 7.642773882001496766e-01
-2.005870841487280010e-01 2.380605662384622789e-01 7.619394374431531780e-01
-1.986301369863013588e-01 2.403978994090272825e-01 7.596021042994691719e-01
-1.966731898238747445e-01 2.427342347754806728e-01 7.572657689577571016e-01
-1.947162426614481578e-01 2.450691921490762426e-01 7.549308116066768548e-01
-1.927592954990214880e-01 2.473989792528493159e-01 7.526010245125263065e-01
-1.908023483365949013e-01 2.497251459347461233e-01 7.502748578332574247e-01
-1.888454011741682870e-01 2.520478067914252440e-01 7.479521969736595555e-01
-1.868884540117416448e-01 2.543664909595655388e-01 7.456335127966864373e-01
-1.849315068493150582e-01 2.566807242070474615e-01 7.433192795340797243e-01
-1.829745596868884716e-01 2.589900289329531979e-01 7.410099747863684305e-01
-1.810176125244618017e-01 2.612939241675669155e-01 7.387060795228698185e-01
-1.790606653620352151e-01 2.635919255723741528e-01 7.364080780816890659e-01
-1.771037181996086007e-01 2.658835454400620968e-01 7.341164581697188218e-01
-1.751467710371819586e-01 2.681682926945198053e-01 7.318317108626399836e-01
-1.731898238747553442e-01 2.704456728908381513e-01 7.295543306049214749e-01
-1.712328767123287854e-01 2.727151882153093232e-01 7.272848152098194685e-01
-1.692759295499021710e-01 2.749763374854274911e-01 7.250236658593782746e-01
-1.673189823874755289e-01 2.772286161498883628e-01 7.227713871044301186e-01
-1.653620352250489145e-01 2.794715162885895721e-01 7.205284868645953633e-01
-1.634050880626223001e-01 2.817045266126303460e-01 7.182954764282811766e-01
-1.614481409001956580e-01 2.839309343410270081e-01 7.160690685916497600e-01
-1.594911937377690436e-01 2.861523301194648372e-01 7.138476727171992886e-01
-1.575342465753424848e-01 2.883643222028160480e-01 7.116356805335695146e-01
-1.555772994129158426e-01 2.905665771066039405e-01 7.094334255254917121e-01
-1.536203522504892283e-01 2.927587651869465457e-01 7.072412373371210759e-01
-1.516634050880626139e-01 2.949405606405562930e-01 7.050594417720377205e-01
-1.497064579256359718e-01 2.971116415047406756e-01 7.028883607932470134e-01
-1.477495107632093574e-01 2.992716896574020291e-01 7.007283125231780208e-01
-1.457925636007827708e-01 3.014203908170369761e-01 6.985796112436839511e-01
-1.438356164383561564e-01 3.035574345427375365e-01 6.964425673960437102e-01
-1.418786692759295420e-01 3.056825142341903501e-01 6.943174875809596802e-01
-1.399217221135029277e-01 3.077953271316763995e-01 6.922046745585591632e-01
-1.379647749510762855e-01 3.098955743160719534e-01 6.901044272483942699e-01
-1.360078277886496712e-01 3.119829607088479007e-01 6.880170407294405877e-01
-1.340508806262230845e-01 3.140571950720697503e-01 6.859428062401000670e-01
-1.320939334637964147e-01 3.161179900083975758e-01 6.838820111781973576e-01
-1.301369863013698558e-01 3.181664210660147818e-01 6.818335799964362343e-01
-1.281800391389432414e-01 3.202206994353380964e-01 6.797793015101170067e-01
-1.262230919765166548e-01 3.222653497349212137e-01 6.777346510969614046e-01
-1.242661448140899988e-01 3.243005452433221913e-01 6.756994554790990426e-01
-1.223091976516633844e-01 3.263264801101941615e-01 6.736735205075887745e-01
-1.203522504892367839e-01 3.283433693562848310e-01 6.716566311624189156e-01
-1.183953033268101279e-01 3.303514488734373700e-01 6.696485515525066878e-01
-1.164383561643835691e-01 3.323509754245896897e-01 6.676490249156984413e-01
-1.144814090019569547e-01 3.343422266437746648e-01 6.656577736187696548e-01
-1.125244618395303126e-01 3.363255010361197450e-01 6.636744991574250463e-01
-1.105675146771036982e-01 3.383011179778478983e-01 6.616988821562981293e-01
-1.086105675146770977e-01 3.402694177162768896e-01 6.597305823689518789e-01
-1.066536203522504417e-01 3.422307613698192252e-01 6.577692386778785094e-01
-1.046966731898238412e-01 3.441855309279825414e-01 6.558144690944985866e-01
-1.027397260273972823e-01 3.461341292513692713e-01 6.538658707591625818e-01
-1.007827788649706263e-01 3.480769800716769224e-01 6.519230199411500948e-01
-9.882583170254401195e-02 3.500145279916981877e-01 6.499854720386692986e-01
-9.686888454011741145e-02 3.519461564940317144e-01 6.480538435353846438e-01
-9.491193737769075545e-02 3.538726456828453215e-01 6.461273543376164774e-01
-9.295499021526415495e-02 3.557949077447248865e-01 6.442050922728614903e-01
-9.099804305283754058e-02 3.577134352805083628e-01 6.422865647402387079e-01
-8.904109589041098172e-02 3.596287404362308315e-01 6.403712595936521534e-01
-8.708414872798433959e-02 3.615413549031245566e-01 6.384586451417892938e-01
-8.512720156555768358e-02 3.634518299176180967e-01 6.365481701481232601e-01
-8.317025440313112472e-02 3.653607362613375265e-01 6.346392638309110712e-01
-8.121330724070446871e-02 3.672686642611054930e-01 6.327313358631944107e-01
-7.925636007827781271e-02 3.691762237889419374e-01 6.308237763727991831e-01
-7.729941291585125385e-02 3.710840442620637059e-01 6.289159559423364021e-01
-7.534246575342469499e-02 3.729927746428842728e-01 6.270072256092011909e-01
-7.338551859099803898e-02 3.749030834390142397e-01 6.250969168655737818e-01
-7.142857142857138297e-02 3.768156587032613358e-01 6.231843416584177398e-01
-6.947162426614482411e-02 3.787312080336299180e-01 6.212687923894825159e-01
-6.751467710371818198e-02 3.806504585733214707e-01 6.193495419153007830e-01
-6.555772994129152598e-02 3.825473252906003152e-01 6.174526752623926695e-01
-6.360078277886496712e-02 3.843748489337212026e-01 6.156251516734265739e-01
-6.164383561643840131e-02 3.861867164499912519e-01 6.138132842105006315e-01
-5.968688845401175225e-02 3.879816858834804205e-01 6.120183148288285135e-01
-5.772994129158509624e-02 3.897584572161810756e-01 6.102415435456700621e-01
-5.577299412915853738e-02 3.915156723680064399e-01 6.084843284403304020e-01
-5.381604696673188831e-02 3.932519151967921456e-01 6.067480856541600520e-01
-5.185909980430523231e-02 3.949657114982954575e-01 6.050342893905550357e-01
-4.990215264187867344e-02 3.966555290061951622e-01 6.033444719149566593e-01
-4.794520547945201744e-02 3.983197773920924556e-01 6.016802235548515121e-01
-4.598825831702545858e-02 3.999568082655093337e-01 6.000431926997723542e-01
-4.403131115459880951e-02 4.015649151738907019e-01 5.984350858012967844e-01
-4.207436399217215350e-02 4.031423336026019877e-01 5.968576673730473514e-01
-4.011741682974559464e-02 4.046872409749315835e-01 5.953127599906933298e-01
-3.816046966731893864e-02 4.061977566520890148e-01 5.938022442919485000e-01
-3.620352250489228957e-02 4.076719419332056615e-01 5.923280589765720361e-01
-3.424657534246573071e-02 4.091078000553345362e-01 5.908922008063692832e-01
-3.228962818003916491e-02 4.106567265714041737e-01 5.893432742965798443e-01
-3.033268101761251584e-02 4.122080134477302815e-01 5.877919874309398551e-01
-2.837573385518586330e-02 4.137498930150120824e-01 5.862501078732736959e-01
-2.641878669275930097e-02 4.152826936450143003e-01 5.847173072517937165e-01
-2.446183953033264843e-02 4.168067437095023253e-01 5.831932571947118227e-01
-2.250489236790599937e-02 4.183223715802411036e-01 5.816776293302408085e-01
-2.054794520547943704e-02 4.198299056289960252e-01 5.801700952865922467e-01
-1.859099804305287471e-02 4.213296742275320916e-01 5.786703266919792643e-01
-1.663405088062622564e-02 4.228220057476146376e-01 5.771779951746136561e-01
-1.467710371819957137e-02 4.243072285610087757e-01 5.756927723627076610e-01
-1.272015655577301077e-02 4.257856710394792854e-01 5.742143298844737398e-01
-1.076320939334645017e-02 4.272576615547916679e-01 5.727423393681241315e-01
-8.806262230919707432e-03 4.287235284787113132e-01 5.712764724418712969e-01
-6.849315068493145968e-03 4.301836001830028899e-01 5.698164007339270309e-01
-4.892367906066493431e-03 4.316401697946625760e-01 5.683598311185098506e-01
-2.935420743639932401e-03 4.331007655087223962e-01 5.668992354058104421e-01
-9.784735812132805150e-04 4.345560807157297090e-01 5.654439201998633369e-01
9.784735812133715880e-04 4.360061154156843477e-01 5.639938855006687568e-01
2.935420743639932401e-03 4.374508696085863679e-01 5.625491313082265910e-01
4.892367906066584504e-03 4.388903432944359917e-01 5.611096576225365062e-01
6.849315068493145968e-03 4.403245364732328859e-01 5.596754644435990578e-01
8.806262230919797637e-03 4.417534491449774392e-01 5.582465517714141345e-01
1.076320939334635823e-02 4.431770813096692629e-01 5.568229196059812924e-01
1.272015655577310271e-02 4.445954329673085237e-01 5.554045679473009756e-01
1.467710371819966331e-02 4.460085041178952769e-01 5.539914967953731839e-01
1.663405088062622564e-02 4.474162947614293007e-01 5.525837061501976955e-01
1.859099804305287471e-02 4.488188048979108169e-01 5.511811960117747322e-01
2.054794520547943704e-02 4.502160345273398256e-01 5.497839663801038501e-01
2.250489236790608957e-02 4.516323404201514347e-01 5.483676604645062458e-01
2.446183953033264843e-02 4.530484858769719403e-01 5.469515149803435561e-01
2.641878669275939465e-02 4.544630094199072490e-01 5.455369914067249582e-01
2.837573385518595351e-02 4.558759110489571942e-01 5.441240897436507851e-01
3.033268101761251584e-02 4.572871907641217204e-01 5.427128099911209258e-01
3.228962818003916491e-02 4.586968485654010497e-01 5.413031521491351583e-01
3.424657534246573071e-02 4.601048844527950710e-01 5.398951162176937046e-01
3.620352250489237977e-02 4.615112984263037843e-01 5.384887021967964538e-01
3.816046966731893864e-02 4.629160904859269676e-01 5.370839100864438498e-01
4.011741682974568485e-02 4.643192606316650650e-01 5.356807398866351155e-01
4.207436399217224371e-02 4.657208088635176324e-01 5.342791915973708061e-01
4.403131115459880951e-02 4.671207351814850584e-01 5.328792652186506995e-01
4.598825831702545858e-02 4.685190395855671763e-01 5.314809607504747957e-01
4.794520547945201744e-02 4.699391247257760362e-01 5.300608755607854050e-01
4.990215264187876365e-02 4.713714754485809899e-01 5.286285247958132372e-01
5.185909980430532251e-02 4.728069716989923288e-01 5.271930285035513197e-01
5.381604696673197852e-02 4.742456134770098863e-01 5.257543866839997637e-01
5.577299412915853738e-02 4.756874007826336070e-01 5.243125993371581250e-01
5.772994129158509624e-02 4.771323336158637130e-01 5.228676664630269588e-01
5.968688845401175225e-02 4.785804119767000930e-01 5.214195880616059320e-01
6.164383561643831111e-02 4.800316358651427473e-01 5.199683641328951555e-01
6.360078277886505038e-02 4.814860052811916202e-01 5.185139946768946295e-01
6.555772994129160924e-02 4.829435202248467673e-01 5.170564796936041319e-01
6.751467710371826525e-02 4.844041806961082997e-01 5.155958191830237736e-01
6.947162426614482411e-02 4.858679866949759951e-01 5.141320131451539988e-01
7.142857142857138297e-02 4.873349382214499093e-01 5.126650615799943633e-01
7.338551859099803898e-02 4.888233846890500667e-01 5.111766150722172330e-01
7.534246575342459784e-02 4.903399213087310526e-01 5.096600784102192083e-01
7.729941291585135099e-02 4.918653099559959774e-01 5.081346897203912194e-01
7.925636007827790985e-02 4.933995506308444523e-01 5.066004490027340434e-01
8.121330724070456586e-02 4.949426433332769770e-01 5.050573562572473474e-01
8.317025440313112472e-02 4.964945880632930519e-01 5.035054114839314643e-01
8.512720156555768358e-02 4.980553848208928991e-01 5.019446146827861721e-01
8.708414872798433959e-02 4.996250336060767405e-01 5.003749658538112488e-01
8.904109589041098172e-02 5.012035344188441321e-01 4.987964649970070830e-01
9.099804305283763772e-02 5.027908872591955181e-01 4.972091121123735635e-01
9.295499021526419658e-02 5.043870921271305097e-01 4.956129071999105795e-01
9.491193737769085259e-02 5.059921490226491070e-01 4.940078502596182419e-01
9.686888454011741145e-02 5.076060579457517541e-01 4.923939412914964953e-01
9.882583170254397031e-02 5.092352525744586744e-01 4.907647466199197561e-01
1.007827788649707096e-01 5.108982135828603610e-01 4.891017855776770840e-01
1.027397260273972823e-01 5.125766562499226575e-01 4.874233428789965239e-01
1.046966731898239245e-01 5.142710387625448742e-01 4.857289603371484077e-01
1.066536203522504833e-01 5.159818193076276538e-01 4.840181797654035112e-01
1.086105675146771393e-01 5.177094560720704175e-01 4.822905429770327213e-01
1.105675146771036982e-01 5.194544072427732528e-01 4.805455917853062031e-01
1.125244618395302570e-01 5.212171310066364693e-01 4.787828680034945661e-01
1.144814090019570102e-01 5.229980855505598214e-01 4.770019134448684750e-01
1.164383561643835691e-01 5.247977290614431745e-01 4.752022699226984281e-01
1.183953033268102251e-01 5.266165197261870601e-01 4.733834792502549793e-01
1.203522504892367839e-01 5.284549157316906776e-01 4.715450832408087933e-01
1.223091976516634399e-01 5.303133752648550026e-01 4.696866237076303685e-01
1.242661448140899988e-01 5.321923565125792344e-01 4.678076424639903141e-01
1.262230919765167381e-01 5.340923176617635715e-01 4.659076813231590730e-01
1.281800391389432969e-01 5.360137168993082124e-01 4.639862820984073655e-01
1.301369863013698558e-01 5.379570124121131336e-01 4.620429866030058008e-01
1.320939334637964979e-01 5.399226623870780895e-01 4.600773366502247663e-01
1.340508806262230845e-01 5.419111250111030564e-01 4.580888740533347603e-01
1.360078277886497267e-01 5.439228584710884551e-01 4.560771406256065585e-01
1.379647749510763688e-01 5.459583209539338178e-01 4.540416781803107704e-01
1.399217221135030387e-01 5.480179706465397871e-01 4.519820285307175611e-01
1.418786692759295975e-01 5.501022657358054513e-01 4.498977334900982061e-01
1.438356164383561564e-01 5.522116644086312309e-01 4.477883348717225931e-01
1.457925636007827985e-01 5.543466248519177686e-01 4.456533744888616089e-01
1.477495107632093574e-01 5.565076052525639305e-01 4.434923941547857518e-01
1.497064579256361105e-01 5.586950637974704703e-01 4.413049356827652980e-01
1.516634050880626694e-01 5.609009756946614633e-01 4.390990238303416060e-01
1.536203522504893115e-01 5.631304430157126895e-01 4.368695565450534390e-01
1.555772994129158704e-01 5.653863233427918189e-01 4.346136762546919940e-01
1.575342465753424293e-01 5.676690144285047035e-01 4.323309852065751469e-01
1.594911937377690991e-01 5.699789140254574171e-01 4.300210856480207733e-01
1.614481409001956580e-01 5.723164198862558116e-01 4.276835798263472488e-01
1.634050880626224111e-01 5.746819297635066270e-01 4.253180699888721161e-01
1.653620352250489700e-01 5.770758414098151601e-01 4.229241583829137507e-01
1.673189823874756121e-01 5.794985525777877067e-01 4.205014472557898619e-01
1.692759295499021710e-01 5.819504610200303407e-01 4.180495388548186586e-01
1.712328767123287299e-01 5.844319644891491361e-01 4.155680354273180166e-01
1.731898238747553720e-01 5.869434607377503887e-01 4.130565392206057562e-01
1.751467710371820419e-01 5.894853475184393954e-01 4.105146524820001419e-01
1.771037181996086840e-01 5.920580225838227850e-01 4.079419774588189940e-01
1.790606653620352429e-01 5.946618836865065205e-01 4.053381163983805768e-01
1.810176125244619127e-01 5.972973285790964537e-01 4.027026715480022112e-01
1.829745596868884716e-01 5.999647550141985475e-01 4.000352451550026611e-01
1.849315068493150305e-01 6.026645607444196528e-01 3.973354394666994693e-01
1.868884540117417559e-01 6.053971435223648445e-01 3.946028567304106782e-01
1.888454011741683425e-01 6.081629011006404184e-01 3.918370991934544412e-01
1.908023483365949846e-01 6.109622312318527815e-01 3.890377691031485785e-01
1.927592954990215435e-01 6.137955316686074525e-01 3.862044687068113547e-01
1.947162426614481856e-01 6.166632001635108384e-01 3.833368002517601458e-01
1.966731898238747445e-01 6.195656344691689021e-01 3.804343659853136606e-01
1.986301369863013033e-01 6.225032323381876065e-01 3.774967681547894971e-01
2.005870841487280565e-01 6.254763915231733584e-01 3.745236090075054758e-01
2.025440313111546153e-01 6.284602374815591030e-01 3.715397631046347682e-01
2.045009784735812852e-01 6.314134472527955788e-01 3.685865534374920260e-01
2.064579256360078441e-01 6.343933631208196200e-01 3.656066376799694817e-01
2.084148727984344862e-01 6.374000209154391250e-01 3.625999800024504172e-01
2.103718199608610451e-01 6.404334564664613261e-01 3.595665445753192246e-01
2.123287671232876872e-01 6.434937056036940106e-01 3.565062955689596302e-01
2.142857142857143571e-01 6.465808041569449660e-01 3.534191971537551935e-01
2.162426614481409159e-01 6.496947879560219796e-01 3.503052135000906953e-01
2.181996086105675581e-01 6.528356928307323948e-01 3.471643087783490844e-01
2.201565557729941169e-01 6.560035546108837767e-01 3.439964471589153083e-01
2.221135029354207868e-01 6.591984091262841350e-01 3.408015928121723714e-01
2.240704500978474289e-01 6.624202922067405908e-01 3.375797099085050545e-01
2.260273972602739878e-01 6.656692396820611535e-01 3.343307626182964731e-01
2.279843444227006299e-01 6.689452873820536105e-01 3.310547151119310194e-01
2.299412915851272166e-01 6.722484711365255272e-01 3.277515315597925305e-01
2.318982387475538587e-01 6.755788267752842469e-01 3.244211761322649545e-01
2.338551859099804175e-01 6.789363901281377789e-01 3.210636129997321842e-01
2.358121330724071707e-01 6.823211970248933556e-01 3.176788063325780564e-01
2.377690802348337296e-01 6.857332832953590973e-01 3.142667203011868526e-01
2.397260273972602884e-01 6.891726847693422364e-01 3.108273190759421878e-01
2.416829745596869305e-01 6.926394372766506713e-01 3.073605668272280100e-01
2.436399217221134894e-01 6.961335766470920783e-01 3.038664277254284896e-01
2.455968688845401593e-01 6.996551387104740227e-01 3.003448659409270194e-01
2.475538160469667182e-01 7.032041592966039589e-01 2.967958456441081583e-01
2.495107632093934436e-01 7.067806742352897853e-01 2.932193310053553548e-01
2.514677103718200302e-01 7.103847193563389562e-01 2.896152861950530566e-01
2.534246575342465890e-01 7.140163304895592589e-01 2.859836753835848233e-01
2.553816046966732034e-01 7.176614370160521172e-01 2.823385690222304789e-01
2.573385518590997623e-01 7.213294215028254186e-01 2.786705846553622079e-01
2.592954990215264321e-01 7.250230989246807534e-01 2.749769073414308762e-01
2.612524461839531020e-01 7.287424351120501687e-01 2.712575712493636715e-01
2.632093933463797164e-01 7.324873958953661557e-01 2.675126105480866712e-01
2.651663405088063308e-01 7.362579471050603175e-01 2.637420594065270074e-01
2.671232876712328896e-01 7.400540545715657004e-01 2.599459519936109242e-01
2.690802348336595040e-01 7.438756841253140184e-01 2.561243224782649985e-01
2.710371819960860629e-01 7.477228015967379848e-01 2.522772050294160295e-01
2.729941291585128438e-01 7.515953728162698688e-01 2.484046338159901779e-01
2.749510763209394026e-01 7.554933636143410514e-01 2.445066430069146590e-01
2.769080234833660170e-01 7.594167398213851339e-01 2.405832667711154671e-01
2.788649706457925759e-01 7.633654672678334974e-01 2.366345392775195955e-01
2.808219178082191347e-01 7.673395117841188551e-01 2.326604946950535102e-01
2.827788649706458046e-01 7.713388392006730321e-01 2.286611671926436218e-01
2.847358121330723635e-01 7.753634153479287416e-01 2.246365909392167848e-01
2.866927592954990889e-01 7.794132060563182529e-01 2.205868001036992987e-01
2.886497064579256477e-01 7.834881771562736130e-01 2.165118288550181846e-01
2.906066536203523176e-01 7.875882944782272022e-01 2.124117113620995478e-01
2.925636007827788765e-01 7.917135238526111785e-01 2.082864817938703816e-01
2.945205479452054353e-01 7.958638311098575890e-01 2.041361743192570688e-01
2.964774951076321052e-01 8.000391820803991472e-01 1.999608231071859921e-01
2.984344422700587751e-01 8.042395425946682330e-01 1.957604623265842003e-01
3.003913894324853895e-01 8.082650631978779421e-01 1.917349416144076835e-01
3.023483365949119483e-01 8.122868145867830902e-01 1.877131901167169714e-01
3.043052837573386182e-01 8.163069757962704287e-01 1.836930287959592234e-01
3.062622309197651771e-01 8.203244948524386349e-01 1.796755096263258911e-01
3.082191780821917360e-01 8.243383197813867191e-01 1.756616845820076489e-01
3.101761252446184614e-01 8.283473986092144692e-01 1.716526056371953102e-01
3.121330724070450202e-01 8.323506793620202293e-01 1.676493247660804098e-01
3.140900195694716901e-01 8.363471100659034541e-01 1.636528939428533724e-01
3.160469667318982490e-01 8.403356387469631539e-01 1.596643651417055665e-01
3.180039138943249188e-01 8.443152134312983392e-01 1.556847903368276942e-01
3.199608610567514777e-01 8.482847821450079095e-01 1.517152215024109574e-01
3.219178082191780366e-01 8.522432929141912084e-01 1.477567106126463081e-01
3.238747553816047620e-01 8.561896937649470241e-01 1.438103096417244209e-01
3.258317025440313208e-01 8.600956592465086592e-01 1.399043441261357823e-01
3.277886497064578797e-01 8.639368794903004023e-01 1.360631240076001225e-01
3.297455968688846606e-01 8.677484747004711174e-01 1.322515289689509266e-01
3.317025440313112195e-01 8.715285982157936484e-01 1.284714056741945443e-01
3.336594911937377783e-01 8.752754033750405060e-01 1.247246007873378526e-01
3.356164383561643372e-01 8.789870435169849783e-01 1.210129609723873956e-01
3.375733855185910626e-01 8.826616719803996869e-01 1.173383328933496061e-01
3.395303326810176214e-01 8.862974421040565876e-01 1.137025632142314724e-01
3.414872798434443468e-01 8.898925072267295233e-01 1.101074985990393024e-01
3.434442270058709057e-01 8.934450206871902278e-01 1.065549857117800425e-01
3.454011741682974646e-01 8.969531358242123220e-01 1.030468712164599593e-01
3.473581213307240789e-01 9.004150059765678726e-01 9.958500177708608236e-02
3.493150684931506378e-01 9.038287844830298345e-01 9.617122405766490023e-02
3.512720156555773632e-01 9.071926246823711626e-01 9.280738472220281809e-02
3.532289628180039220e-01 9.105210841322937121e-01 8.947892567893074578e-02
3.551859099804306474e-01 9.138035209939008308e-01 8.619648905735641242e-02
3.571428571428572063e-01 9.170350851102185841e-01 8.296492511552658322e-02
3.590998043052837652e-01 9.202142288831643979e-01 7.978578144451553555e-02
3.610567514677103240e-01 9.233394047146556982e-01 7.666060563539808803e-02
3.630136986301368829e-01 9.264090650066107990e-01 7.359094527924855966e-02
3.649706457925636638e-01 9.294216621609473483e-01 7.057834796714129721e-02
3.669275929549902227e-01 9.323756485795824389e-01 6.762436129015120256e-02
3.688845401174169480e-01 9.352694766644341628e-01 6.473053283935240043e-02
3.708414872798435069e-01 9.381015988174199460e-01 6.189841020581978576e-02
3.727984344422700658e-01 9.408704674404575474e-01 5.912954098062748326e-02
3.747553816046966246e-01 9.435745349354648370e-01 5.642547275485040176e-02
3.767123287671231835e-01 9.462122537043589077e-01 5.378775311956286720e-02
3.786692759295499644e-01 9.487694184213808501e-01 5.123058760052355554e-02
3.806262230919765233e-01 9.512081545786191805e-01 4.879185129273184984e-02
3.825831702544032487e-01 9.535631743470467381e-01 4.643683142520928231e-02
3.845401174168298075e-01 9.558320713121017942e-01 4.416793441955475796e-02
3.864970645792563664e-01 9.580124390592231753e-01 4.198756669736666836e-02
3.884540117416829252e-01 9.601018711738498190e-01 3.989813468024388382e-02
3.904109589041096506e-01 9.620979612414201076e-01 3.790204478978487224e-02
3.923679060665362095e-01 9.639983028473732007e-01 3.600170344758844843e-02
3.943248532289627684e-01 9.658004895771479248e-01 3.419951707525317047e-02
3.962818003913895493e-01 9.675021150161824401e-01 3.249789209437760340e-02
3.982387475538161081e-01 9.691007727499161284e-01 3.089923492656057244e-02
4.001956947162426670e-01 9.705940563637878160e-01 2.940595199340057322e-02
4.021526418786692259e-01 9.719795594432358854e-01 2.802044971649637894e-02
4.041095890410959512e-01 9.732548755736991630e-01 2.674513451744651299e-02
4.060665362035225101e-01 9.750964299494306875e-01 2.490357926836706329e-02
4.080234833659490690e-01 9.766294438320919369e-01 2.337056471640739513e-02
4.099804305283758499e-01 9.779667039627899516e-01 2.203330421188898561e-02
4.119373776908024087e-01 9.792304830604475763e-01 2.076952484455737991e-02
4.138943248532289676e-01 9.804139745658870808e-01 1.958603319277295307e-02
4.158512720156556930e-01 9.815158185247141454e-01 1.848418907811549827e-02
4.178082191780822519e-01 9.825834792336273216e-01 1.741652821026726250e-02
4.197651663405088107e-01 9.835874904942423225e-01 1.641251678586428536e-02
4.217221135029353696e-01 9.845400740737340062e-01 1.545993303866372882e-02
4.236790606653620950e-01 9.854386187762137483e-01 1.456138818495474399e-02
4.256360078277886538e-01 9.862821704759321406e-01 1.371783635794077832e-02
4.275929549902154347e-01 9.870718596317885618e-01 1.292814708989099316e-02
4.295499021526419936e-01 9.878230801246816739e-01 1.217692647479206094e-02
4.315068493150685525e-01 9.885341445558266660e-01 1.146586191418267307e-02
4.334637964774951113e-01 9.892021007166273971e-01 1.079790562147466514e-02
4.354207436399216702e-01 9.898189570697266682e-01 1.018104918233090489e-02
4.373776908023483956e-01 9.903880654279400009e-01 9.611940763675387925e-03
4.393346379647749544e-01 9.909132133914203555e-01 9.086792757811427979e-03
4.412915851272017354e-01 9.914252341430546123e-01 8.574771929140155569e-03
4.432485322896282942e-01 9.919082993398739001e-01 8.091706647690433130e-03
4.452054794520548531e-01 9.923624089818781080e-01 7.637596913462200814e-03
4.471624266144814119e-01 9.927892290934536845e-01 7.210776705713503598e-03
4.491193737769079708e-01 9.931957333577353664e-01 6.804272356564084780e-03
4.510763209393346962e-01 9.935771433270091935e-01 6.422862303275317722e-03
4.530332681017612551e-01 9.939334590012753878e-01 6.066546545847237987e-03
4.549902152641879804e-01 9.942676024592231876e-01 5.732403008095173468e-03
4.569471624266145393e-01 9.945869383740932879e-01 5.413067023092558820e-03
4.589041095890410982e-01 9.948859849842104364e-01 5.114020347814903986e-03
4.608610567514677125e-01 9.951647422895746331e-01 4.835262982262238454e-03
4.628180039138942714e-01 9.954267776636298581e-01 4.573227551769635212e-03
4.647749510763209968e-01 9.956777117163655433e-01 4.322293444424089165e-03
4.667318982387475557e-01 9.959128653210790327e-01 4.087139788530070282e-03
4.686888454011742811e-01 9.961322384777695493e-01 3.867766584087550374e-03
4.706457925636008399e-01 9.963377859600177633e-01 3.662219057680502279e-03
4.726027397260273988e-01 9.965323321161809744e-01 3.467672861187049826e-03
4.745596868884539576e-01 9.967149712342501244e-01 3.285033706541234510e-03
4.765166340508805165e-01 9.968864247616202601e-01 3.113580146407373978e-03
4.784735812133070754e-01 9.970474141456889816e-01 2.952590733449790648e-03
4.804305283757340228e-01 9.971986608338510027e-01 2.801344020332796527e-03
4.823874755381605817e-01 9.973408862735029246e-01 2.659118559720751330e-03
4.843444227005871405e-01 9.974748119120409040e-01 2.525192904277964463e-03
4.863013698630136994e-01 9.976010577373690680e-01 2.398947060601482831e-03
4.882583170254402583e-01 9.977203255070362653e-01 2.279679270124345802e-03
4.902152641878670392e-01 9.978333799185750141e-01 2.166624837743858032e-03
4.921722113502935980e-01 9.979409328520900679e-01 2.059071882891867680e-03
4.941291585127201569e-01 9.980436961876852919e-01 1.956308525000188207e-03
4.960861056751467157e-01 9.981423818054654395e-01 1.857622883500643050e-03
4.980430528375734411e-01 9.982377015855350422e-01 1.762303077825050444e-03
5.000000000000000000e-01 9.983303674079979650e-01 1.669637227405253990e-03
