5.000000000000000000e-01 1.000000000000000000e+00 0.000000000000000000e+00
4.980430528375733301e-01 9.999999982743189575e-01 1.725680922146951358e-09
4.960861056751467713e-01 9.999999978186440153e-01 2.181355572107898892e-09
4.941291585127201569e-01 9.999999974878586162e-01 2.512141568391293909e-09
4.921722113502935980e-01 9.999999971630446627e-01 2.836955836044887363e-09
4.902152641878669281e-01 9.999999968556234631e-01 3.144377101974323949e-09
4.882583170254402583e-01 9.999999965500490084e-01 3.449951323472874943e-09
4.863013698630136994e-01 9.999999962444745538e-01 3.755525544971425111e-09
4.843444227005870295e-01 9.999999959389002102e-01 4.061099766469976105e-09
4.823874755381604706e-01 9.999999955502800741e-01 4.449719792111509529e-09
4.804305283757338563e-01 9.999999951419265010e-01 4.858073474183059291e-09
4.784735812133071864e-01 9.999999947335724837e-01 5.266427156254609881e-09
4.765166340508806275e-01 9.999999943252187995e-01 5.674780838326158817e-09
4.745596868884539576e-01 9.999999939168651153e-01 6.083134520397706925e-09
4.726027397260273988e-01 9.999999935085113201e-01 6.491488202469258342e-09
4.706457925636007844e-01 9.999999931001576359e-01 6.899841884540806450e-09
4.686888454011742255e-01 9.999999926918037296e-01 7.308195566612356213e-09
4.667318982387475557e-01 9.999999920012341281e-01 7.998765887866091744e-09
4.647749510763208858e-01 9.999999911347380310e-01 8.865263464713907672e-09
4.628180039138943269e-01 9.999999902682421560e-01 9.731761041561726909e-09
4.608610567514677125e-01 9.999999894017459479e-01 1.059825861840954284e-08
4.589041095890410982e-01 9.999999885352500728e-01 1.146475619525736042e-08
4.569471624266144838e-01 9.999999876687539757e-01 1.233125377210518131e-08
4.549902152641878139e-01 9.999999868022577676e-01 1.319775134895299724e-08
4.530332681017612551e-01 9.999999859357615595e-01 1.406424892580081813e-08
4.510763209393345852e-01 9.999999850692657954e-01 1.493074650264863902e-08
4.491193737769080263e-01 9.999999842027695873e-01 1.579724407949645495e-08
4.471624266144814119e-01 9.999999833362733792e-01 1.666374165634427088e-08
4.452054794520547421e-01 9.999999824697772821e-01 1.753023923319209342e-08
4.432485322896281832e-01 9.999999816032814071e-01 1.839673681003991266e-08
4.412915851272015133e-01 9.999999807367851989e-01 1.926323438688773190e-08
4.393346379647749544e-01 9.999999798702891018e-01 2.012973196373555114e-08
4.373776908023483401e-01 9.999999790037930048e-01 2.099622954058337037e-08
4.354207436399216702e-01 9.999999774879695380e-01 2.251205349487431134e-08
4.334637964774951113e-01 9.999999738226476031e-01 2.617737166414926544e-08
4.315068493150684414e-01 9.999999701573254463e-01 2.984268983342423939e-08
4.295499021526418826e-01 9.999999664920036224e-01 3.350800800269919679e-08
4.275929549902152127e-01 9.999999628266816876e-01 3.717332617197418067e-08
4.256360078277886538e-01 9.999999591613595307e-01 4.083864434124914469e-08
4.236790606653620395e-01 9.999999554960377068e-01 4.450396251052410210e-08
4.217221135029353696e-01 9.999999518307157720e-01 4.816928067979908598e-08
4.197651663405088107e-01 9.999999481653938371e-01 5.183459884907406985e-08
4.178082191780821408e-01 9.999999445000720133e-01 5.549991701834900079e-08
4.158512720156555820e-01 9.999999408347498564e-01 5.916523518762397143e-08
4.138943248532289676e-01 9.999999371694279215e-01 6.283055335689895531e-08
4.119373776908022977e-01 9.999999335041060977e-01 6.649587152617392595e-08
4.099804305283757389e-01 9.999999298387841629e-01 7.016118969544889659e-08
4.080234833659490690e-01 9.999999261734622280e-01 7.382650786472388046e-08
4.060665362035224546e-01 9.999999225081401821e-01 7.749182603399883787e-08
4.041095890410958957e-01 9.999999188428182473e-01 8.115714420327378204e-08
4.021526418786692814e-01 9.999999151774960904e-01 8.482246237254877915e-08
4.001956947162426670e-01 9.999999115121742665e-01 8.848778054182373656e-08
3.982387475538159971e-01 9.999999078468523317e-01 9.215309871109872044e-08
3.962818003913894382e-01 9.999999041815303968e-01 9.581841688037366461e-08
3.943248532289627684e-01 9.999999005162083510e-01 9.948373504964863525e-08
3.923679060665361540e-01 9.999998968508864161e-01 1.031490532189236324e-07
3.904109589041095951e-01 9.999998931855644813e-01 1.068143713881985765e-07
3.884540117416829252e-01 9.999998895202426574e-01 1.104796895574735604e-07
3.864970645792563664e-01 9.999998858549207226e-01 1.141450077267485178e-07
3.845401174168296965e-01 9.999998821895987877e-01 1.178103258960234620e-07
3.825831702544030821e-01 9.999998785242767418e-01 1.214756440652984326e-07
3.806262230919765233e-01 9.999998748589548070e-01 1.251409622345734562e-07
3.786692759295498534e-01 9.999998711936328721e-01 1.288062804038484268e-07
3.767123287671232945e-01 9.999998675283110483e-01 1.324715985731233445e-07
3.747553816046966246e-01 9.999998638629888914e-01 1.361369167423983152e-07
3.727984344422700103e-01 9.999998601976669566e-01 1.398022349116732858e-07
3.708414872798433959e-01 9.999998375633121217e-01 1.624365882853868421e-07
3.688845401174168370e-01 9.999997930164534754e-01 2.069834478435388055e-07
3.669275929549902227e-01 9.999997484695946071e-01 2.515303074016903718e-07
3.649706457925635528e-01 9.999997039227361828e-01 2.960771669598423617e-07
3.630136986301369384e-01 9.999996593758775365e-01 3.406240265179940869e-07
3.610567514677103240e-01 9.999996148290188902e-01 3.851708860761448062e-07
3.590998043052837096e-01 9.999995702821604660e-01 4.297177456342967431e-07
3.571428571428571508e-01 9.999995257353015976e-01 4.742646051924485212e-07
3.551859099804304809e-01 9.999994811884429513e-01 5.188114647506002464e-07
3.532289628180038665e-01 9.999994366415845271e-01 5.633583243087519715e-07
3.512720156555772522e-01 9.999993920947258808e-01 6.079051838669039085e-07
3.493150684931506378e-01 9.999993475478670124e-01 6.524520434250556336e-07
3.473581213307240789e-01 9.999993030010085882e-01 6.969989029832067235e-07
3.454011741682974090e-01 9.999992584541499419e-01 7.415457625413582369e-07
3.434442270058708502e-01 9.999992139072911845e-01 7.860926220995101739e-07
3.414872798434441803e-01 9.999991693604325382e-01 8.306394816576617932e-07
3.395303326810175659e-01 9.999991248135738919e-01 8.751863412158138360e-07
3.375733855185909515e-01 9.999990802667152456e-01 9.197332007739656670e-07
3.356164383561643372e-01 9.999990357198568214e-01 9.642800603321168628e-07
3.336594911937377783e-01 9.999989911729979530e-01 1.008826919890268376e-06
3.317025440313111084e-01 9.999989466261395288e-01 1.053373779448419890e-06
3.297455968688844941e-01 9.999989020792807715e-01 1.097920639006572462e-06
3.277886497064578797e-01 9.999988575324221252e-01 1.142467498564723552e-06
3.258317025440312653e-01 9.999988129855634789e-01 1.187014358122875277e-06
3.238747553816047065e-01 9.999987684387048326e-01 1.231561217681027214e-06
3.219178082191780366e-01 9.999987238918461863e-01 1.276108077239178304e-06
3.199608610567514777e-01 9.999986793449875400e-01 1.320654936797330241e-06
3.180039138943248078e-01 9.999986347981291157e-01 1.365201796355482178e-06
3.160469667318981379e-01 9.999985902512702474e-01 1.409748655913633903e-06
3.140900195694715791e-01 9.999985457044118231e-01 1.454295515471785628e-06
3.121330724070449647e-01 9.999985011575531768e-01 1.498842375029936930e-06
3.101761252446184058e-01 9.999984566106945305e-01 1.543389234588088231e-06
3.082191780821917360e-01 9.999984120638358842e-01 1.587936094146240168e-06
3.062622309197651216e-01 9.999983675169772379e-01 1.632482953704391681e-06
3.043052837573385072e-01 9.999983229701185916e-01 1.677029813262543618e-06
3.023483365949118928e-01 9.999982784232601674e-01 1.721576672820695555e-06
3.003913894324852785e-01 9.999982338764012990e-01 1.766123532378847281e-06
2.984344422700586641e-01 9.999981893295426527e-01 1.810670391936998582e-06
2.964774951076320497e-01 9.999981447826842285e-01 1.855217251495150307e-06
2.945205479452054353e-01 9.999981002358255822e-01 1.899764111053301609e-06
2.925636007827788210e-01 9.999980556889669359e-01 1.944310970611453969e-06
2.906066536203522066e-01 9.999980111421082896e-01 1.988857830169604212e-06
2.886497064579256477e-01 9.999979665952495322e-01 2.033404689727756149e-06
2.866927592954989779e-01 9.999979220483908859e-01 2.077951549285908510e-06
2.847358121330723080e-01 9.999978775015324617e-01 2.122498408844060870e-06
2.827788649706456936e-01 9.999978329546735933e-01 2.167045268402212807e-06
2.808219178082191347e-01 9.999977884078150581e-01 2.211592127960363897e-06
2.788649706457925204e-01 9.999977438609566338e-01 2.256138987518515410e-06
2.769080234833659060e-01 9.999976993140979875e-01 2.300685847076667347e-06
2.749510763209392916e-01 9.999976547672392302e-01 2.345232706634818861e-06
2.729941291585126772e-01 9.999976102203805839e-01 2.389779566192970374e-06
2.710371819960860629e-01 9.999975656735219376e-01 2.434326425751121887e-06
2.690802348336594485e-01 9.999975211266632913e-01 2.478873285309273401e-06
2.671232876712328341e-01 9.999974765798046450e-01 2.523420144867424914e-06
2.651663405088062198e-01 9.999974320329459987e-01 2.567967004425576428e-06
2.632093933463796054e-01 9.999973874860873524e-01 2.612513863983728788e-06
2.612524461839529355e-01 9.999973429392288171e-01 2.657060723541880302e-06
2.592954990215263211e-01 9.999972983923701708e-01 2.701607583100032662e-06
2.573385518590997623e-01 9.999972538455115245e-01 2.746154442658184175e-06
2.553816046966731479e-01 9.999972092986528782e-01 2.790701302216335265e-06
2.534246575342465335e-01 9.999971647517942319e-01 2.835248161774487202e-06
2.514677103718199191e-01 9.999971202049355856e-01 2.879795021332638716e-06
2.495107632093933048e-01 9.999970756580769393e-01 2.924341880890790229e-06
2.475538160469666626e-01 9.999970311112182930e-01 2.968888740448941742e-06
2.455968688845400483e-01 9.999969865643598688e-01 3.013435600007093256e-06
2.436399217221134617e-01 9.999969420175012225e-01 3.057982459565244769e-06
2.416829745596868473e-01 9.999967584038640389e-01 3.241596097093441862e-06
2.397260273972602329e-01 9.999965640005628043e-01 3.435999398429656982e-06
2.377690802348336185e-01 9.999963695972617916e-01 3.630402699765873797e-06
2.358121330724069764e-01 9.999961751939607790e-01 3.824806001102092306e-06
2.338551859099803620e-01 9.999959807906596554e-01 4.019209302438309545e-06
2.318982387475537754e-01 9.999957863873585318e-01 4.213612603774525089e-06
2.299412915851271055e-01 9.999955919840575191e-01 4.408015905110741481e-06
2.279843444227005189e-01 9.999953975807565065e-01 4.602419206446957872e-06
2.260273972602739045e-01 9.999952031774554939e-01 4.796822507783173416e-06
2.240704500978472902e-01 9.999950087741543703e-01 4.991225809119388961e-06
2.221135029354206758e-01 9.999948143708533577e-01 5.185629110455606199e-06
2.201565557729940892e-01 9.999946199675523451e-01 5.380032411791823438e-06
2.181996086105674748e-01 9.999944255642512214e-01 5.574435713128037288e-06
2.162426614481408604e-01 9.999942311609502088e-01 5.768839014464252832e-06
2.142857142857142461e-01 9.999940367576491962e-01 5.963242315800469224e-06
2.123287671232876039e-01 9.999938423543481836e-01 6.157645617136687309e-06
2.103718199608609618e-01 9.999936479510470599e-01 6.352048918472905395e-06
2.084148727984343474e-01 9.999934535477459363e-01 6.546452219809121786e-06
2.064579256360077331e-01 9.999932591444449237e-01 6.740855521145337330e-06
2.045009784735811464e-01 9.999930647411439111e-01 6.935258822481553722e-06
2.025440313111545321e-01 9.999928703378428985e-01 7.129662123817770113e-06
2.005870841487279177e-01 9.999926759345418859e-01 7.324065425153985658e-06
1.986301369863013033e-01 9.999924815312408732e-01 7.518468726490201202e-06
1.966731898238747167e-01 9.999922871279397496e-01 7.712872027826416746e-06
1.947162426614481023e-01 9.999920927246386260e-01 7.907275329162630597e-06
1.927592954990214602e-01 9.999918983213376134e-01 8.101678630498849529e-06
1.908023483365948458e-01 9.999917039180368228e-01 8.296081931835065074e-06
1.888454011741682315e-01 9.999915095147355881e-01 8.490485233171282312e-06
1.868884540117416448e-01 9.999913151114344645e-01 8.684888534507496162e-06
1.849315068493149750e-01 9.999911207081335629e-01 8.879291835843716789e-06
1.829745596868883606e-01 9.999909263048323282e-01 9.073695137179934027e-06
1.810176125244617740e-01 9.999907319015313156e-01 9.268098438516151266e-06
1.790606653620351596e-01 9.999904612662413594e-01 9.538733728829905300e-06
1.771037181996085452e-01 9.999897904130090609e-01 1.020958696127571777e-05
1.751467710371819031e-01 9.999891195597766513e-01 1.088044019372152516e-05
1.731898238747552887e-01 9.999884487065442418e-01 1.155129342616733424e-05
1.712328767123286744e-01 9.999877778533119432e-01 1.222214665861313994e-05
1.692759295499020877e-01 9.999871070000795337e-01 1.289299989105895241e-05
1.673189823874754734e-01 9.999864361468473462e-01 1.356385312350475811e-05
1.653620352250488590e-01 9.999857652936148256e-01 1.423470635595056380e-05
1.634050880626222724e-01 9.999850944403825270e-01 1.490555958839637627e-05
1.614481409001956025e-01 9.999844235871502285e-01 1.557641282084219552e-05
1.594911937377690159e-01 9.999837527339178189e-01 1.624726605328800461e-05
1.575342465753424015e-01 9.999830818806854094e-01 1.691811928573381369e-05
1.555772994129157316e-01 9.999824110274531108e-01 1.758897251817962277e-05
1.536203522504891450e-01 9.999817401742207013e-01 1.825982575062542508e-05
1.516634050880625306e-01 9.999810693209885137e-01 1.893067898307123416e-05
1.497064579256359163e-01 9.999803984677562152e-01 1.960153221551704325e-05
1.477495107632093296e-01 9.999797276145236946e-01 2.027238544796285572e-05
1.457925636007827153e-01 9.999790567612913961e-01 2.094323868040866141e-05
1.438356164383561009e-01 9.999783859080589865e-01 2.161409191285446711e-05
1.418786692759294865e-01 9.999777150548265769e-01 2.228494514530027619e-05
1.399217221135028999e-01 9.999770442015945004e-01 2.295579837774608528e-05
1.379647749510762300e-01 9.999763733483620909e-01 2.362665161019189097e-05
1.360078277886495879e-01 9.999757024951296813e-01 2.429750484263772038e-05
1.340508806262229735e-01 9.999750316418973828e-01 2.496835807508352608e-05
1.320939334637963869e-01 9.999743607886648622e-01 2.563921130752933177e-05
1.301369863013697725e-01 9.999736899354325637e-01 2.631006453997514086e-05
1.281800391389431582e-01 9.999730190822003761e-01 2.698091777242094994e-05
1.262230919765165438e-01 9.999723482289677445e-01 2.765177100486675902e-05
1.242661448140899433e-01 9.999716773757356680e-01 2.832262423731256472e-05
1.223091976516633428e-01 9.999710065225032585e-01 2.899347746975837042e-05
1.203522504892367284e-01 9.999703356692708489e-01 2.966433070220417950e-05
1.183953033268100863e-01 9.999696648160387724e-01 3.033518393464998858e-05
1.164383561643834719e-01 9.999685761331500444e-01 3.142386770531332936e-05
1.144814090019568714e-01 9.999663093451444107e-01 3.369065908073749359e-05
1.125244618395302570e-01 9.999640425571383329e-01 3.595745045616164428e-05
1.105675146771036566e-01 9.999617757691324771e-01 3.822424183158580852e-05
1.086105675146770005e-01 9.999595089811266213e-01 4.049103320701000664e-05
1.066536203522504417e-01 9.999572421931208765e-01 4.275782458243412344e-05
1.046966731898237857e-01 9.999549754051149097e-01 4.502461595785832833e-05
1.027397260273972268e-01 9.999527086171091650e-01 4.729140733328243159e-05
1.007827788649705292e-01 9.999504418291031982e-01 4.955819870870665003e-05
9.882583170254388705e-02 9.999481750410974534e-01 5.182499008413085493e-05
9.686888454011731431e-02 9.999459082530915977e-01 5.409178145955496496e-05
9.491193737769067218e-02 9.999436414650857419e-01 5.635857283497916308e-05
9.295499021526411332e-02 9.999413746770798861e-01 5.862536421040327988e-05
9.099804305283745731e-02 9.999391078890740303e-01 6.089215558582749155e-05
8.904109589041089845e-02 9.999368411010681745e-01 6.315894696125159480e-05
8.708414872798424244e-02 9.999345743130623188e-01 6.542573833667579292e-05
8.512720156555768358e-02 9.999323075250565740e-01 6.769252971209990973e-05
8.317025440313102758e-02 9.999300407370506072e-01 6.995932108752412140e-05
8.121330724070446871e-02 9.999277739490448624e-01 7.222611246294823820e-05
7.925636007827781271e-02 9.999255071610388956e-01 7.449290383837244988e-05
7.729941291585125385e-02 9.999232403730331509e-01 7.675969521379655313e-05
7.534246575342459784e-02 9.999209735850272951e-01 7.902648658922076480e-05
7.338551859099795571e-02 9.999187067970214393e-01 8.129327796464494937e-05
7.142857142857129971e-02 9.999164400090155835e-01 8.356006934006907972e-05
6.947162426614464370e-02 9.999141732210097278e-01 8.582686071549326429e-05
6.751467710371808484e-02 9.999119064330038720e-01 8.809365209091736754e-05
6.555772994129142883e-02 9.999096396449977942e-01 9.036044346634159276e-05
6.360078277886486997e-02 9.999073728569920494e-01 9.262723484176570957e-05
6.164383561643822090e-02 9.999051060689863046e-01 9.489402621718992124e-05
5.968688845401166204e-02 9.999028392809805599e-01 9.716081759261402449e-05
5.772994129158500604e-02 9.999005724929745931e-01 9.942760896803823616e-05
5.577299412915844717e-02 9.998983057049686263e-01 1.016944003434623394e-04
5.381604696673179117e-02 9.998951578730619349e-01 1.048422333981577717e-04
5.185909980430523231e-02 9.998904680883671237e-01 1.095320153520303508e-04
4.990215264187858324e-02 9.998857783036720903e-01 1.142217973059031467e-04
4.794520547945192723e-02 9.998810885189775011e-01 1.189115792597759968e-04
4.598825831702536837e-02 9.998763987342826898e-01 1.236013612136485759e-04
4.403131115459871237e-02 9.998717089495876564e-01 1.282911431675213718e-04
4.207436399217215350e-02 9.998670191648930672e-01 1.329809251213939780e-04
4.011741682974550444e-02 9.998623293801982559e-01 1.376707070752668011e-04
3.816046966731893864e-02 9.998576395955032226e-01 1.423604890291393801e-04
3.620352250489228957e-02 9.998529498108084113e-01 1.470502709830122303e-04
3.424657534246564050e-02 9.998482600261138220e-01 1.517400529368848094e-04
3.228962818003898450e-02 9.998435702414187887e-01 1.564298348907576324e-04
3.033268101761242563e-02 9.998388804567239774e-01 1.611196168446302115e-04
2.837573385518577310e-02 9.998341906720293881e-01 1.658093987985030074e-04
2.641878669275921077e-02 9.998295008873343548e-01 1.704991807523756136e-04
2.446183953033255823e-02 9.998248111026395435e-01 1.751889627062484366e-04
2.250489236790590569e-02 9.998201068285148541e-01 1.798932341136948274e-04
2.054794520547934683e-02 9.998112229562647890e-01 1.887771104960743929e-04
1.859099804305269429e-02 9.998023390840147240e-01 1.976609868784543920e-04
1.663405088062613196e-02 9.997934552117646589e-01 2.065448632608339846e-04
1.467710371819948116e-02 9.997845713395145939e-01 2.154287396432139567e-04
1.272015655577291883e-02 9.997756874672645289e-01 2.243126160255936035e-04
1.076320939334626803e-02 9.997668035950142418e-01 2.331964924079735755e-04
8.806262230919707432e-03 9.997579197227641767e-01 2.420803687903531139e-04
6.849315068493054028e-03 9.997490358505141117e-01 2.509642451727331402e-04
4.892367906066493431e-03 9.997401519782640467e-01 2.598481215551126785e-04
2.935420743639841328e-03 9.997312681060139816e-01 2.687319979374927048e-04
9.784735812132805150e-04 9.997223842337639166e-01 2.776158743198722974e-04
-9.784735812133715880e-04 9.997135003615138515e-01 2.864997507022523236e-04
-2.935420743640114981e-03 9.997046164892636755e-01 2.953836270846323499e-04
-4.892367906066675577e-03 9.996957326170136104e-01 3.042675034670118883e-04
-6.849315068493328114e-03 9.996868487447635454e-01 3.131513798493918061e-04
-8.806262230919889578e-03 9.996779648725134804e-01 3.220352562317714529e-04
-1.076320939334654038e-02 9.996647427155437304e-01 3.352574125711590318e-04
-1.272015655577310271e-02 9.996491149622083183e-01 3.508851626356864926e-04
-1.467710371819975351e-02 9.996334872088727952e-01 3.665129127002146039e-04
-1.663405088062631584e-02 9.996178594555373831e-01 3.821406627647419563e-04
-1.859099804305296838e-02 9.996022317022017489e-01 3.977684128292701218e-04
-2.054794520547952724e-02 9.995866039488663368e-01 4.133961628937975284e-04
-2.250489236790617978e-02 9.995709761955309247e-01 4.290239129583256939e-04
-2.446183953033274211e-02 9.995553484421955126e-01 4.446516630228531004e-04
-2.641878669275939465e-02 9.995397206888597674e-01 4.602794130873812659e-04
-2.837573385518604718e-02 9.995240929355244663e-01 4.759071631519094315e-04
-3.033268101761260604e-02 9.995084651821888322e-01 4.915349132164367838e-04
-3.228962818003926205e-02 9.994928374288534201e-01 5.071626632809648951e-04
-3.424657534246582091e-02 9.994772096755180080e-01 5.227904133454923559e-04
-3.620352250489246998e-02 9.994615819221825959e-01 5.384181634100204672e-04
-3.816046966731912599e-02 9.994438580104658687e-01 5.561420722074474077e-04
-4.011741682974577505e-02 9.994195208366871697e-01 5.804792441774029709e-04
-4.207436399217233391e-02 9.993951836629082486e-01 6.048164161473576668e-04
-4.403131115459898992e-02 9.993708464891297716e-01 6.291535881173133385e-04
-4.598825831702554878e-02 9.993465093153508505e-01 6.534907600872677091e-04
-4.794520547945220479e-02 9.993221721415721515e-01 6.778279320572233807e-04
-4.990215264187876365e-02 9.992978349677934524e-01 7.021651040271778598e-04
-5.185909980430541272e-02 9.992734977940147534e-01 7.265022759971335314e-04
-5.381604696673206872e-02 9.992491606202360543e-01 7.508394479670892031e-04
-5.577299412915862759e-02 9.992248234464571333e-01 7.751766199370437906e-04
-5.772994129158528359e-02 9.992004862726783232e-01 7.995137919069993538e-04
-5.968688845401184245e-02 9.991751240456314687e-01 8.248760172216149707e-04
-6.164383561643849152e-02 9.991397844456846311e-01 8.602156161806046985e-04
-6.360078277886505038e-02 9.991044448457376825e-01 8.955552151395931252e-04
-6.555772994129170639e-02 9.990691052457908450e-01 9.308948140985832866e-04
-6.751467710371826525e-02 9.990337656458440074e-01 9.662344130575716049e-04
-6.947162426614492126e-02 9.989984260458971699e-01 1.001574012016561658e-03
-7.142857142857148012e-02 9.989630864459504433e-01 1.036913610975550085e-03
-7.338551859099813612e-02 9.989277468460036058e-01 1.072253209934539812e-03
-7.534246575342477825e-02 9.988924072460567682e-01 1.107592808893527805e-03
-7.729941291585143426e-02 9.988570676461099307e-01 1.142932407852518184e-03
-7.925636007827809026e-02 9.988102750230092308e-01 1.189725030641822830e-03
-8.121330724070464913e-02 9.987630614916287453e-01 1.236938561735717330e-03
-8.317025440313130513e-02 9.987158479602482597e-01 1.284152092829614431e-03
-8.512720156555786399e-02 9.986686344288677741e-01 1.331365623923509364e-03
-8.708414872798452000e-02 9.986214208974870665e-01 1.378579155017406249e-03
-8.904109589041107886e-02 9.985742073661068030e-01 1.425792686111301182e-03
-9.099804305283773487e-02 9.985269938347263174e-01 1.473006217205198067e-03
-9.295499021526429373e-02 9.984711207166050428e-01 1.528879335294393293e-03
-9.491193737769093586e-02 9.984104130317770220e-01 1.589587020232736004e-03
-9.686888454011750860e-02 9.983497053469487792e-01 1.650294705171076329e-03
-9.882583170254415073e-02 9.982889976621205363e-01 1.711002390109419690e-03
-1.007827788649707096e-01 9.982282899772924045e-01 1.771710075047759798e-03
-1.027397260273973656e-01 9.981675822924639396e-01 1.832417759986103159e-03
-1.046966731898240216e-01 9.981037064571435247e-01 1.896293595497371316e-03
-1.066536203522505805e-01 9.980282907520092728e-01 1.971709301116112822e-03
-1.086105675146772365e-01 9.979528750468751319e-01 2.047125006734859098e-03
-1.105675146771037953e-01 9.978774593417406580e-01 2.122540712353600603e-03
-1.125244618395304513e-01 9.978020436366064061e-01 2.197956417972346012e-03
-1.144814090019570935e-01 9.977266279314721542e-01 2.273372123591087951e-03
-1.164383561643837495e-01 9.976404056410175247e-01 2.359594414103523188e-03
-1.183953033268103083e-01 9.975480577146593753e-01 2.451942340278075172e-03
-1.203522504892369643e-01 9.974557097883011147e-01 2.544290266452631059e-03
-1.223091976516635232e-01 9.973633618619427432e-01 2.636638192627183477e-03
-1.242661448140901792e-01 9.972710139355843717e-01 2.728986118801740232e-03
-1.262230919765167381e-01 9.971679405811320063e-01 2.832059473256764992e-03
-1.281800391389433802e-01 9.970582591041747822e-01 2.941740950330977954e-03
-1.301369863013700501e-01 9.969485776272177802e-01 3.051422427405191783e-03
-1.320939334637966089e-01 9.968388961502608892e-01 3.161103904479400841e-03
-1.340508806262232511e-01 9.967264899184531401e-01 3.273510136492885012e-03
-1.360078277886498099e-01 9.965984315633168444e-01 3.401568492344422823e-03
-1.379647749510764798e-01 9.964703732081805487e-01 3.529626848195966272e-03
-1.399217221135030387e-01 9.963423148530443640e-01 3.657685204047504950e-03
-1.418786692759296808e-01 9.962118754763717998e-01 3.788124581516467276e-03
-1.438356164383562397e-01 9.960647421395889545e-01 3.935257919665906962e-03
-1.457925636007828818e-01 9.959176088028059981e-01 4.082391257815354453e-03
-1.477495107632094684e-01 9.957704754660232638e-01 4.229524595964795006e-03
-1.497064579256361938e-01 9.956114839075635992e-01 4.388516143000467662e-03
-1.516634050880628637e-01 9.954408093896236487e-01 4.559190636915261274e-03
-1.536203522504894226e-01 9.952701348716835872e-01 4.729865130830046213e-03
-1.555772994129160647e-01 9.950994603537437477e-01 4.900539624744839826e-03
-1.575342465753426235e-01 9.949109240566518242e-01 5.089075930094216250e-03
-1.594911937377692657e-01 9.947200123279754669e-01 5.279987671321440153e-03
-1.614481409001958245e-01 9.945291005992988875e-01 5.470899412548654514e-03
-1.634050880626224944e-01 9.943195265964281937e-01 5.680473403572399577e-03
-1.653620352250490533e-01 9.941014288467960869e-01 5.898571130214689748e-03
-1.673189823874756954e-01 9.938833310971639801e-01 6.116668856856992062e-03
-1.692759295499022543e-01 9.936542317877781194e-01 6.345768161067926252e-03
-1.712328767123289242e-01 9.934136961183567260e-01 6.586303843834014765e-03
-1.731898238747554830e-01 9.931731604489352216e-01 6.826839526600093737e-03
-1.751467710371821251e-01 9.929153148103272430e-01 7.084685210665245952e-03
-1.771037181996087673e-01 9.926484834515689748e-01 7.351516631550291878e-03
-1.790606653620353539e-01 9.923816520928110396e-01 7.618348052435327394e-03
-1.810176125244619960e-01 9.920903595058109259e-01 7.909640681999560025e-03
-1.829745596868885549e-01 9.917939231091208452e-01 8.206077117139708513e-03
-1.849315068493151970e-01 9.914974867124309865e-01 8.502513552279874348e-03
-1.868884540117418669e-01 9.911815301363083863e-01 8.818470144205435915e-03
-1.888454011741685090e-01 9.908552271991608595e-01 9.144773085152119868e-03
-1.908023483365950679e-01 9.905186616836733071e-01 9.481338592531939058e-03
-1.927592954990217378e-01 9.901718335898462842e-01 9.828166666344924710e-03
-1.947162426614482966e-01 9.898147429176792356e-01 1.018525730659104733e-02
-1.966731898238749388e-01 9.894443029399092593e-01 1.055569726034676081e-02
-1.986301369863014976e-01 9.890552634069020854e-01 1.094473681094674383e-02
-2.005870841487281397e-01 9.886528419343079133e-01 1.134715830924962372e-02
-2.025440313111548096e-01 9.882370385221272979e-01 1.176296175525537793e-02
-2.045009784735813685e-01 9.878078531703597953e-01 1.219214714896399432e-02
-2.064579256360080106e-01 9.873652858790056275e-01 1.263471449037550237e-02
-2.084148727984345695e-01 9.869023935489715793e-01 1.309760685373886208e-02
-2.103718199608612394e-01 9.864198954945684328e-01 1.358010492731774946e-02
-2.123287671232877982e-01 9.859207222437792462e-01 1.407927819361471516e-02
-2.142857142857144404e-01 9.854048737966040195e-01 1.459512665262980777e-02
-2.162426614481409992e-01 9.848723501530429747e-01 1.512765030436297869e-02
-2.181996086105676413e-01 9.843231295264740499e-01 1.567687093547966148e-02
-2.201565557729942280e-01 9.837447260396670057e-01 1.625527444793806869e-02
-2.221135029354208701e-01 9.831458893583377989e-01 1.685411115869413917e-02
-2.240704500978475122e-01 9.825266194824856525e-01 1.747338106774781741e-02
-2.260273972602741821e-01 9.818869164121108994e-01 1.811308417509916932e-02
-2.279843444227008242e-01 9.812267801472134288e-01 1.877322048074815328e-02
-2.299412915851273831e-01 9.805432250118030213e-01 1.945677565578557769e-02
-2.318982387475540252e-01 9.798302375130329978e-01 2.016976318318930081e-02
-2.338551859099806118e-01 9.790915166106017864e-01 2.090848410933171531e-02
-2.358121330724072540e-01 9.783263053530576459e-01 2.167369538442148746e-02
-2.377690802348338128e-01 9.775338467889505001e-01 2.246615395866717602e-02
-2.397260273972604550e-01 9.767133839668287187e-01 2.328661678227746806e-02
-2.416829745596870138e-01 9.758641599352423368e-01 2.413584080546090499e-02
-2.436399217221136837e-01 9.749854177427398350e-01 2.501458297842617043e-02
-2.455968688845402426e-01 9.740764004378709151e-01 2.592360025138183005e-02
-2.475538160469668847e-01 9.731363510691846130e-01 2.686364957453656402e-02
-2.495107632093934436e-01 9.721645126852302976e-01 2.783548789809891372e-02
-2.514677103718200857e-01 9.711600736527705724e-01 2.883992685465675346e-02
-2.534246575342467556e-01 9.701159945476922619e-01 2.988400593526761850e-02
-2.553816046966733144e-01 9.690360535522477559e-01 3.096394690721520834e-02
-2.573385518590999843e-01 9.679193212722803086e-01 3.208067916528580671e-02
-2.592954990215265432e-01 9.667648683136329524e-01 3.323513210426556896e-02
-2.612524461839531575e-01 9.655717652821488306e-01 3.442823511894077537e-02
-2.632093933463798274e-01 9.643390827836713086e-01 3.566091760409752925e-02
-2.651663405088064973e-01 9.630658914240434187e-01 3.693410895452218373e-02
-2.671232876712330562e-01 9.617512618091081933e-01 3.824873856500084213e-02
-2.690802348336597261e-01 9.603942645447087756e-01 3.960573583031980205e-02
-2.710371819960862849e-01 9.589939702366887531e-01 4.100603014526518070e-02
-2.729941291585128993e-01 9.575428620157406812e-01 4.245713836402947861e-02
-2.749510763209394582e-01 9.560430488598963272e-01 4.395695151647219245e-02
-2.769080234833661280e-01 9.544947064760302968e-01 4.550529389898926025e-02
-2.788649706457926869e-01 9.528967081737513833e-01 4.710329220212920720e-02
-2.808219178082193568e-01 9.512479272626693794e-01 4.875207311644093322e-02
-2.827788649706459712e-01 9.495472370523925232e-01 5.045276333247299821e-02
-2.847358121330726410e-01 9.477935108525310515e-01 5.220648954077414250e-02
-2.866927592954990889e-01 9.459856219726934246e-01 5.401437843189287047e-02
-2.886497064579257588e-01 9.441224437224889909e-01 5.587755669637821387e-02
-2.906066536203524286e-01 9.422028494115264330e-01 5.779715102477871180e-02
-2.925636007827790430e-01 9.402221232174984289e-01 5.977787723048737234e-02
-2.945205479452055464e-01 9.381791650467918853e-01 6.182083540734197025e-02
-2.964774951076322163e-01 9.360746025116227775e-01 6.392539794771909256e-02
-2.984344422700589416e-01 9.339071558704568066e-01 6.609284459292398550e-02
-3.003913894324856115e-01 9.316755453817595622e-01 6.832445508426208958e-02
-3.023483365949122259e-01 9.293784913039966344e-01 7.062150916303880366e-02
-3.043052837573387293e-01 9.270147138956330579e-01 7.298528657055931845e-02
-3.062622309197653436e-01 9.245829334151349777e-01 7.541706704812950468e-02
-3.082191780821920135e-01 9.220818701209678725e-01 7.791813033705453917e-02
-3.101761252446186834e-01 9.195102442715965552e-01 8.048975617863989018e-02
-3.121330724070451312e-01 9.168661575059631197e-01 8.313384293724039587e-02
-3.140900195694718011e-01 9.141478032620512506e-01 8.585219717764504266e-02
-3.160469667318984155e-01 9.113545870084280853e-01 8.864541342715312466e-02
-3.180039138943250854e-01 9.084851893943259871e-01 9.151481103652900351e-02
-3.199608610567515332e-01 9.055382910689770970e-01 9.446170935653667999e-02
-3.219178082191782031e-01 9.025125726816140004e-01 9.748742773794094596e-02
-3.238747553816049285e-01 8.994067148814690604e-01 1.005932855315059271e-01
-3.258317025440315429e-01 8.962193983177744183e-01 1.037806020879958324e-01
-3.277886497064582683e-01 8.929493036397622152e-01 1.070506967581749957e-01
-3.297455968688846606e-01 8.895951114966658135e-01 1.104048888928073346e-01
-3.317025440313113860e-01 8.861565003591038714e-01 1.138435000215033133e-01
-3.336594911937379448e-01 8.826353186378058657e-01 1.173646817342692550e-01
-3.356164383561646702e-01 8.790274731153013832e-01 1.209725272479250241e-01
-3.375733855185910626e-01 8.753317662652273512e-01 1.246682340888584928e-01
-3.395303326810177880e-01 8.715470005612210302e-01 1.284529997834583659e-01
-3.414872798434443468e-01 8.676719784769182375e-01 1.323280218581123213e-01
-3.434442270058711277e-01 8.637055024859576768e-01 1.362944978392085782e-01
-3.454011741682974646e-01 8.596463750619754984e-01 1.403536252531348283e-01
-3.473581213307242455e-01 8.554933986786088518e-01 1.445066016262798181e-01
-3.493150684931508043e-01 8.512453758094942202e-01 1.487546244850312671e-01
-3.512720156555775297e-01 8.469013111008731887e-01 1.530986891832418761e-01
-3.532289628180040886e-01 8.424668515982817185e-01 1.575331486777371559e-01
-3.551859099804306474e-01 8.379362944192462193e-01 1.620637058494773242e-01
-3.571428571428574283e-01 8.333088248599641590e-01 1.666911754024215375e-01
-3.590998043052839872e-01 8.285836509680735151e-01 1.714163492890943274e-01
-3.610567514677107126e-01 8.237600035426551059e-01 1.762399967105872101e-01
-3.630136986301371049e-01 8.188371361342299259e-01 1.811628641165575759e-01
-3.649706457925638303e-01 8.138143250447593680e-01 1.861856752052305775e-01
-3.669275929549903892e-01 8.086908693276475546e-01 1.913091309233969917e-01
-3.688845401174171146e-01 8.034660907877395619e-01 1.965339094664139419e-01
-3.708414872798435069e-01 7.981393339813216414e-01 2.018606662782050920e-01
-3.727984344422702323e-01 7.927235110518394690e-01 2.072764892033913120e-01
-3.747553816046967912e-01 7.872123833921799152e-01 2.127876168543607893e-01
-3.767123287671235721e-01 7.816040441113869530e-01 2.183959561234870006e-01
-3.786692759295501309e-01 7.758988579725353274e-01 2.241011422471019809e-01
-3.806262230919766898e-01 7.700972651928473800e-01 2.299027350073524212e-01
-3.825831702544032487e-01 7.641997814436867209e-01 2.358002187322021936e-01
-3.845401174168299741e-01 7.582069978505656671e-01 2.417930022954288827e-01
-3.864970645792565329e-01 7.521195809931391363e-01 2.478804191166260606e-01
-3.884540117416830918e-01 7.459382729052088656e-01 2.540617271612022332e-01
-3.904109589041098727e-01 7.396638910747200812e-01 2.603361089403828377e-01
-3.923679060665364315e-01 7.332811779181930278e-01 2.667188220650950070e-01
-3.943248532289631569e-01 7.267908101155068357e-01 2.732091898550624287e-01
-3.962818003913895493e-01 7.201999523839240913e-01 2.798000475813428589e-01
-3.982387475538162747e-01 7.135082469707664243e-01 2.864917529982161648e-01
-4.001956947162428335e-01 7.067153268629087215e-01 2.932846731205193125e-01
-4.021526418786695589e-01 6.998208157867746859e-01 3.001791842236476993e-01
-4.041095890410961178e-01 6.928243282083395016e-01 3.071756718435558753e-01
-4.060665362035226766e-01 6.857254693331289452e-01 3.142745307767563778e-01
-4.080234833659492910e-01 6.785238351062169437e-01 3.214761650803215076e-01
-4.099804305283760164e-01 6.712190122122307923e-01 3.287809880718811084e-01
-4.119373776908025753e-01 6.638392729087535526e-01 3.361607274621600805e-01
-4.138943248532291341e-01 6.564079541952905217e-01 3.435920462259197672e-01
-4.158512720156556930e-01 6.488986640360822067e-01 3.511013364323009589e-01
-4.178082191780824184e-01 6.413148077930088675e-01 3.586851927175394028e-01
-4.197651663405089772e-01 6.336600052121471593e-01 3.663399953335183534e-01
-4.217221135029355361e-01 6.259380904237702437e-01 3.740619101477682396e-01
-4.236790606653620950e-01 6.181531119423444576e-01 3.818468886434689402e-01
-4.256360078277888759e-01 6.103093326665358642e-01 3.896906679194456213e-01
-4.275929549902154347e-01 6.024112298792043685e-01 3.975887706901714003e-01
-4.295499021526421601e-01 5.944634952474079359e-01 4.055365052857670127e-01
-4.315068493150687190e-01 5.864523927461149366e-01 4.135476077635591441e-01
-4.334637964774952779e-01 5.783291594905152211e-01 4.216708411071811713e-01
-4.354207436399220033e-01 5.701408903088087676e-01 4.298591104061233459e-01
-4.373776908023486176e-01 5.618885862065690073e-01 4.381114146599701664e-01
-4.393346379647751765e-01 5.535731957400047420e-01 4.464268053180191487e-01
-4.412915851272017354e-01 5.451956150159591452e-01 4.548043862792822134e-01
-4.432485322896284607e-01 5.367566876919116492e-01 4.632433138924834659e-01
-4.452054794520550196e-01 5.282572049759781674e-01 4.717427969560595846e-01
-4.471624266144815785e-01 5.196979056269090957e-01 4.803020967181602652e-01
-4.491193737769081373e-01 5.110794759540886467e-01 4.889205268766501078e-01
-4.510763209393348627e-01 5.024074089549750433e-01 4.975925944192148842e-01
-4.530332681017614216e-01 4.937751637270616500e-01 5.062248398271249616e-01
-4.549902152641882025e-01 4.851213509646812305e-01 5.148786527004627356e-01
-4.569471624266145393e-01 4.764518317568209871e-01 5.235481719340022710e-01
-4.589041095890413202e-01 4.677727343069342236e-01 5.322272693069226568e-01
-4.608610567514678791e-01 4.590904539329448419e-01 5.409095494828053408e-01
-4.628180039138946045e-01 4.504116530672444552e-01 5.495883500096354624e-01
-4.647749510763211633e-01 4.417432612566930539e-01 5.582567413198005202e-01
-4.667318982387477222e-01 4.330924751626176183e-01 5.669075267300947019e-01
-4.686888454011745031e-01 4.244667585608151716e-01 5.755332424417125559e-01
-4.706457925636010620e-01 4.158738423415502261e-01 5.841261575402529882e-01
-4.726027397260276208e-01 4.071261250374700325e-01 5.928738744231751845e-01
-4.745596868884541797e-01 3.983207716209025140e-01 6.016792276575423370e-01
-4.765166340508809051e-01 3.894804213506742330e-01 6.105195778881051805e-01
-4.784735812133074639e-01 3.806008551515100979e-01 6.193991442250748047e-01
-4.804305283757341893e-01 3.716773836613787019e-01 6.283226160678938577e-01
-4.823874755381605817e-01 3.627048472314929328e-01 6.372951531052336582e-01
-4.843444227005873071e-01 3.536776159263060881e-01 6.463223853149981935e-01
-4.863013698630138659e-01 3.445895895235172590e-01 6.554104129643196774e-01
-4.882583170254406468e-01 3.354341975140683330e-01 6.645658066095607719e-01
-4.902152641878670392e-01 3.262043991021451594e-01 6.737956070963141419e-01
-4.921722113502937646e-01 3.173165000256107371e-01 6.826835072729915410e-01
-4.941291585127203234e-01 3.087121638353172437e-01 6.912878438022628247e-01
-4.960861056751470488e-01 3.002213413219911864e-01 6.997786664999130490e-01
-4.980430528375734411e-01 2.918563364622880352e-01 7.081436713673704419e-01
-5.000000000000002220e-01 2.836294532328610396e-01 7.163705544060654518e-01
-5.000000000000000000e-01 2.836294532328610396e-01 7.163705544060654518e-01
-4.980430528375733301e-01 2.788924861037852532e-01 7.211075194462517324e-01
-4.960861056751467713e-01 2.752673398121919801e-01 7.247326651933819752e-01
-4.941291585127201569e-01 2.723614263476747954e-01 7.276385782294017002e-01
-4.921722113502935980e-01 2.700368676385020983e-01 7.299631366398952048e-01
-4.902152641878669281e-01 2.680596019072022385e-01 7.319404021337763133e-01
-4.882583170254402583e-01 2.664478103950583820e-01 7.335521934703574942e-01
-4.863013698630136994e-01 2.651939503233445850e-01 7.348060533876766831e-01
-4.843444227005870295e-01 2.642973369234113412e-01 7.357026666576227392e-01
-4.823874755381604706e-01 2.636412333473170388e-01 7.363587701150284826e-01
-4.804305283757338563e-01 2.632231945308833865e-01 7.367768088237065527e-01
-4.784735812133071864e-01 2.630611102472313334e-01 7.369388930132081406e-01
-4.765166340508806275e-01 2.631549804963608241e-01 7.368450226835340233e-01
-4.745596868884539576e-01 2.634154762245369263e-01 7.365845268829244175e-01
-4.726027397260273988e-01 2.638511196729909081e-01 7.361488833706727464e-01
-4.706457925636007844e-01 2.644905287382021131e-01 7.355094742520591478e-01
-4.686888454011742255e-01 2.653308711285064514e-01 7.346691318138718341e-01
-4.667318982387475557e-01 2.662366069616834974e-01 7.337633957049700673e-01
-4.647749510763208858e-01 2.672864982860061467e-01 7.327135040126869781e-01
-4.628180039138943269e-01 2.684805451014743438e-01 7.315194567370220113e-01
-4.608610567514677125e-01 2.697950204902366811e-01 7.302049809065249697e-01
-4.589041095890410982e-01 2.711841584380117465e-01 7.288158427489983548e-01
-4.569471624266144838e-01 2.726826994723749453e-01 7.273173015747848025e-01
-4.549902152641878139e-01 2.742906435933266662e-01 7.257093573838839795e-01
-4.530332681017612551e-01 2.759744742034071496e-01 7.240255267168552722e-01
-4.510763209393345852e-01 2.777303252028891500e-01 7.222696756668620655e-01
-4.491193737769080263e-01 2.795719146378761177e-01 7.204280862110905570e-01
-4.471624266144814119e-01 2.814992425083677752e-01 7.185007583495404138e-01
-4.452054794520547421e-01 2.834905833965827848e-01 7.165094174817547845e-01
-4.432485322896281832e-01 2.855509660528632310e-01 7.144490348616137076e-01
-4.412915851272015133e-01 2.876774360244814810e-01 7.123225649393638559e-01
-4.393346379647749544e-01 2.898665169598653168e-01 7.101334840636595036e-01
-4.373776908023483401e-01 2.921147325074425205e-01 7.078852685831543701e-01
-4.354207436399216702e-01 2.944186063156410960e-01 7.055813948465023966e-01
-4.334637964774951113e-01 2.967746620328889917e-01 7.032253392023570804e-01
-4.315068493150684414e-01 2.991798147389980178e-01 7.008201865739969172e-01
-4.295499021526418826e-01 3.016306980496260559e-01 6.983693033445343978e-01
-4.275929549902152127e-01 3.041236639965319011e-01 6.958763374766574472e-01
-4.256360078277886538e-01 3.066552788488458026e-01 6.933447226989719603e-01
-4.236790606653620395e-01 3.092221088756973435e-01 6.907778927400838320e-01
-4.217221135029353696e-01 3.118207203462168842e-01 6.881792813285991794e-01
-4.197651663405088107e-01 3.144476795295344518e-01 6.855523221931232314e-01
-4.178082191780821408e-01 3.171030136298009783e-01 6.828969881346451665e-01
-4.158512720156555820e-01 3.197960084511616285e-01 6.802039933739632005e-01
-4.138943248532289676e-01 3.225141612023662563e-01 6.774858406806645306e-01
-4.119373776908022977e-01 3.252548656764761015e-01 6.747451362611929238e-01
-4.099804305283757389e-01 3.280155156665527372e-01 6.719844863219939235e-01
-4.080234833659490690e-01 3.307935049656570703e-01 6.692064970695121850e-01
-4.060665362035224546e-01 3.335862273668508959e-01 6.664137747101923637e-01
-4.041095890410958957e-01 3.363910766631952876e-01 6.636089254504793367e-01
-4.021526418786692814e-01 3.392242240747375126e-01 6.607757780941537762e-01
-4.001956947162426670e-01 3.420755728328924716e-01 6.579244293996049375e-01
-3.982387475538159971e-01 3.449407863817949838e-01 6.550592159199626341e-01
-3.962818003913894382e-01 3.478182949231057863e-01 6.521817074544145054e-01
-3.943248532289627684e-01 3.507065286584856167e-01 6.492934738021484131e-01
-3.923679060665361540e-01 3.536039177895952124e-01 6.463960847623524408e-01
-3.904109589041095951e-01 3.565088925180950885e-01 6.434911101342140061e-01
-3.884540117416829252e-01 3.594266022789380233e-01 6.405734004528567116e-01
-3.864970645792563664e-01 3.623603815378925175e-01 6.376396212309002332e-01
-3.845401174168296965e-01 3.653033211005396463e-01 6.346966816880648121e-01
-3.825831702544030821e-01 3.682545613969893106e-01 6.317454413918368594e-01
-3.806262230919765233e-01 3.712132428573517995e-01 6.287867599097018978e-01
-3.786692759295498534e-01 3.741785059117369583e-01 6.258214968091453390e-01
-3.767123287671232945e-01 3.771494909902548542e-01 6.228505116576537048e-01
-3.747553816046966246e-01 3.801254493890759978e-01 6.198745531622876781e-01
-3.727984344422700103e-01 3.831066982867692983e-01 6.168933042018935886e-01
-3.708414872798433959e-01 3.860917511968620097e-01 6.139082512286703208e-01
-3.688845401174168370e-01 3.890798819470664416e-01 6.109201204192831192e-01
-3.669275929549902227e-01 3.920703749006985150e-01 6.079296274153290769e-01
-3.649706457925635528e-01 3.950625249566775965e-01 6.049374773233360258e-01
-3.630136986301369384e-01 3.980556375495280519e-01 6.019443647147636467e-01
-3.610567514677103240e-01 4.010490286493769707e-01 5.989509736260045791e-01
-3.590998043052837096e-01 4.040370881074401010e-01 5.959629141310764933e-01
-3.571428571428571508e-01 4.070193534734097285e-01 5.929806486912014840e-01
-3.551859099804304809e-01 4.099959102361037111e-01 5.900040918379174659e-01
-3.532289628180038665e-01 4.129653632448210820e-01 5.870346387181026859e-01
-3.512720156555772522e-01 4.159262712003968798e-01 5.840737306266942097e-01
-3.493150684931506378e-01 4.188771466552019263e-01 5.811228550066913634e-01
-3.473581213307240789e-01 4.218164560131424379e-01 5.781835454491519588e-01
-3.454011741682974090e-01 4.247431903009708520e-01 5.752568109766131865e-01
-3.434442270058708502e-01 4.276567411745715308e-01 5.723432600249150903e-01
-3.414872798434441803e-01 4.305548116876701248e-01 5.694451894741658915e-01
-3.395303326810175659e-01 4.334358726538887763e-01 5.665641285222164925e-01
-3.375733855185909515e-01 4.362983633716751575e-01 5.637016378830892460e-01
-3.356164383561643372e-01 4.391406916243031366e-01 5.608593097869811750e-01
-3.336594911937377783e-01 4.419612336798720564e-01 5.580387679802623069e-01
-3.317025440313111084e-01 4.447583342913067339e-01 5.552416677254761179e-01
-3.297455968688844941e-01 4.475507471298683093e-01 5.524492550998237883e-01
-3.277886497064578797e-01 4.503266355788951292e-01 5.496733668701017095e-01
-3.258317025440312653e-01 4.530860469201468121e-01 5.469139557494525627e-01
-3.238747553816047065e-01 4.558294232210214902e-01 5.441705796607934076e-01
-3.219178082191780366e-01 4.585573392028580164e-01 5.414426638719440632e-01
-3.199608610567514777e-01 4.612705022409373523e-01 5.387295009956313274e-01
-3.180039138943248078e-01 4.639697523644819022e-01 5.360302509894859790e-01
-3.160469667318981379e-01 4.666560622566551797e-01 5.333439411560443322e-01
-3.140900195694715791e-01 4.693305372545628629e-01 5.306694661427480142e-01
-3.121330724070449647e-01 4.719944153492521277e-01 5.280055879419430775e-01
-3.101761252446184058e-01 4.746490671857110377e-01 5.253509358908818871e-01
-3.082191780821917360e-01 4.772959960628699871e-01 5.227040066717205669e-01
-3.062622309197651216e-01 4.799368379336005908e-01 5.200631643115214420e-01
-3.043052837573385072e-01 4.825733614047161835e-01 5.174266401822513739e-01
-3.023483365949118928e-01 4.851904311908373790e-01 5.148095697450876251e-01
-3.003913894324852785e-01 4.877400079720107806e-01 5.122599928714111073e-01
-2.984344422700586641e-01 4.902689298966601550e-01 5.097310708609399388e-01
-2.964774951076320497e-01 4.927767710105726007e-01 5.072232296695087239e-01
-2.945205479452054353e-01 4.952631053595342725e-01 5.047368952529507347e-01
-2.925636007827788210e-01 4.977275069893322135e-01 5.022724935671006863e-01
-2.906066536203522066e-01 5.001695499457528005e-01 4.998304505677920728e-01
-2.886497064579256477e-01 5.025888082745830765e-01 4.974111922108589989e-01
-2.866927592954989779e-01 5.049848560216094739e-01 4.950151444521353472e-01
-2.847358121330723080e-01 5.073572672326184252e-01 4.926427332474551113e-01
-2.827788649706456936e-01 5.097056159533972508e-01 4.902943845526522848e-01
-2.808219178082191347e-01 5.120294762297318281e-01 4.879705243235606948e-01
-2.788649706457925204e-01 5.143284221074091445e-01 4.856715785160145016e-01
-2.769080234833659060e-01 5.166020276322162985e-01 4.833979730858474211e-01
-2.749510763209392916e-01 5.188697388237459851e-01 4.811302619180042872e-01
-2.729941291585126772e-01 5.211162589746562990e-01 4.788837417940976504e-01
-2.710371819960860629e-01 5.233408588897400238e-01 4.766591419124366902e-01
-2.690802348336594485e-01 5.255434112799823865e-01 4.744565895621976614e-01
-2.671232876712328341e-01 5.277237888563686141e-01 4.722762120325565416e-01
-2.651663405088062198e-01 5.298818643298848219e-01 4.701181366126894745e-01
-2.632093933463796054e-01 5.320175104115162368e-01 4.679824905917725486e-01
-2.612524461839529355e-01 5.341305998122478638e-01 4.658694012589814082e-01
-2.592954990215263211e-01 5.362210052430655960e-01 4.637789959034925857e-01
-2.573385518590997623e-01 5.382885994149547715e-01 4.617114018144820031e-01
-2.553816046966731479e-01 5.403332550389008393e-01 4.596667462811258043e-01
-2.534246575342465335e-01 5.423548448258891375e-01 4.576451565925999665e-01
-2.514677103718199191e-01 5.443532414869056701e-01 4.556467600380804672e-01
-2.495107632093933048e-01 5.463385484783651602e-01 4.536614531289879793e-01
-2.475538160469666626e-01 5.483076345284095821e-01 4.516923671468344725e-01
-2.455968688845400483e-01 5.502566137439900418e-01 4.497433879967052128e-01
-2.436399217221134617e-01 5.521855905508741280e-01 4.478144112522625675e-01
-2.416829745596868473e-01 5.540946693748289853e-01 4.459053324871687929e-01
-2.397260273972602329e-01 5.559839546416209810e-01 4.440160472750866449e-01
-2.377690802348336185e-01 5.578535507770177038e-01 4.421464511896780469e-01
-2.358121330724069764e-01 5.597035622067856320e-01 4.402964398046057548e-01
-2.338551859099803620e-01 5.615340933566923542e-01 4.384659086935320804e-01
-2.318982387475537754e-01 5.633452486525043490e-01 4.366547534301193911e-01
-2.299412915851271055e-01 5.651371325199885387e-01 4.348628695880302208e-01
-2.279843444227005189e-01 5.669098493849118459e-01 4.330901527409268814e-01
-2.260273972602739045e-01 5.686635036730420811e-01 4.313364984624718512e-01
-2.240704500978472902e-01 5.703996806464868286e-01 4.296003215000895326e-01
-2.221135029354206758e-01 5.721195649040429210e-01 4.278804372617825980e-01
-2.201565557729940892e-01 5.738215311465008073e-01 4.261784710343880511e-01
-2.181996086105674748e-01 5.755057403637465763e-01 4.244942618278351731e-01
-2.162426614481408604e-01 5.771723535456667609e-01 4.228276486520531896e-01
-2.142857142857142461e-01 5.788215316821473388e-01 4.211784705169714926e-01
-2.123287671232876039e-01 5.804534357630741770e-01 4.195465664325190858e-01
-2.103718199608609618e-01 5.820682267783333641e-01 4.179317754086253611e-01
-2.084148727984343474e-01 5.836660657178108780e-01 4.163339364552195443e-01
-2.064579256360077331e-01 5.852471135713930295e-01 4.147528885822308053e-01
-2.045009784735811464e-01 5.868115313289654633e-01 4.131884707995885364e-01
-2.025440313111545321e-01 5.883594799804150455e-01 4.116405221172217965e-01
-2.005870841487279177e-01 5.898911205156270876e-01 4.101088815450598113e-01
-1.986301369863013033e-01 5.914067293523788127e-01 4.085932726689953665e-01
-1.966731898238747167e-01 5.929070840974284273e-01 4.070929179026751554e-01
-1.947162426614481023e-01 5.943917944193429781e-01 4.056082075589381164e-01
-1.927592954990214602e-01 5.958610338362534398e-01 4.041389681198867545e-01
-1.908023483365948458e-01 5.973149758662910092e-01 4.026850260676236859e-01
-1.888454011741682315e-01 5.987537940275867721e-01 4.012462078842513602e-01
-1.868884540117416448e-01 6.001776618382721473e-01 3.998223400518721160e-01
-1.849315068493149750e-01 6.015867528164783318e-01 3.984132490525882364e-01
-1.829745596868883606e-01 6.029812404803364112e-01 3.970187613685026706e-01
-1.810176125244617740e-01 6.043612983479776934e-01 3.956387034817174797e-01
-1.790606653620351596e-01 6.057270999375332643e-01 3.942729018743348357e-01
-1.771037181996085452e-01 6.070788187671344316e-01 3.929211830284580209e-01
-1.751467710371819031e-01 6.084166283549121701e-01 3.915833734261888188e-01
-1.731898238747552887e-01 6.097407022189980097e-01 3.902592995496297901e-01
-1.712328767123286744e-01 6.110515476104645405e-01 3.889484541414550689e-01
-1.692759295499020877e-01 6.123491459078840293e-01 3.876508558270607141e-01
-1.673189823874754734e-01 6.136336443009040575e-01 3.863663574175449367e-01
-1.653620352250488590e-01 6.149052291033505480e-01 3.850947725990658821e-01
-1.634050880626222724e-01 6.161640872031117766e-01 3.838359144837094616e-01
-1.614481409001956025e-01 6.174104060621381507e-01 3.825895956094888528e-01
-1.594911937377690159e-01 6.186443737164390999e-01 3.813556279403441662e-01
-1.575342465753424015e-01 6.198661787760889608e-01 3.801338228661430563e-01
-1.555772994129157316e-01 6.210760104252209812e-01 3.789239912026804435e-01
-1.536203522504891450e-01 6.222740584220316507e-01 3.777259431916782928e-01
-1.516634050880625306e-01 6.234605130987780353e-01 3.765394885007860015e-01
-1.497064579256359163e-01 6.246355653617797765e-01 3.753644362235798448e-01
-1.477495107632093296e-01 6.257994066914176479e-01 3.742005948795639747e-01
-1.457925636007827153e-01 6.269517895060068291e-01 3.730482120515768996e-01
-1.438356164383561009e-01 6.280929065942429945e-01 3.719070949507850554e-01
-1.418786692759294865e-01 6.292231701826205281e-01 3.707768313499069102e-01
-1.399217221135028999e-01 6.303427491447779474e-01 3.696572523752162942e-01
-1.379647749510762300e-01 6.314518117974241562e-01 3.685481897099094351e-01
-1.360078277886495879e-01 6.325505259003368907e-01 3.674494755941040136e-01
-1.340508806262229735e-01 6.336390586563658278e-01 3.663609428248407740e-01
-1.320939334637963869e-01 6.347175767114286993e-01 3.652824247560818582e-01
-1.301369863013697725e-01 6.357862461545142896e-01 3.642137552987123605e-01
-1.281800391389431582e-01 6.368452325176806594e-01 3.631547689205389950e-01
-1.262230919765165438e-01 6.378947007760562560e-01 3.621053006462906509e-01
-1.242661448140899433e-01 6.389348153478398018e-01 3.610651860576188366e-01
-1.223091976516633428e-01 6.399657400942987406e-01 3.600342612930971242e-01
-1.203522504892367284e-01 6.409871848285262352e-01 3.590128165417301176e-01
-1.183953033268100863e-01 6.419986382535383118e-01 3.580013631036922384e-01
-1.164383561643834719e-01 6.430009794385943556e-01 3.569990219059637204e-01
-1.144814090019568714e-01 6.439943227950135629e-01 3.560056785372712751e-01
-1.125244618395302570e-01 6.449787800058165432e-01 3.550212213146435314e-01
-1.105675146771036566e-01 6.459544600257252078e-01 3.540455412834103699e-01
-1.086105675146770005e-01 6.469214690811626589e-01 3.530785322172034779e-01
-1.066536203522504417e-01 6.478799106702533006e-01 3.521200906179562939e-01
-1.046966731898237857e-01 6.488298855628238382e-01 3.511701157159031750e-01
-1.027397260273972268e-01 6.497714918004009466e-01 3.502285094695809509e-01
-1.007827788649705292e-01 6.507048246962137128e-01 3.492951765658274255e-01
-9.882583170254388705e-02 6.516299768351923039e-01 3.483700244197823759e-01
-9.686888454011731431e-02 6.525470380739679666e-01 3.474529631748869418e-01
-9.491193737769067218e-02 6.534560955408736937e-01 3.465439057028840697e-01
-9.295499021526411332e-02 6.543572336359440023e-01 3.456427676038180685e-01
-9.099804305283745731e-02 6.552505340309140447e-01 3.447494672060352205e-01
-8.904109589041089845e-02 6.561360756692209417e-01 3.438639255661829486e-01
-8.708414872798424244e-02 6.570139347660035600e-01 3.429860664692105376e-01
-8.512720156555768358e-02 6.578841848081011801e-01 3.421158164283688574e-01
-8.317025440313102758e-02 6.587468965540548282e-01 3.412531046852101957e-01
-8.121330724070446871e-02 6.596021380341072771e-01 3.403978632095889800e-01
-7.925636007827781271e-02 6.604499745502022678e-01 3.395500266996604455e-01
-7.729941291585125385e-02 6.612904686759851769e-01 3.387095325818823000e-01
-7.534246575342459784e-02 6.621236802568024604e-01 3.378763210110129478e-01
-7.338551859099795571e-02 6.629496664097020986e-01 3.370503348701129886e-01
-7.142857142857129971e-02 6.637684815234337066e-01 3.362315197705447734e-01
-6.947162426614464370e-02 6.645801772584478684e-01 3.354198240519713492e-01
-6.751467710371808484e-02 6.653882933994486049e-01 3.346117079176986753e-01
-6.555772994129142883e-02 6.661909062509878687e-01 3.338090950701274595e-01
-6.360078277886486997e-02 6.669873041874135877e-01 3.330126971376524136e-01
-6.164383561643822090e-02 6.677775843131774636e-01 3.322224170157525025e-01
-5.968688845401166204e-02 6.685618427568937872e-01 3.314381585757412707e-01
-5.772994129158500604e-02 6.693401746713397715e-01 3.306598266647657880e-01
-5.577299412915844717e-02 6.701126742334553299e-01 3.298873271058079815e-01
-5.381604696673179117e-02 6.708794346443431866e-01 3.291205666976835253e-01
-5.185909980430523231e-02 6.716405481292686552e-01 3.283594532150425627e-01
-4.990215264187858324e-02 6.723961059376599714e-01 3.276038954083686505e-01
-4.794520547945192723e-02 6.731461983431079599e-01 3.268538030039802589e-01
-4.598825831702536837e-02 6.738909146433668118e-01 3.261090867040296049e-01
-4.403131115459871237e-02 6.746303431603524192e-01 3.253696581865030968e-01
-4.207436399217215350e-02 6.753645712401447065e-01 3.246354301052213898e-01
-4.011741682974550444e-02 6.760936852529848551e-01 3.239063160898391081e-01
-3.816046966731893864e-02 6.768177705932780786e-01 3.231822307458453447e-01
-3.620352250489228957e-02 6.775369116795915136e-01 3.224630896545626069e-01
-3.424657534246564050e-02 6.782511919546563295e-01 3.217488093731485366e-01
-3.228962818003898450e-02 6.789606938853647300e-01 3.210393074345940234e-01
-3.033268101761242563e-02 6.796654989627723964e-01 3.203345023477248144e-01
-2.837573385518577310e-02 6.803656877020989313e-01 3.196343135972002925e-01
-2.641878669275921077e-02 6.810613396427246391e-01 3.189386616435140320e-01
-2.446183953033255823e-02 6.817525333481937455e-01 3.182474679229938541e-01
-2.250489236790590569e-02 6.824393464062132875e-01 3.175606548478019375e-01
-2.054794520547934683e-02 6.831200433137506467e-01 3.168799579322227888e-01
-1.859099804305269429e-02 6.837960424783220414e-01 3.162039587601654378e-01
-1.663405088062613196e-02 6.844675613897789335e-01 3.155324398407404751e-01
-1.467710371819948116e-02 6.851346523135783961e-01 3.148653489084816126e-01
-1.272015655577291883e-02 6.857973659591322102e-01 3.142026352539690759e-01
-1.076320939334626803e-02 6.864557514798057536e-01 3.135442497238289938e-01
-8.806262230919707432e-03 6.871098564729192226e-01 3.128901447207340647e-01
-6.849315068493054028e-03 6.877597269797472990e-01 3.122402742034030565e-01
-4.892367906066493431e-03 6.884054074855178174e-01 3.115945936866009180e-01
-2.935420743639841328e-03 6.890469409194145411e-01 3.109530602411388900e-01
-9.784735812132805150e-04 6.896843686545743868e-01 3.103156324938743937e-01
9.784735812133715880e-04 6.903177305080892001e-01 3.096822706277112536e-01
2.935420743640114981e-03 6.909470647410047572e-01 3.090529363815991415e-01
4.892367906066675577e-03 6.915724080583215416e-01 3.084275930505345764e-01
6.849315068493328114e-03 6.921937956089936339e-01 3.078062054855595919e-01
8.806262230919889578e-03 6.928112609859307103e-01 3.071887400937630686e-01
1.076320939334654038e-02 6.934248362259949339e-01 3.065751648382798455e-01
1.272015655577310271e-02 6.940345518100043964e-01 3.059654492382907209e-01
1.467710371819975351e-02 6.946404366627312310e-01 3.053595643690231176e-01
1.663405088062631584e-02 6.952425181529007236e-01 3.047574828617509723e-01
1.859099804305296838e-02 6.958408220931938670e-01 3.041591789037935145e-01
2.054794520547952724e-02 6.964353727402453620e-01 3.035646282385169314e-01
2.250489236790617978e-02 6.970261927946441727e-01 3.029738081653333692e-01
2.446183953033274211e-02 6.976133541979523400e-01 3.023866467428719673e-01
2.641878669275939465e-02 6.981991293217209016e-01 3.018008716079676468e-01
2.837573385518604718e-02 6.987815879266898733e-01 3.012184129926328002e-01
3.033268101761260604e-02 6.993607699054327220e-01 3.006392310043843885e-01
3.228962818003926205e-02 6.999367142103896100e-01 3.000632866908761187e-01
3.424657534246582091e-02 7.005094588538672840e-01 2.994905420398972229e-01
3.620352250489246998e-02 7.010790409080391861e-01 2.989209599793730687e-01
3.816046966731912599e-02 7.016454965049464532e-01 2.983545043773651595e-01
4.011741682974577505e-02 7.022088608364961404e-01 2.977911400420708565e-01
4.207436399217233391e-02 7.027691681544623314e-01 2.972308327218232682e-01
4.403131115459898992e-02 7.033264517704870267e-01 2.966735491050919160e-01
4.598825831702554878e-02 7.038807440560777007e-01 2.961192568204820130e-01
4.794520547945220479e-02 7.044320764426088566e-01 2.955679244367349634e-01
4.990215264187876365e-02 7.049804794213225811e-01 2.950195214627279183e-01
5.185909980430541272e-02 7.055259825433271015e-01 2.944740183474742201e-01
5.381604696673206872e-02 7.060686144195980063e-01 2.939313864801229581e-01
5.577299412915862759e-02 7.066084027209778018e-01 2.933915981899597458e-01
5.772994129158528359e-02 7.071453741781754676e-01 2.928546267464053332e-01
5.968688845401184245e-02 7.076795545817664568e-01 2.923204463590173829e-01
6.164383561643849152e-02 7.082109687821940280e-01 2.917890321774886386e-01
6.360078277886505038e-02 7.087396406897674694e-01 2.912603602916487011e-01
6.555772994129170639e-02 7.092655932746638747e-01 2.907344077314623632e-01
6.751467710371826525e-02 7.097888485669257008e-01 2.902111524670308862e-01
6.947162426614492126e-02 7.103094276564638765e-01 2.896905734085915007e-01
7.142857142857148012e-02 7.108275696382440056e-01 2.891724314583891120e-01
7.338551859099813612e-02 7.113446160789050898e-01 2.886553850321849635e-01
7.534246575342477825e-02 7.118593089906198879e-01 2.881406921350957440e-01
7.729941291585143426e-02 7.123716832947428745e-01 2.876283178456899847e-01
7.925636007827809026e-02 7.128817734420237473e-01 2.871182277131363869e-01
8.121330724070464913e-02 7.133896134126098687e-01 2.866103877572036551e-01
8.317025440313130513e-02 7.138952367160442680e-01 2.861047644682603863e-01
8.512720156555786399e-02 7.143986763912673066e-01 2.856013248072752919e-01
8.708414872798452000e-02 7.148999650066159006e-01 2.851000362058170312e-01
8.904109589041107886e-02 7.153991346598214118e-01 2.846008665660543779e-01
9.099804305283773487e-02 7.158962169780145324e-01 2.841037842607561092e-01
9.295499021526429373e-02 7.163912431177207329e-01 2.836087581332914498e-01
9.491193737769093586e-02 7.168842437648624832e-01 2.831157574976285174e-01
9.686888454011750860e-02 7.173752491347582527e-01 2.826247521383367101e-01
9.882583170254415073e-02 7.178642889721243980e-01 2.821357123105849296e-01
1.007827788649707096e-01 7.183513925510727205e-01 2.816486087401420257e-01
1.027397260273973656e-01 7.188365886751106881e-01 2.811634126233769626e-01
1.046966731898240216e-01 7.193199056771439892e-01 2.806800956272588188e-01
1.066536203522505805e-01 7.198013714194737567e-01 2.801986298893566207e-01
1.086105675146772365e-01 7.202810132937982335e-01 2.797189880178394539e-01
1.105675146771037953e-01 7.207588582212113293e-01 2.792411430914762960e-01
1.125244618395304513e-01 7.212349326522045079e-01 2.787650686596366834e-01
1.144814090019570935e-01 7.217092625666647887e-01 2.782907387422894896e-01
1.164383561643837495e-01 7.221818734738768564e-01 2.778181278300038137e-01
1.183953033268103083e-01 7.226533048067814713e-01 2.773466964931714518e-01
1.203522504892369643e-01 7.231248322174756993e-01 2.768751690880170147e-01
1.223091976516635232e-01 7.235950545579699078e-01 2.764049467527189274e-01
1.242661448140901792e-01 7.240640179398312171e-01 2.759359833757007996e-01
1.262230919765167381e-01 7.245317686023502457e-01 2.754682327176647405e-01
1.281800391389433802e-01 7.249983529125388904e-01 2.750016484115912485e-01
1.301369863013700501e-01 7.254638173651325461e-01 2.745361839627389888e-01
1.320939334637966089e-01 7.259282085825871089e-01 2.740717927486451266e-01
1.340508806262232511e-01 7.263915733150819731e-01 2.736084280191249940e-01
1.360078277886498099e-01 7.268539584405182552e-01 2.731460428962725340e-01
1.379647749510764798e-01 7.273154109645199039e-01 2.726845903744599675e-01
1.399217221135030387e-01 7.277759780204322571e-01 2.722240233203377935e-01
1.418786692759296808e-01 7.282357068693230406e-01 2.717642944728347887e-01
1.438356164383562397e-01 7.286946448999824799e-01 2.713053564431581188e-01
1.457925636007828818e-01 7.291528396289230773e-01 2.708471617147936161e-01
1.477495107632094684e-01 7.296103387003800567e-01 2.703896626435052797e-01
1.497064579256361938e-01 7.300671898863092535e-01 2.699328114573352200e-01
1.516634050880628637e-01 7.305234410863903349e-01 2.694765602566040474e-01
1.536203522504894226e-01 7.309791403280243571e-01 2.690208610139110945e-01
1.555772994129160647e-01 7.314343357663348755e-01 2.685656655741336385e-01
1.575342465753426235e-01 7.318890756841678336e-01 2.681109256544271791e-01
1.594911937377692657e-01 7.323434084920910081e-01 2.676565928442260489e-01
1.614481409001958245e-01 7.327973827283947861e-01 2.672026186052427477e-01
1.634050880626224944e-01 7.332510470590916096e-01 2.667489542714678308e-01
1.653620352250490533e-01 7.337055846402842363e-01 2.662944166881591190e-01
1.673189823874756954e-01 7.341622623699932682e-01 2.658377389587568973e-01
1.692759295499022543e-01 7.346192927190645650e-01 2.653807086102242252e-01
1.712328767123289242e-01 7.350767588022508736e-01 2.649232425278539860e-01
1.731898238747554830e-01 7.355347447624399626e-01 2.644652565688068169e-01
1.751467710371821251e-01 7.359933357706527346e-01 2.640066655621108316e-01
1.771037181996087673e-01 7.364526180260443367e-01 2.635473833086626749e-01
1.790606653620353539e-01 7.369126787559026059e-01 2.630873225812263572e-01
1.810176125244619960e-01 7.373736062156511784e-01 2.626263951244338646e-01
1.829745596868885549e-01 7.378354896888454917e-01 2.621645116547851595e-01
1.849315068493151970e-01 7.382984194871763384e-01 2.617015818606478472e-01
1.868884540117418669e-01 7.387624869504667569e-01 2.612375144022573981e-01
1.888454011741685090e-01 7.392277844466749182e-01 2.607722169117175359e-01
1.908023483365950679e-01 7.396944053718925716e-01 2.603055959929994057e-01
1.927592954990217378e-01 7.401624441503447116e-01 2.598375572219421281e-01
1.947162426614482966e-01 7.406319962343904661e-01 2.593680051462527447e-01
1.966731898238749388e-01 7.411031581045228744e-01 2.588968432855062174e-01
1.986301369863014976e-01 7.415760272693681099e-01 2.584239741311448735e-01
2.005870841487281397e-01 7.420507022656877005e-01 2.579492991464797935e-01
2.025440313111548096e-01 7.425272826583749763e-01 2.574727187666892014e-01
2.045009784735813685e-01 7.430058690404588440e-01 2.569941323988194082e-01
2.064579256360080106e-01 7.434865630331009001e-01 2.565134384217844232e-01
2.084148727984345695e-01 7.439694672855968749e-01 2.560305341863664541e-01
2.103718199608612394e-01 7.444546854753764098e-01 2.555453160152152403e-01
2.123287671232877982e-01 7.449442679581503857e-01 2.550557335475049925e-01
2.142857142857144404e-01 7.454390906155673457e-01 2.545609108996128578e-01
2.162426614481409992e-01 7.459373276738165970e-01 2.540626738505946669e-01
2.181996086105676413e-01 7.464391534768251013e-01 2.535608480564321976e-01
2.201565557729942280e-01 7.469447464510365897e-01 2.530552550905837972e-01
2.221135029354208701e-01 7.474542891661983823e-01 2.525457123831965633e-01
2.240704500978475122e-01 7.479679683961495407e-01 2.520320331603209674e-01
2.260273972602741821e-01 7.484859751796044680e-01 2.515140263831225909e-01
2.279843444227008242e-01 7.490085048809435042e-01 2.509914966870961939e-01
2.299412915851273831e-01 7.495357572509968591e-01 2.504642443212783953e-01
2.318982387475540252e-01 7.500679364878319877e-01 2.499320650874607419e-01
2.338551859099806118e-01 7.506052512975405211e-01 2.493947502794035542e-01
2.358121330724072540e-01 7.511479149550257528e-01 2.488520866220480521e-01
2.377690802348338128e-01 7.516961453647872382e-01 2.483038562107300895e-01
2.397260273972604550e-01 7.522501651217099461e-01 2.477498364503930572e-01
2.416829745596870138e-01 7.528102015718493023e-01 2.471897999948011182e-01
2.436399217221136837e-01 7.533764868732180098e-01 2.466235146857524430e-01
2.455968688845402426e-01 7.539492580565740898e-01 2.460507434922920011e-01
2.475538160469668847e-01 7.545287570862055926e-01 2.454712444499249913e-01
2.495107632093934436e-01 7.551152309207198599e-01 2.448847705998298263e-01
2.514677103718200857e-01 7.557089315738272362e-01 2.442910699280713693e-01
2.534246575342467556e-01 7.563101161751298873e-01 2.436898853048140023e-01
2.553816046966733144e-01 7.569190470309086205e-01 2.430809544235347230e-01
2.573385518590999843e-01 7.575359916849074837e-01 2.424640097402361305e-01
2.592954990215265432e-01 7.581634333759721400e-01 2.418365680303427856e-01
2.612524461839531575e-01 7.588015442486304440e-01 2.411984571483582473e-01
2.632093933463798274e-01 7.594492223114028828e-01 2.405507790763693754e-01
2.651663405088064973e-01 7.601068174799519017e-01 2.398931838988212772e-01
2.671232876712330562e-01 7.607746879943383389e-01 2.392253133757688000e-01
2.690802348336597261e-01 7.614532005350691524e-01 2.385468008268279427e-01
2.710371819960862849e-01 7.621427303391479224e-01 2.378572710151270753e-01
2.729941291585128993e-01 7.628436613161236890e-01 2.371563400312572956e-01
2.749510763209394582e-01 7.635563861641404548e-01 2.364436151772243977e-01
2.769080234833661280e-01 7.642813064859843575e-01 2.357186948503988133e-01
2.788649706457926869e-01 7.650188329051360592e-01 2.349811684274677737e-01
2.808219178082193568e-01 7.657693851818175856e-01 2.342306161483854454e-01
2.827788649706459712e-01 7.665333923290416074e-01 2.334666090003242600e-01
2.847358121330726410e-01 7.673112927286624974e-01 2.326887086016264095e-01
2.866927592954990889e-01 7.681035342474225036e-01 2.318964670857541210e-01
2.886497064579257588e-01 7.689105743530042503e-01 2.310894269852409866e-01
2.906066536203524286e-01 7.697328802300771322e-01 2.302671211156434028e-01
2.925636007827790430e-01 7.705709288963481507e-01 2.294290724594908737e-01
2.945205479452055464e-01 7.714252073186093073e-01 2.285747940502378672e-01
2.964774951076322163e-01 7.722962125287895496e-01 2.277037888562138401e-01
2.984344422700589416e-01 7.731844517400017214e-01 2.268155496645751779e-01
3.003913894324856115e-01 7.740904424625920655e-01 2.259095589652560521e-01
3.023483365949122259e-01 7.750147126201900605e-01 2.249852888349189728e-01
3.043052837573387293e-01 7.759578006657570359e-01 2.240422008209063398e-01
3.062622309197653436e-01 7.769164959424685879e-01 2.230835055585934923e-01
3.082191780821920135e-01 7.778926700603071565e-01 2.221073314459199310e-01
3.101761252446186834e-01 7.788883165389894891e-01 2.211116849717447153e-01
3.121330724070451312e-01 7.799039307234391094e-01 2.200960707909968006e-01
3.140900195694718011e-01 7.809400151261858269e-01 2.190599863909889478e-01
3.160469667318984155e-01 7.819970794653118285e-01 2.180029220534710488e-01
3.180039138943250854e-01 7.830756407023988785e-01 2.169243608166831205e-01
3.199608610567515332e-01 7.841762230804736333e-01 2.158237784374084089e-01
3.219178082191782031e-01 7.852993581619578389e-01 2.147006433530260772e-01
3.238747553816049285e-01 7.864455848666098703e-01 2.135544166435647817e-01
3.258317025440315429e-01 7.876154495094758179e-01 2.123845519937552218e-01
3.277886497064582683e-01 7.888095058388349123e-01 2.111904956550835211e-01
3.297455968688846606e-01 7.900283150741451710e-01 2.099716864078441936e-01
3.317025440313113860e-01 7.912724459439909319e-01 2.087275555231927204e-01
3.336594911937379448e-01 7.925424747240302770e-01 2.074575267251992927e-01
3.356164383561646702e-01 7.938389852749403452e-01 2.061610161529014718e-01
3.375733855185910626e-01 7.951625690803652002e-01 2.048374323223574323e-01
3.395303326810177880e-01 7.965138252848618095e-01 2.034861760886983451e-01
3.414872798434443468e-01 7.978933607318462462e-01 2.021066406081822309e-01
3.434442270058711277e-01 7.993017900015424448e-01 2.006982113002467871e-01
3.454011741682974646e-01 8.007397354489268482e-01 1.992602658095622425e-01
3.473581213307242455e-01 8.022078272416772737e-01 1.977921739680840729e-01
3.493150684931508043e-01 8.037067033981157849e-01 1.962932977571067439e-01
3.512720156555775297e-01 8.052370098251602215e-01 1.947629912693166210e-01
3.532289628180040886e-01 8.067761158707009717e-01 1.932238851666779611e-01
3.551859099804306474e-01 8.083378712236486408e-01 1.916621297540375413e-01
3.571428571428574283e-01 8.099275758396544678e-01 1.900724250732599430e-01
3.590998043052839872e-01 8.115454488650560849e-01 1.884545519777497957e-01
3.610567514677107126e-01 8.131916966526628876e-01 1.868083041144347201e-01
3.630136986301371049e-01 8.148665123870828531e-01 1.851334882984363994e-01
3.649706457925638303e-01 8.165700757100504692e-01 1.834299248877421240e-01
3.669275929549903892e-01 8.183025523457573280e-01 1.816974481578761680e-01
3.688845401174171146e-01 8.200640937261781671e-01 1.799359066765718607e-01
3.708414872798435069e-01 8.218548366163993535e-01 1.781451636784424641e-01
3.727984344422702323e-01 8.236749027399510314e-01 1.763250974396528004e-01
3.747553816046967912e-01 8.255243984041308325e-01 1.744756016525907949e-01
3.767123287671235721e-01 8.274034141253339136e-01 1.725965858005393816e-01
3.786692759295501309e-01 8.293120242543832177e-01 1.706879755323472692e-01
3.806262230919766898e-01 8.312502866018549597e-01 1.687497130371012621e-01
3.825831702544032487e-01 8.332182420634106634e-01 1.667817574187963614e-01
3.845401174168299741e-01 8.352159142451207607e-01 1.647840850710091121e-01
3.864970645792565329e-01 8.372433090887985152e-01 1.627566900515677317e-01
3.884540117416830918e-01 8.393004144973230662e-01 1.606995844572243204e-01
3.904109589041098727e-01 8.413871999599724649e-01 1.586127987983256549e-01
3.923679060665364315e-01 8.435036161777496044e-01 1.564963823734853987e-01
3.943248532289631569e-01 8.456495946887107040e-01 1.543504036442553962e-01
3.962818003913895493e-01 8.478250474932944591e-01 1.521749506097970495e-01
3.982387475538162747e-01 8.500298666796506364e-01 1.499701311815525018e-01
4.001956947162428335e-01 8.522494691088453589e-01 1.477505286118598049e-01
4.021526418786695589e-01 8.544951739335799878e-01 1.455048236618516344e-01
4.041095890410961178e-01 8.567679622061890043e-01 1.432320352709144928e-01
4.060665362035226766e-01 8.590676202664040417e-01 1.409323771001955161e-01
4.080234833659492910e-01 8.613939201347173835e-01 1.386060771301093064e-01
4.099804305283760164e-01 8.637466195123805202e-01 1.362533776603386815e-01
4.119373776908025753e-01 8.661254617814047041e-01 1.338745353098345081e-01
4.138943248532291341e-01 8.685301760045599506e-01 1.314698210168155357e-01
4.158512720156556930e-01 8.709604769253767032e-01 1.290395200387678409e-01
4.178082191780824184e-01 8.734160649681446120e-01 1.265839319524460493e-01
4.197651663405089772e-01 8.758966262379127565e-01 1.241033706538726272e-01
4.217221135029355361e-01 8.784018325204896449e-01 1.215981643583378402e-01
4.236790606653620950e-01 8.809313412824439915e-01 1.190686556003994478e-01
4.256360078277888759e-01 8.834847956711031625e-01 1.165152012338836474e-01
4.275929549902154347e-01 8.860618245145552851e-01 1.139381724318844769e-01
4.295499021526421601e-01 8.886620423216466946e-01 1.113379546867636904e-01
4.315068493150687190e-01 8.912850492819834880e-01 1.087149478101513134e-01
4.334637964774952779e-01 8.939304312659323015e-01 1.060695659329444485e-01
4.354207436399220033e-01 8.965306776954296009e-01 1.034693195833994162e-01
4.373776908023486176e-01 8.990829851706063636e-01 1.009170121609061083e-01
4.393346379647751765e-01 9.016325582210205081e-01 9.836743917203370768e-02
4.412915851272017354e-01 9.041771397970312929e-01 9.582285766643584835e-02
4.432485322896284607e-01 9.067144056170453048e-01 9.328559192570735903e-02
4.452054794520550196e-01 9.092419641675144604e-01 9.075803346338337518e-02
4.471624266144815785e-01 9.117573567029372272e-01 8.824264102493989403e-02
4.491193737769081373e-01 9.142580572458601784e-01 8.574194058779274763e-02
4.510763209393348627e-01 9.167414725868745506e-01 8.325852536129908776e-02
4.530332681017614216e-01 9.192049422846192419e-01 8.079505578675628963e-02
4.549902152641882025e-01 9.216457386657799233e-01 7.835425953740240979e-02
4.569471624266145393e-01 9.240610668250874848e-01 7.593893151841624167e-02
4.589041095890413202e-01 9.264480646253213658e-01 7.355193386691655233e-02
4.608610567514678791e-01 9.288038026973058914e-01 7.119619595196317874e-02
4.628180039138946045e-01 9.311537635496058840e-01 6.884623519346091958e-02
4.647749510763211633e-01 9.334783791350844684e-01 6.652161967978528767e-02
4.667318982387477222e-01 9.357712519637442217e-01 6.422874690896875072e-02
4.686888454011745031e-01 9.380299928062172388e-01 6.197000610818410166e-02
4.706457925636010620e-01 9.402521743164526935e-01 5.974782462120126203e-02
4.726027397260276208e-01 9.424353310317161725e-01 5.756466790838783015e-02
4.745596868884541797e-01 9.445769593725900082e-01 5.542303954670811661e-02
4.765166340508809051e-01 9.466745176429736119e-01 5.332548122972452509e-02
4.784735812133074639e-01 9.487254260300830300e-01 5.127457276759656013e-02
4.804305283757341893e-01 9.507270666044507212e-01 4.927293208708120875e-02
4.823874755381605817e-01 9.526767833199263347e-01 4.732321523153294740e-02
4.843444227005873071e-01 9.545718820136757099e-01 4.542811636090320071e-02
4.863013698630138659e-01 9.564096304061826537e-01 4.359036775174129907e-02
4.882583170254406468e-01 9.581920582708092216e-01 4.180793966161922004e-02
4.902152641878670392e-01 9.599413254552906505e-01 4.005867241645650473e-02
4.921722113502937646e-01 9.616335628542032055e-01 3.836643496959690758e-02
4.941291585127203234e-01 9.632668411478475523e-01 3.673315664419390947e-02
4.960861056751470488e-01 9.648392337710030020e-01 3.516076400912511446e-02
4.980430528375734411e-01 9.663488169129286209e-01 3.365118087899266613e-02
5.000000000000002220e-01 9.677936695173634529e-01 3.220632831412254676e-02
