5.000000000000000000e-01 1.000000000000000000e+00 0.000000000000000000e+00
4.980430528375733301e-01 9.999999962240910811e-01 3.775919513146323750e-09
4.960861056751467713e-01 9.999999959245060577e-01 4.075496145377640551e-09
4.941291585127201569e-01 9.999999955889244951e-01 4.411070593113714715e-09
4.921722113502935980e-01 9.999999952515485901e-01 4.748439718646462637e-09
4.902152641878669281e-01 9.999999948326020460e-01 5.167385362558954661e-09
4.882583170254402583e-01 9.999999944049935419e-01 5.594993999573720293e-09
4.863013698630136994e-01 9.999999939773848157e-01 6.022602636588484270e-09
4.843444227005870295e-01 9.999999935497763115e-01 6.450211273603248247e-09
4.823874755381604706e-01 9.999999929090943596e-01 7.090838577470100121e-09
4.804305283757338563e-01 9.999999922177811307e-01 7.782084178410720190e-09
4.784735812133071864e-01 9.999999915264681238e-01 8.473329779351338604e-09
4.765166340508806275e-01 9.999999908351547839e-01 9.164575380291955364e-09
4.745596868884539576e-01 9.999999901438414440e-01 9.855820981232573778e-09
4.726027397260273988e-01 9.999999894525284372e-01 1.054706658217319219e-08
4.706457925636007844e-01 9.999999887612152083e-01 1.123831218311381061e-08
4.686888454011742255e-01 9.999999880699019794e-01 1.192955778405442902e-08
4.667318982387475557e-01 9.999999866651509972e-01 1.333441169082600390e-08
4.647749510763208858e-01 9.999999848156597704e-01 1.518411233369997996e-08
4.628180039138943269e-01 9.999999829661687656e-01 1.703381297657396263e-08
4.608610567514677125e-01 9.999999811166772057e-01 1.888351361944793869e-08
4.589041095890410982e-01 9.999999792671858678e-01 2.073321426232191475e-08
4.569471624266144838e-01 9.999999774176948630e-01 2.258291490519590073e-08
4.549902152641878139e-01 9.999999755682035252e-01 2.443261554806987348e-08
4.530332681017612551e-01 9.999999737187121873e-01 2.628231619094385616e-08
4.510763209393345852e-01 9.999999718692209605e-01 2.813201683381783884e-08
4.491193737769080263e-01 9.999999700197297337e-01 2.998171747669181489e-08
4.471624266144814119e-01 9.999999681702383958e-01 3.183141811956578433e-08
4.452054794520547421e-01 9.999999663207472800e-01 3.368111876243977363e-08
4.432485322896281832e-01 9.999999644712560531e-01 3.553081940531374969e-08
4.412915851272015133e-01 9.999999626217644932e-01 3.738052004818772575e-08
4.393346379647749544e-01 9.999999607722733774e-01 3.923022069106170842e-08
4.373776908023483401e-01 9.999999589227821506e-01 4.107992133393568448e-08
4.354207436399216702e-01 9.999999541494439814e-01 4.585356951609575179e-08
4.334637964774951113e-01 9.999999396971640531e-01 6.030649231106475889e-08
4.315068493150684414e-01 9.999999252448841247e-01 7.475941510603373952e-08
4.295499021526418826e-01 9.999999107926043074e-01 8.921233790100270692e-08
4.275929549902152127e-01 9.999998963403242680e-01 1.036652606959717273e-07
4.256360078277886538e-01 9.999998818880443396e-01 1.181181834909407476e-07
4.236790606653620395e-01 9.999998674357644113e-01 1.325711062859096885e-07
4.217221135029353696e-01 9.999998529834845939e-01 1.470240290808786824e-07
4.197651663405088107e-01 9.999998385312045546e-01 1.614769518758477292e-07
4.178082191780821408e-01 9.999998240789247372e-01 1.759298746708166966e-07
4.158512720156555820e-01 9.999998096266446979e-01 1.903827974657856640e-07
4.138943248532289676e-01 9.999997951743647695e-01 2.048357202607547373e-07
4.119373776908022977e-01 9.999997807220848411e-01 2.192886430557237047e-07
4.099804305283757389e-01 9.999997662698048018e-01 2.337415658506926985e-07
4.080234833659490690e-01 9.999997518175249844e-01 2.481944886456617453e-07
4.060665362035224546e-01 9.999997373652450561e-01 2.626474114406307921e-07
4.041095890410958957e-01 9.999997229129650167e-01 2.771003342355996801e-07
4.021526418786692814e-01 9.999997084606853104e-01 2.915532570305687269e-07
4.001956947162426670e-01 9.999996940084052710e-01 3.060061798255377208e-07
3.982387475538159971e-01 9.999996795561254537e-01 3.204591026205067147e-07
3.962818003913894382e-01 9.999996651038454143e-01 3.349120254154756556e-07
3.943248532289627684e-01 9.999996506515654859e-01 3.493649482104447024e-07
3.923679060665361540e-01 9.999996361992855576e-01 3.638178710054137492e-07
3.904109589041095951e-01 9.999996217470055182e-01 3.782707938003827431e-07
3.884540117416829252e-01 9.999996072947254788e-01 3.927237165953516311e-07
3.864970645792563664e-01 9.999995928424456615e-01 4.071766393903206779e-07
3.845401174168296965e-01 9.999995783901657331e-01 4.216295621852897247e-07
3.825831702544030821e-01 9.999995639378859158e-01 4.360824849802586656e-07
3.806262230919765233e-01 9.999995494856059874e-01 4.505354077752278183e-07
3.786692759295498534e-01 9.999995350333259481e-01 4.649883305701967063e-07
3.767123287671232945e-01 9.999995205810461307e-01 4.794412533651657001e-07
3.747553816046966246e-01 9.999995061287662024e-01 4.938941761601348528e-07
3.727984344422700103e-01 9.999994916764861630e-01 5.083470989551036879e-07
3.708414872798433959e-01 9.999993635517123725e-01 6.364720742926302828e-07
3.688845401174168370e-01 9.999991041156099936e-01 8.959078689465631587e-07
3.669275929549902227e-01 9.999988446795073926e-01 1.155343663600497517e-06
3.649706457925635528e-01 9.999985852434047917e-01 1.414779458254429440e-06
3.630136986301369384e-01 9.999983258073021908e-01 1.674215252908363057e-06
3.610567514677103240e-01 9.999980663711994788e-01 1.933651047562293286e-06
3.590998043052837096e-01 9.999978069350968779e-01 2.193086842216227750e-06
3.571428571428571508e-01 9.999975474989941659e-01 2.452522636870158403e-06
3.551859099804304809e-01 9.999972880628917871e-01 2.711958431524094985e-06
3.532289628180038665e-01 9.999970286267889641e-01 2.971394226178024366e-06
3.512720156555772522e-01 9.999967691906865852e-01 3.230830020831957984e-06
3.493150684931506378e-01 9.999965097545838733e-01 3.490265815485890754e-06
3.473581213307240789e-01 9.999962503184810503e-01 3.749701610139822677e-06
3.454011741682974090e-01 9.999959908823786714e-01 4.009137404793754600e-06
3.434442270058708502e-01 9.999957314462759594e-01 4.268573199447686523e-06
3.414872798434441803e-01 9.999954720101733585e-01 4.528008994101621834e-06
3.395303326810175659e-01 9.999952125740707576e-01 4.787444788755553757e-06
3.375733855185909515e-01 9.999949531379681567e-01 5.046880583409485680e-06
3.356164383561643372e-01 9.999946937018654447e-01 5.306316378063417603e-06
3.336594911937377783e-01 9.999944342657628438e-01 5.565752172717350373e-06
3.317025440313111084e-01 9.999941748296601318e-01 5.825187967371282296e-06
3.297455968688844941e-01 9.999939153935575309e-01 6.084623762025216760e-06
3.277886497064578797e-01 9.999936559574551520e-01 6.344059556679149531e-06
3.258317025440312653e-01 9.999933965213523290e-01 6.603495351333081454e-06
3.238747553816047065e-01 9.999931370852499501e-01 6.862931145987012530e-06
3.219178082191780366e-01 9.999928776491472382e-01 7.122366940640946994e-06
3.199608610567514777e-01 9.999926182130444152e-01 7.381802735294878070e-06
3.180039138943248078e-01 9.999923587769419253e-01 7.641238529948810840e-06
3.160469667318981379e-01 9.999920993408393244e-01 7.900674324602746998e-06
3.140900195694715791e-01 9.999918399047367235e-01 8.160110119256678074e-06
3.121330724070449647e-01 9.999915804686341225e-01 8.419545913910610844e-06
3.101761252446184058e-01 9.999913210325314106e-01 8.678981708564541920e-06
3.082191780821917360e-01 9.999910615964288096e-01 8.938417503218474690e-06
3.062622309197651216e-01 9.999908021603262087e-01 9.197853297872407460e-06
3.043052837573385072e-01 9.999905427242237188e-01 9.457289092526341924e-06
3.023483365949118928e-01 9.999902832881208958e-01 9.716724887180273000e-06
3.003913894324852785e-01 9.999900238520185169e-01 9.976160681834205771e-06
2.984344422700586641e-01 9.999897644159159160e-01 1.023559647648813515e-05
2.964774951076320497e-01 9.999895049798132041e-01 1.049503227114206962e-05
2.945205479452054353e-01 9.999892455437106031e-01 1.075446806579600069e-05
2.925636007827788210e-01 9.999883053580322922e-01 1.169465351939881072e-05
2.906066536203522066e-01 9.999863543654159415e-01 1.364564603502133896e-05
2.886497064579256477e-01 9.999844033727992576e-01 1.559663855064387058e-05
2.866927592954989779e-01 9.999824523801827958e-01 1.754763106626644625e-05
2.847358121330723080e-01 9.999805013875664450e-01 1.949862358188897448e-05
2.827788649706456936e-01 9.999785503949499832e-01 2.144961609751150610e-05
2.808219178082191347e-01 9.999765994023332993e-01 2.340060861313403772e-05
2.788649706457925204e-01 9.999746484097171706e-01 2.535160112875656935e-05
2.769080234833659060e-01 9.999726974171008198e-01 2.730259364437910436e-05
2.749510763209392916e-01 9.999707464244840249e-01 2.925358616000163937e-05
2.729941291585126772e-01 9.999687954318676741e-01 3.120457867562416421e-05
2.710371819960860629e-01 9.999668444392513234e-01 3.315557119124668906e-05
2.690802348336594485e-01 9.999648934466347505e-01 3.510656370686922746e-05
2.671232876712328341e-01 9.999629424540181777e-01 3.705755622249176586e-05
2.651663405088062198e-01 9.999609914614020489e-01 3.900854873811428393e-05
2.632093933463796054e-01 9.999590404687855871e-01 4.095954125373682910e-05
2.612524461839529355e-01 9.999570894761689033e-01 4.291053376935939460e-05
2.592954990215263211e-01 9.999551384835525525e-01 4.486152628498191945e-05
2.573385518590997623e-01 9.999531874909360907e-01 4.681251880060446462e-05
2.553816046966731479e-01 9.999512364983196289e-01 4.876351131622699625e-05
2.534246575342465335e-01 9.999480713956467870e-01 5.192860265191133365e-05
2.514677103718199191e-01 9.999428536772714260e-01 5.714629069411017936e-05
2.495107632093933048e-01 9.999376359588958429e-01 6.236397873630903862e-05
2.475538160469666626e-01 9.999324182405202599e-01 6.758166677850789789e-05
2.455968688845400483e-01 9.999272005221446769e-01 7.279935482070674360e-05
2.436399217221134617e-01 9.999219828037694269e-01 7.801704286290560286e-05
2.416829745596868473e-01 9.999167650853939548e-01 8.323473090510447568e-05
2.397260273972602329e-01 9.999115473670183718e-01 8.845241894730330784e-05
2.377690802348336185e-01 9.999063296486427888e-01 9.367010698950218065e-05
2.358121330724069764e-01 9.999011119302673167e-01 9.888779503170114834e-05
2.338551859099803620e-01 9.998958942118918447e-01 1.041054830738999941e-04
2.318982387475537754e-01 9.998906764935162617e-01 1.093231711160988669e-04
2.299412915851271055e-01 9.998854587751407896e-01 1.145408591582976990e-04
2.279843444227005189e-01 9.998802410567652066e-01 1.197585472004965583e-04
2.260273972602739045e-01 9.998750233383897346e-01 1.249762352426953904e-04
2.240704500978472902e-01 9.998698056200141515e-01 1.301939232848942768e-04
2.221135029354206758e-01 9.998645879016386795e-01 1.354116113270931090e-04
2.201565557729940892e-01 9.998593701832633185e-01 1.406292993692919682e-04
2.181996086105674748e-01 9.998541524648878465e-01 1.458469874114908275e-04
2.162426614481408604e-01 9.998489347465122634e-01 1.510646754536896868e-04
2.142857142857142461e-01 9.998336622936295770e-01 1.663371218190586823e-04
2.123287671232876039e-01 9.997989481265681100e-01 2.010513284132696117e-04
2.103718199608609618e-01 9.997642339595067540e-01 2.357655350074813543e-04
2.084148727984343474e-01 9.997295197924453980e-01 2.704797416016922838e-04
2.064579256360077331e-01 9.996948056253838200e-01 3.051939481959032403e-04
2.045009784735811464e-01 9.996607840127391675e-01 3.392155934554043090e-04
2.025440313111545321e-01 9.996293939166195353e-01 3.706056959028136526e-04
2.005870841487279177e-01 9.995980038204997919e-01 4.019957983502229961e-04
1.986301369863013033e-01 9.995666137243801597e-01 4.333859007976322312e-04
1.966731898238747167e-01 9.995352236282606384e-01 4.647760032450414663e-04
1.947162426614481023e-01 9.995031624024314221e-01 4.968372375284802562e-04
1.927592954990214602e-01 9.994629196395037329e-01 5.370800348343007010e-04
1.908023483365948458e-01 9.994226768765761548e-01 5.773228321401212542e-04
1.888454011741682315e-01 9.993824341136482436e-01 6.175656294459419158e-04
1.868884540117416448e-01 9.993421913507205545e-01 6.578084267517623606e-04
1.849315068493149750e-01 9.993019485877929764e-01 6.980512240575837812e-04
1.829745596868883606e-01 9.992460240305436336e-01 7.539758194979445920e-04
1.810176125244617740e-01 9.991891564607938703e-01 8.108434276682612669e-04
1.790606653620351596e-01 9.991322888910438849e-01 8.677110358385779418e-04
1.771037181996085452e-01 9.990754213212941215e-01 9.245786440088947251e-04
1.751467710371819031e-01 9.990185537515441361e-01 9.814462521792115084e-04
1.731898238747552887e-01 9.989423485752527698e-01 1.057651449658669838e-03
1.712328767123286744e-01 9.988543623605757871e-01 1.145637675025099750e-03
1.692759295499020877e-01 9.987583496905620972e-01 1.241650348575955819e-03
1.673189823874754734e-01 9.986543105652107011e-01 1.345689470311237611e-03
1.653620352250488590e-01 9.985422449845227089e-01 1.457755040230945560e-03
1.634050880626222724e-01 9.984216017231302143e-01 1.578398294012923553e-03
1.614481409001956025e-01 9.982924357283839978e-01 1.707564283279112798e-03
1.594911937377690159e-01 9.981549635319371117e-01 1.845036472325727560e-03
1.575342465753424015e-01 9.980091851337897779e-01 1.990814861152769358e-03
1.555772994129157316e-01 9.978551005339422186e-01 2.144899449760241661e-03
1.536203522504891450e-01 9.976916943272144955e-01 2.308305650206296435e-03
1.516634050880625306e-01 9.975186299580041105e-01 2.481370020374128703e-03
1.497064579256359163e-01 9.973366039594888655e-01 2.663396022366537608e-03
1.477495107632093296e-01 9.971456163316694266e-01 2.854383656183521415e-03
1.457925636007827153e-01 9.969456670745453497e-01 3.054332921825082727e-03
1.438356164383561009e-01 9.967340124892742903e-01 3.265987520660425074e-03
1.418786692759294865e-01 9.965078066115780064e-01 3.492193419588503038e-03
1.399217221135028999e-01 9.962702440521826741e-01 3.729756004941429080e-03
1.379647749510762300e-01 9.960213248110881823e-01 3.978675276719202333e-03
1.360078277886495879e-01 9.957610488882948641e-01 4.238951234921829736e-03
1.340508806262229735e-01 9.954786414819011275e-01 4.521358675353252116e-03
1.320939334637963869e-01 9.951426454919809483e-01 4.857354680139101648e-03
1.301369863013697725e-01 9.947694100161807995e-01 5.230590160884758880e-03
1.281800391389431582e-01 9.943548991524560066e-01 5.645101017350387211e-03
1.262230919765165438e-01 9.938950769987633382e-01 6.104923149296158716e-03
1.242661448140899433e-01 9.933937379927255673e-01 6.606262122693056134e-03
1.223091976516633428e-01 9.929024995118326258e-01 7.097500599546176236e-03
1.203522504892367284e-01 9.923900827585010465e-01 7.609917354702967415e-03
1.183953033268100863e-01 9.918582220901123181e-01 8.141778032831089099e-03
1.164383561643834719e-01 9.913086518640462641e-01 8.691348278598196378e-03
1.144814090019568714e-01 9.907197219839168900e-01 9.280278159826915035e-03
1.125244618395302570e-01 9.900920074386663217e-01 9.907992688106300253e-03
1.105675146771036566e-01 9.894292894288726492e-01 1.057071066758513353e-02
1.086105675146770005e-01 9.887297838876908385e-01 1.127021616255044836e-02
1.066536203522504417e-01 9.879885114028925663e-01 1.201148861014071645e-02
1.046966731898237857e-01 9.872036094947138629e-01 1.279639048823621485e-02
1.027397260273972268e-01 9.863733095335867063e-01 1.362669042371486734e-02
1.007827788649705292e-01 9.854952751909782371e-01 1.450472474729842115e-02
9.882583170254388705e-02 9.845666867085267615e-01 1.543331321852621507e-02
9.686888454011731431e-02 9.835852351647056402e-01 1.641476476117194327e-02
9.491193737769067218e-02 9.825485653667700436e-01 1.745143457013038218e-02
9.295499021526411332e-02 9.814542590855621640e-01 1.854574087657696185e-02
9.099804305283745731e-02 9.803024947973907333e-01 1.969750518404241729e-02
8.904109589041089845e-02 9.790904818389993824e-01 2.090951816098204907e-02
8.708414872798424244e-02 9.778159834743798129e-01 2.218401654387185812e-02
8.512720156555768358e-02 9.764769931952699267e-01 2.352300683947553678e-02
8.317025440313102758e-02 9.750773340391828414e-01 2.492266601208428106e-02
8.121330724070446871e-02 9.736137053946170017e-01 2.638629467096784836e-02
7.925636007827781271e-02 9.720846723747798013e-01 2.791532770174354194e-02
7.729941291585125385e-02 9.704890958317968774e-01 2.951090425127945310e-02
7.534246575342459784e-02 9.688257911169969594e-01 3.117420896671521668e-02
7.338551859099795571e-02 9.670936228487723163e-01 3.290637722869494547e-02
7.142857142857129971e-02 9.652914378562112985e-01 3.470856220696216798e-02
6.947162426614464370e-02 9.634179509071103542e-01 3.658204913263383984e-02
6.751467710371808484e-02 9.614634608052032849e-01 3.853653920823325862e-02
6.555772994129142883e-02 9.594277947765463832e-01 4.057220520559483290e-02
6.360078277886486997e-02 9.573070641253054180e-01 4.269293582167262013e-02
6.164383561643822090e-02 9.550973779345154346e-01 4.490262197596148891e-02
5.968688845401166204e-02 9.528018193246716727e-01 4.719818057316570170e-02
5.772994129158500604e-02 9.504145616781982664e-01 4.958543823032859205e-02
5.577299412915844717e-02 9.479327909403614250e-01 5.206720901224934361e-02
5.381604696673179117e-02 9.453552680434960109e-01 5.464473199304559214e-02
5.185909980430523231e-02 9.426984101785895742e-01 5.730158993496716618e-02
4.990215264187858324e-02 9.399573894401231922e-01 6.004261076354251714e-02
4.794520547945192723e-02 9.371358896558723561e-01 6.286411064599672915e-02
4.598825831702536837e-02 9.342359290784425507e-01 6.576407131664149808e-02
4.403131115459871237e-02 9.312424269335239924e-01 6.875757348740874075e-02
4.207436399217215350e-02 9.281634618467030640e-01 7.183653852854252064e-02
4.011741682974550444e-02 9.249988079638069571e-01 7.500119226423414276e-02
3.816046966731893864e-02 9.217442046033670344e-01 7.825579537486278270e-02
3.620352250489228957e-02 9.183757668571719268e-01 8.162423292698089972e-02
3.424657534246564050e-02 9.148947891981765723e-01 8.510521039023694057e-02
3.228962818003898450e-02 9.112918538086456355e-01 8.870814560977444141e-02
3.033268101761242563e-02 9.075684567522923629e-01 9.243154255094906957e-02
2.837573385518577310e-02 9.037743750202782422e-01 9.622562424110650547e-02
2.641878669275921077e-02 8.999049345793631582e-01 1.000950647550325617e-01
2.446183953033255823e-02 8.959836756634662613e-01 1.040163238963560943e-01
2.250489236790590569e-02 8.920062640476018601e-01 1.079937358434122224e-01
2.054794520547934683e-02 8.878768559563352536e-01 1.121231440998894380e-01
1.859099804305269429e-02 8.836392711607092831e-01 1.163607289599979944e-01
1.663405088062613196e-02 8.792836153779526320e-01 1.207163846280699115e-01
1.467710371819948116e-02 8.748154361993261130e-01 1.251845635809657187e-01
1.272015655577291883e-02 8.702691018083549279e-01 1.297308979643357063e-01
1.076320939334626803e-02 8.656229899131993033e-01 1.343770098781135458e-01
8.806262230919707432e-03 8.608771973655937604e-01 1.391228024822026843e-01
6.849315068493054028e-03 8.560358134023675625e-01 1.439641865245191998e-01
4.892367906066493431e-03 8.511068937852941385e-01 1.488931062013170714e-01
2.935420743639841328e-03 8.460879023248066844e-01 1.539120977315374394e-01
9.784735812132805150e-04 8.409806819570015968e-01 1.590193181789594234e-01
-9.784735812133715880e-04 8.357798939157000673e-01 1.642201062789959420e-01
-2.935420743640114981e-03 8.304758781188803507e-01 1.695241220644647107e-01
-4.892367906066675577e-03 8.250742730016646931e-01 1.749257271163142669e-01
-6.849315068493328114e-03 8.195741547673822680e-01 1.804258452192866735e-01
-8.806262230919889578e-03 8.139781639949060787e-01 1.860218358572680031e-01
-1.076320939334654038e-02 8.082899537147004709e-01 1.917100460837677933e-01
-1.272015655577310271e-02 8.025070968590614084e-01 1.974929029230616251e-01
-1.467710371819975351e-02 7.966298929024380193e-01 2.033701069144044915e-01
-1.663405088062631584e-02 7.906632471497543335e-01 2.093367527144145424e-01
-1.859099804305296838e-02 7.846121625756861118e-01 2.153878373088514153e-01
-2.054794520547952724e-02 7.784754050881204090e-01 2.215245948208994509e-01
-2.250489236790617978e-02 7.722546953688027571e-01 2.277453045664217801e-01
-2.446183953033274211e-02 7.659517540994793539e-01 2.340482458612804517e-01
-2.641878669275939465e-02 7.595683019618951759e-01 2.404316980213384858e-01
-2.837573385518604718e-02 7.531060596377967542e-01 2.468939403624582640e-01
-3.033268101761260604e-02 7.465667478089293985e-01 2.534332522005020016e-01
-3.228962818003926205e-02 7.399357621163767940e-01 2.600642379041629981e-01
-3.424657534246582091e-02 7.332115679092070515e-01 2.667884321244071710e-01
-3.620352250489246998e-02 7.264029865235754890e-01 2.735970135173949602e-01
-3.816046966731912599e-02 7.195102163008348928e-01 2.804897837405174732e-01
-4.011741682974577505e-02 7.125334555823352733e-01 2.874665444511663726e-01
-4.207436399217233391e-02 7.054729027094297500e-01 2.945270973067323217e-01
-4.403131115459898992e-02 6.983287560234692215e-01 3.016712439646074273e-01
-4.598825831702554878e-02 6.911012138658059190e-01 3.088987860821821863e-01
-4.794520547945220479e-02 6.838079601095821136e-01 3.161920398163512447e-01
-4.990215264187876365e-02 6.764471952683235312e-01 3.235528046487565756e-01
-5.185909980430541272e-02 6.690138239246194996e-01 3.309861759860773800e-01
-5.381604696673206872e-02 6.615091056457679253e-01 3.384908942616581817e-01
-5.577299412915862759e-02 6.539342999990660488e-01 3.460656999088436159e-01
-5.772994129158528359e-02 6.462906665518108884e-01 3.537093333609794832e-01
-5.968688845401184245e-02 6.385794648713000177e-01 3.614205350514099191e-01
-6.164383561643849152e-02 6.308017938705053895e-01 3.691982060598282267e-01
-6.360078277886505038e-02 6.229588667330805407e-01 3.770411332009195315e-01
-6.555772994129170639e-02 6.150520252836095825e-01 3.849479746548271075e-01
-6.751467710371826525e-02 6.070825151617567084e-01 3.929174847818369676e-01
-6.947162426614492126e-02 5.990515820071857789e-01 4.009484179422362349e-01
-7.142857142857148012e-02 5.909627045927073885e-01 4.090372953601573158e-01
-7.338551859099813612e-02 5.828178267040821092e-01 4.171821732488510959e-01
-7.534246575342477825e-02 5.746174781063377868e-01 4.253825218442041090e-01
-7.729941291585143426e-02 5.663632079837417344e-01 4.336367919614905753e-01
-7.925636007827809026e-02 5.580565655205633746e-01 4.419434344159836048e-01
-8.121330724070464913e-02 5.497006187796740218e-01 4.502993811498764432e-01
-8.317025440313130513e-02 5.412972377758289433e-01 4.587027621491224227e-01
-8.512720156555786399e-02 5.328476450825981869e-01 4.671523548385064784e-01
-8.708414872798452000e-02 5.243536183276676921e-01 4.756463815907142068e-01
-8.904109589041107886e-02 5.158169351387255075e-01 4.841830647784309827e-01
-9.099804305283773487e-02 5.072393731434579056e-01 4.927606267743425694e-01
-9.295499021526429373e-02 4.986227099695532683e-01 5.013772899511339531e-01
-9.491193737769093586e-02 4.899687232446972018e-01 5.100312766814913967e-01
-9.686888454011750860e-02 4.812791905965781436e-01 5.187208093380993867e-01
-9.882583170254415073e-02 4.725558896528824770e-01 5.274441102936446857e-01
-1.007827788649707096e-01 4.638092097406157910e-01 5.361907902057123643e-01
-1.027397260273973656e-01 4.550382118294438172e-01 5.449617881099877437e-01
-1.046966731898240216e-01 4.462428369204018419e-01 5.537571630091744357e-01
-1.066536203522505805e-01 4.374252676800327588e-01 5.625747322363596759e-01
-1.086105675146772365e-01 4.285876867748784069e-01 5.714123131246318099e-01
-1.105675146771037953e-01 4.197322768714822350e-01 5.802677230070777403e-01
-1.125244618395304513e-01 4.108612206363861930e-01 5.891387792167862569e-01
-1.144814090019570935e-01 4.019767007361334521e-01 5.980232990868441512e-01
-1.164383561643837495e-01 3.930808998372660179e-01 6.069190999503404349e-01
-1.183953033268103083e-01 3.841760006063272836e-01 6.158239991403610114e-01
-1.203522504892369643e-01 3.752850515076753268e-01 6.247149482085354588e-01
-1.223091976516635232e-01 3.663993557922686772e-01 6.336006438950070319e-01
-1.242661448140901792e-01 3.575188097239770935e-01 6.424811899337439236e-01
-1.262230919765167381e-01 3.486462504405934970e-01 6.513537491870973195e-01
-1.281800391389433802e-01 3.397845150799090330e-01 6.602154845174188491e-01
-1.301369863013700501e-01 3.309364407797161789e-01 6.690635587870598089e-01
-1.320939334637966089e-01 3.221048646778071900e-01 6.778951348583710512e-01
-1.340508806262232511e-01 3.132926239119733225e-01 6.867073755937046498e-01
-1.360078277886498099e-01 3.045025556200076089e-01 6.954974438554112348e-01
-1.379647749510764798e-01 2.957374969397009723e-01 7.042625025058435462e-01
-1.399217221135030387e-01 2.870416327281803959e-01 7.129583666736818426e-01
-1.418786692759296808e-01 2.783906937419700078e-01 7.216093056119442517e-01
-1.438356164383562397e-01 2.697869509271946242e-01 7.302130483748447976e-01
-1.457925636007828818e-01 2.612343945041600835e-01 7.387656047418220684e-01
-1.477495107632094684e-01 2.527370146931736672e-01 7.472629844923113218e-01
-1.497064579256361938e-01 2.442988017145410473e-01 7.557011974057517012e-01
-1.516634050880628637e-01 2.359237457885691724e-01 7.640762532615792413e-01
-1.536203522504894226e-01 2.276158371355649079e-01 7.723841618392306430e-01
-1.555772994129160647e-01 2.193790659758340922e-01 7.806209329181441614e-01
-1.575342465753426235e-01 2.112198819426571450e-01 7.887801168657819773e-01
-1.594911937377692657e-01 2.031962997667445814e-01 7.968036989731301922e-01
-1.614481409001958245e-01 1.952726697479794105e-01 8.047273289239413874e-01
-1.634050880626224944e-01 1.874545197969283428e-01 8.125454788080177515e-01
-1.653620352250490533e-01 1.797473778241596709e-01 8.202526207151592530e-01
-1.673189823874756954e-01 1.721567717402402997e-01 8.278432267351676366e-01
-1.692759295499022543e-01 1.646882294557383553e-01 8.353117689578434257e-01
-1.712328767123289242e-01 1.573472788812207424e-01 8.426527194729873660e-01
-1.731898238747554830e-01 1.501394479272555871e-01 8.498605503704004249e-01
-1.751467710371821251e-01 1.430702645044099330e-01 8.569297337398842362e-01
-1.771037181996087673e-01 1.361481080652300335e-01 8.638518901310442422e-01
-1.790606653620353539e-01 1.293971505034709479e-01 8.706028476621553436e-01
-1.810176125244619960e-01 1.228100304588788938e-01 8.771899676857781714e-01
-1.829745596868885549e-01 1.163935949100541739e-01 8.836064032245050104e-01
-1.849315068493151970e-01 1.101547707727230929e-01 8.898452273638541854e-01
-1.868884540117418669e-01 1.041005648997396366e-01 8.958994332522645099e-01
-1.888454011741685090e-01 9.823806408108345933e-02 9.017619341011005041e-01
-1.908023483365950679e-01 9.257443504386195232e-02 9.074255631846477321e-01
-1.927592954990217378e-01 8.711692445230825865e-02 9.128830738401165767e-01
-1.947162426614482966e-01 8.187285890778321640e-02 9.181271394676400188e-01
-1.966731898238749388e-01 7.683340069604270572e-02 9.231665977802607781e-01
-1.986301369863014976e-01 7.195386768791688092e-02 9.280461308999261583e-01
-2.005870841487281397e-01 6.728081004079028427e-02 9.327191886774832685e-01
-2.025440313111548096e-01 6.281740071126351577e-02 9.371825981572690090e-01
-2.045009784735813685e-01 5.856662304285650822e-02 9.414333759967048465e-01
-2.064579256360080106e-01 5.453127076600826351e-02 9.454687284662992575e-01
-2.084148727984345695e-01 5.071394799807792814e-02 9.492860514496436197e-01
-2.103718199608612394e-01 4.711706924334362057e-02 9.528829304434147662e-01
-2.123287671232877982e-01 4.374285939300355530e-02 9.562571405573754291e-01
-2.142857142857144404e-01 4.059335372517491880e-02 9.594066465143715750e-01
-2.162426614481409992e-01 3.765289717501051070e-02 9.623471033402875019e-01
-2.181996086105676413e-01 3.489203782224243461e-02 9.651079628853818093e-01
-2.201565557729942280e-01 3.233824163525173684e-02 9.676617592415772684e-01
-2.221135029354208701e-01 2.998937676068396882e-02 9.700106242554316083e-01
-2.240704500978475122e-01 2.784291749999033561e-02 9.721570836182372721e-01
-2.260273972602741821e-01 2.589594430942682157e-02 9.741040568660185306e-01
-2.279843444227008242e-01 2.414514380005487737e-02 9.758548573795342573e-01
-2.299412915851273831e-01 2.258680873774115971e-02 9.774131923842758196e-01
-2.318982387475540252e-01 2.121683804315727465e-02 9.787831629504678554e-01
-2.338551859099806118e-01 2.003073679178029795e-02 9.799692639930678295e-01
-2.358121330724072540e-01 1.892925514339770243e-02 9.810707454508096337e-01
-2.377690802348338128e-01 1.781479157501103527e-02 9.821852089424025767e-01
-2.397260273972604550e-01 1.677375795187176916e-02 9.832262424857112215e-01
-2.416829745596870138e-01 1.578593809487637001e-02 9.842140622647010950e-01
-2.436399217221136837e-01 1.482987919449564769e-02 9.851701210942701570e-01
-2.455968688845402426e-01 1.388289181077512723e-02 9.861171084202504655e-01
-2.475538160469668847e-01 1.294979215601037292e-02 9.870502080304093262e-01
-2.495107632093934436e-01 1.216905470210340005e-02 9.878309454237474974e-01
-2.514677103718200857e-01 1.142714106558080991e-02 9.885728590103038949e-01
-2.534246575342467556e-01 1.071655153891259288e-02 9.892834485010896239e-01
-2.553816046966733144e-01 1.003000979875088260e-02 9.899699902231187121e-01
-2.573385518590999843e-01 9.360462905929851918e-03 9.906395371194108845e-01
-2.592954990215265432e-01 8.776551834559007462e-03 9.912234481259744046e-01
-2.612524461839531575e-01 8.256185757045463730e-03 9.917438140938996671e-01
-2.632093933463798274e-01 7.798825765547806252e-03 9.922011739281695331e-01
-2.651663405088064973e-01 7.412605403909453688e-03 9.925873940717542254e-01
-2.671232876712330562e-01 7.107077304274027688e-03 9.928929218780218058e-01
-2.690802348336597261e-01 6.783060164981913158e-03 9.932169388008000865e-01
-2.710371819960862849e-01 6.400062597343260558e-03 9.935999362875100882e-01
-2.729941291585128993e-01 6.003006953294218705e-03 9.939969919154285627e-01
-2.749510763209394582e-01 5.581902556101491809e-03 9.944180963749496005e-01
-2.769080234833661280e-01 5.177253458004645210e-03 9.948227455692765231e-01
-2.788649706457926869e-01 4.852525524366851917e-03 9.951474735620151613e-01
-2.808219178082193568e-01 4.566237993064306902e-03 9.954337611652572804e-01
-2.827788649706459712e-01 4.323885691410502170e-03 9.956761135474947455e-01
-2.847358121330726410e-01 4.114655252256278414e-03 9.958853440646575628e-01
-2.866927592954990889e-01 3.890868244324057097e-03 9.961091311284210326e-01
-2.886497064579257588e-01 3.685483031647920210e-03 9.963145163917153102e-01
-2.906066536203524286e-01 3.498499614227887702e-03 9.965014998545402847e-01
-2.925636007827790430e-01 3.328134446978746504e-03 9.966718650618870967e-01
-2.945205479452055464e-01 3.154770508780333285e-03 9.968452290338465360e-01
-2.964774951076322163e-01 2.991158128522022723e-03 9.970088414421982570e-01
-2.984344422700589416e-01 2.837297306203831297e-03 9.971627022869422596e-01
-3.003913894324856115e-01 2.693188041825753803e-03 9.973068115680787660e-01
-3.023483365949122259e-01 2.551666863942305893e-03 9.974483327537659871e-01
-3.043052837573387293e-01 2.416439399327233867e-03 9.975835602189306872e-01
-3.062622309197653436e-01 2.287940289216697926e-03 9.977120593225359269e-01
-3.082191780821920135e-01 2.166169533610708478e-03 9.978338300645821501e-01
-3.101761252446186834e-01 2.053237606177936263e-03 9.979467619870692197e-01
-3.121330724070451312e-01 1.948679166862519931e-03 9.980513204265982763e-01
-3.140900195694718011e-01 1.851971378197993755e-03 9.981480282167545237e-01
-3.160469667318984155e-01 1.763114240184368142e-03 9.982368853575369627e-01
-3.180039138943250854e-01 1.677118236357190342e-03 9.983228813639586363e-01
-3.199608610567515332e-01 1.592785513782253928e-03 9.984072140886048885e-01
-3.219178082191782031e-01 1.512788095616028703e-03 9.984872115090965838e-01
-3.238747553816049285e-01 1.437125981858521605e-03 9.985628736254341664e-01
-3.258317025440315429e-01 1.365799172509732633e-03 9.986342004376171921e-01
-3.277886497064582683e-01 1.298807667569661789e-03 9.987011919456463271e-01
-3.297455968688846606e-01 1.236151467038313408e-03 9.987638481495206833e-01
-3.317025440313113860e-01 1.177830570915677517e-03 9.988221690492410376e-01
-3.336594911937379448e-01 1.122601499486378454e-03 9.988773981297989213e-01
-3.356164383561646702e-01 1.067512206921353811e-03 9.989324874495494333e-01
-3.375733855185910626e-01 1.015654770264844044e-03 9.989843449183277713e-01
-3.395303326810177880e-01 9.670291895168387462e-04 9.990329705361344903e-01
-3.414872798434443468e-01 9.216354646773409522e-04 9.990783643029692573e-01
-3.434442270058711277e-01 8.794735957463549990e-04 9.991205262188320724e-01
-3.454011741682974646e-01 8.405435827238795857e-04 9.991594562837229354e-01
-3.473581213307242455e-01 8.048454256099108091e-04 9.991951544976417354e-01
-3.493150684931508043e-01 7.639009057614867294e-04 9.992360989538812133e-01
-3.512720156555775297e-01 7.211635165640245537e-04 9.992788362101152622e-01
-3.532289628180040886e-01 6.789638484507600456e-04 9.993210357103692321e-01
-3.551859099804306474e-01 6.373019014216962409e-04 9.993626974546427899e-01
-3.571428571428574283e-01 5.961776754768248997e-04 9.994038214429357136e-01
-3.590998043052839872e-01 5.555911706161507924e-04 9.994444076752480033e-01
-3.610567514677107126e-01 5.155423868396739190e-04 9.994844561515805470e-01
-3.630136986301371049e-01 4.793402623225421350e-04 9.995206580071216429e-01
-3.649706457925638303e-01 4.550862504443036957e-04 9.995449119681157901e-01
-3.669275929549903892e-01 4.346325488661373360e-04 9.995653656562508704e-01
-3.688845401174171146e-01 4.179791575880404536e-04 9.995820190715267728e-01
-3.708414872798435069e-01 4.051260766100152171e-04 9.995948722139431641e-01
-3.727984344422702323e-01 3.960733059320598916e-04 9.996039250835007106e-01
-3.747553816046967912e-01 3.908208455541749109e-04 9.996091776801991902e-01
-3.767123287671235721e-01 3.893686954763602749e-04 9.996106300040383807e-01
-3.786692759295501309e-01 3.740110628629523051e-04 9.996259878253557218e-01
-3.806262230919766898e-01 3.519302635985547406e-04 9.996480688373931001e-01
-3.825831702544032487e-01 3.280164484756077636e-04 9.996719828955716869e-01
-3.845401174168299741e-01 3.022696174941122416e-04 9.996977299998914823e-01
-3.864970645792565329e-01 2.746897706540690418e-04 9.997253101503525974e-01
-3.884540117416830918e-01 2.452769079554798989e-04 9.997547233469550321e-01
-3.904109589041098727e-01 2.140310293983396089e-04 9.997859695896991195e-01
-3.923679060665364315e-01 1.913250580432412223e-04 9.998086758148170272e-01
-3.943248532289631569e-01 2.027039645433313143e-04 9.997972967051442783e-01
-3.962818003913895493e-01 2.225123239532993125e-04 9.997774880336358638e-01
-3.982387475538162747e-01 2.507501362731473851e-04 9.997492498002922279e-01
-4.001956947162428335e-01 2.874174015028763997e-04 9.997125820051135925e-01
-4.021526418786695589e-01 3.325141196424854888e-04 9.996674846480994026e-01
-4.041095890410961178e-01 3.860402906919746524e-04 9.996139577292499911e-01
-4.060665362035226766e-01 4.479959146513360843e-04 9.995520012485651362e-01
-4.080234833659492910e-01 4.417126788705608154e-04 9.995582840817589521e-01
-4.099804305283760164e-01 3.981611053124789641e-04 9.996018354794162786e-01
-4.119373776908025753e-01 3.386158847654705331e-04 9.996613805945040454e-01
-4.138943248532291341e-01 2.630770172295437623e-04 9.997369194270222525e-01
-4.158512720156556930e-01 1.933695392067644007e-04 9.998066269726406663e-01
-4.178082191780824184e-01 1.626910647440885267e-04 9.998373056662490654e-01
-4.197651663405089772e-01 1.411099359183301885e-04 9.998588871216480545e-01
-4.217221135029355361e-01 1.286261527294906871e-04 9.998713713388382995e-01
-4.236790606653620950e-01 1.252397151775674206e-04 9.998747583178195786e-01
-4.256360078277888759e-01 1.167467718071872086e-04 9.998832514318145570e-01
-4.275929549902154347e-01 1.115515850090148531e-04 9.998884467013970934e-01
-4.295499021526421601e-01 1.100005214135198542e-04 9.998899977715995924e-01
-4.315068493150687190e-01 1.119501343049044209e-04 9.998880480895290246e-01
-4.334637964774952779e-01 1.062753230035651600e-04 9.998937227862616517e-01
-4.354207436399220033e-01 9.966764970431888845e-05 9.999003302813198601e-01
-4.373776908023486176e-01 9.212711440716473896e-05 9.999078705747035389e-01
-4.393346379647751765e-01 8.404250528100528847e-05 9.999159548986600310e-01
-4.412915851272017354e-01 8.273709884699118403e-05 9.999172603612298538e-01
-4.432485322896284607e-01 8.369036970385474936e-05 9.999163072504313465e-01
-4.452054794520550196e-01 8.690231785159641814e-05 9.999130955662646203e-01
-4.471624266144815785e-01 9.087308594889643293e-05 9.999091251250695755e-01
-4.491193737769081373e-01 8.052441682468870071e-05 9.999194737718296588e-01
-4.510763209393348627e-01 6.543590084487392947e-05 9.999345621780519888e-01
-4.530332681017614216e-01 4.560753800945038447e-05 9.999543903437365655e-01
-4.549902152641882025e-01 2.620577116486900657e-05 9.999737918895792443e-01
-4.569471624266145393e-01 3.396666217370027802e-05 9.999660310992830592e-01
-4.589041095890413202e-01 4.172755318253198314e-05 9.999582703089866520e-01
-4.608610567514678791e-01 4.948844419136412195e-05 9.999505095186901338e-01
-4.628180039138946045e-01 5.495323555210337649e-05 9.999450448923317136e-01
-4.647749510763211633e-01 5.095874460757116725e-05 9.999490398131349878e-01
-4.667318982387477222e-01 4.696425366303895801e-05 9.999530347339382619e-01
-4.686888454011745031e-01 4.296976271850674878e-05 9.999570296547413140e-01
-4.706457925636010620e-01 4.026988121537010065e-05 9.999597297821849473e-01
-4.726027397260276208e-01 4.166493050486615168e-05 9.999583343970914751e-01
-4.745596868884541797e-01 4.305997979436220272e-05 9.999569390119978918e-01
-4.765166340508809051e-01 4.445502908385738638e-05 9.999555436269043085e-01
-4.784735812133074639e-01 4.380002062964434908e-05 9.999561984800336978e-01
-4.804305283757341893e-01 3.800421291880401800e-05 9.999619945849962388e-01
-4.823874755381605817e-01 3.220840520796412060e-05 9.999677906899586688e-01
-4.843444227005873071e-01 2.641259749712335583e-05 9.999735867949210988e-01
-4.863013698630138659e-01 2.513865520784551444e-05 9.999748607563464509e-01
-4.882583170254406468e-01 3.304643465993142848e-05 9.999669524313118396e-01
-4.902152641878670392e-01 4.095421411201560780e-05 9.999590441062775614e-01
-4.921722113502937646e-01 4.886199356410152184e-05 9.999511357812429502e-01
-4.941291585127203234e-01 4.384466217883728478e-05 9.999561532689442700e-01
-4.960861056751470488e-01 1.727272365814776223e-05 9.999827265343037563e-01
-4.980430528375734411e-01 -9.299214862537857201e-06 1.000009299799663243e+00
-5.000000000000002220e-01 -3.587115338322694608e-05 1.000035873065022729e+00
-5.000000000000000000e-01 -3.587115338322694608e-05 1.000035873065022729e+00
-4.980430528375733301e-01 2.522066624573724228e-05 9.999747800222764660e-01
-4.960861056751467713e-01 2.609033892959911061e-05 9.999739100788701540e-01
-4.941291585127201569e-01 2.699975309130870499e-05 9.999730005276250555e-01
-4.921722113502935980e-01 2.791116613913569022e-05 9.999720889839519566e-01
-4.902152641878669281e-01 2.891455260001620300e-05 9.999710855324837055e-01
-4.882583170254402583e-01 2.992770614900809589e-05 9.999700723208957420e-01
-4.863013698630136994e-01 3.094085969800042246e-05 9.999690591093080005e-01
-4.843444227005870295e-01 3.195401324699231535e-05 9.999680458977200370e-01
-4.823874755381604706e-01 3.307434485083637909e-05 9.999669255292777947e-01
-4.804305283757338563e-01 3.422014450731774085e-05 9.999657796978207447e-01
-4.784735812133071864e-01 3.536594416379866893e-05 9.999646338663634726e-01
-4.765166340508806275e-01 3.651174382028046436e-05 9.999634880349064225e-01
-4.745596868884539576e-01 3.777417610777503154e-05 9.999622255796078996e-01
-4.726027397260273988e-01 3.908378563927420932e-05 9.999609159506205325e-01
-4.706457925636007844e-01 4.039339517077338709e-05 9.999596063216336095e-01
-4.686888454011742255e-01 4.170300470227299855e-05 9.999582966926461314e-01
-4.667318982387475557e-01 4.309930410130837289e-05 9.999569003755270913e-01
-4.647749510763208858e-01 4.459790798053923228e-05 9.999554017559759700e-01
-4.628180039138943269e-01 4.615624458661126903e-05 9.999538434048934610e-01
-4.608610567514677125e-01 4.777431391952795259e-05 9.999522253222802304e-01
-4.589041095890410982e-01 4.945211597928711456e-05 9.999505475081357231e-01
-4.569471624266144838e-01 5.118965076588918861e-05 9.999488099624604942e-01
-4.549902152641878139e-01 5.298691827933374107e-05 9.999470126852538776e-01
-4.530332681017612551e-01 5.484391851962163930e-05 9.999451556765167615e-01
-4.510763209393345852e-01 5.676802731895483345e-05 9.999432315598395515e-01
-4.491193737769080263e-01 5.876476392052730827e-05 9.999412348155483077e-01
-4.471624266144814119e-01 6.082527127834573555e-05 9.999391743013810174e-01
-4.452054794520547421e-01 6.294954939240794689e-05 9.999370500173379028e-01
-4.432485322896281832e-01 6.513759826271697806e-05 9.999348619634185198e-01
-4.412915851272015133e-01 6.738941788926935961e-05 9.999326101396233124e-01
-4.393346379647749544e-01 6.970500827206812730e-05 9.999302945459520586e-01
-4.373776908023483401e-01 7.208436941111154642e-05 9.999279151824049805e-01
-4.354207436399216702e-01 7.456610036060489465e-05 9.999254334493212770e-01
-4.334637964774951113e-01 7.726371042619806229e-05 9.999227358356138629e-01
-4.315068493150684414e-01 8.006459154092358289e-05 9.999199349511175283e-01
-4.295499021526418826e-01 8.296874370478102279e-05 9.999170307958320514e-01
-4.275929549902152127e-01 8.597616691777103248e-05 9.999140233697576541e-01
-4.256360078277886538e-01 8.908686117989361199e-05 9.999109126728942254e-01
-4.236790606653620395e-01 9.230082649114832762e-05 9.999076987052417653e-01
-4.217221135029353696e-01 9.561806285153539621e-05 9.999043814668001628e-01
-4.197651663405088107e-01 9.903857026105481777e-05 9.999009609575695290e-01
-4.178082191780821408e-01 1.025623487197065923e-04 9.998974371775499748e-01
-4.158512720156555820e-01 1.061893982274905029e-04 9.998938101267411671e-01
-4.138943248532289676e-01 1.099197187844072002e-04 9.998900798051434391e-01
-4.119373776908022977e-01 1.137533103904558168e-04 9.998862462127569017e-01
-4.099804305283757389e-01 1.176901730456365695e-04 9.998823093495811110e-01
-4.080234833659490690e-01 1.217303067499494584e-04 9.998782692156162888e-01
-4.060665362035224546e-01 1.258737115033951338e-04 9.998741258108623242e-01
-4.041095890410958957e-01 1.301203873059731623e-04 9.998698791353193283e-01
-4.021526418786692814e-01 1.347165133982737659e-04 9.998652829812408882e-01
-4.001956947162426670e-01 1.394911700707776071e-04 9.998605082881274475e-01
-3.982387475538159971e-01 1.444027915839922200e-04 9.998555966265321171e-01
-3.962818003913894382e-01 1.494513779379189056e-04 9.998505479964543419e-01
-3.943248532289627684e-01 1.546369291325561460e-04 9.998453623978944549e-01
-3.923679060665361540e-01 1.599594451679048086e-04 9.998400398308524561e-01
-3.904109589041095951e-01 1.654189260439644597e-04 9.998345802953281236e-01
-3.884540117416829252e-01 1.710153717607346656e-04 9.998289837913221234e-01
-3.864970645792563664e-01 1.767487823182167274e-04 9.998232503188333453e-01
-3.845401174168296965e-01 1.826191577164097777e-04 9.998173798778626775e-01
-3.825831702544030821e-01 1.886264979553131660e-04 9.998113724684101200e-01
-3.806262230919765233e-01 1.947708030349281933e-04 9.998052280904748956e-01
-3.786692759295498534e-01 2.010520729552548597e-04 9.997989467440580036e-01
-3.767123287671232945e-01 2.074703077162918640e-04 9.997925284291584447e-01
-3.747553816046966246e-01 2.140255073180396400e-04 9.997859731457771071e-01
-3.727984344422700103e-01 2.207176717604992719e-04 9.997792808939136577e-01
-3.708414872798433959e-01 2.278061183816145092e-04 9.997721923603910543e-01
-3.688845401174168370e-01 2.353796491669191918e-04 9.997646187446497246e-01
-3.669275929549902227e-01 2.431564878096906593e-04 9.997568418184739070e-01
-3.649706457925635528e-01 2.511366343099308632e-04 9.997488615818641566e-01
-3.630136986301369384e-01 2.593200886676376351e-04 9.997406780348201405e-01
-3.610567514677103240e-01 2.677068508828131434e-04 9.997322911773417475e-01
-3.590998043052837096e-01 2.762969209554550030e-04 9.997237010094288667e-01
-3.571428571428571508e-01 2.850902988855655990e-04 9.997149075310820532e-01
-3.551859099804304809e-01 2.940869846731434135e-04 9.997059107423007518e-01
-3.532289628180038665e-01 3.032869783181888802e-04 9.996967106430855177e-01
-3.512720156555772522e-01 3.126902798207019992e-04 9.996873072334357957e-01
-3.493150684931506378e-01 3.222968891806825536e-04 9.996777005133514749e-01
-3.473581213307240789e-01 3.321068063981307602e-04 9.996678904828333323e-01
-3.454011741682974090e-01 3.421200314730468359e-04 9.996578771418807019e-01
-3.434442270058708502e-01 3.523365644054301301e-04 9.996476604904940277e-01
-3.414872798434441803e-01 3.627564051952815102e-04 9.996372405286728657e-01
-3.395303326810175659e-01 3.734487105664049435e-04 9.996265480995890629e-01
-3.375733855185909515e-01 3.851963326160386374e-04 9.996148003499578660e-01
-3.356164383561643372e-01 3.972522745551568864e-04 9.996027442777011274e-01
-3.336594911937377783e-01 4.096165363837590400e-04 9.995903798828191800e-01
-3.317025440313111084e-01 4.222891181018448813e-04 9.995777071653115797e-01
-3.297455968688844941e-01 4.352700197094154944e-04 9.995647261251783267e-01
-3.277886497064578797e-01 4.485592412064691448e-04 9.995514367624196428e-01
-3.258317025440312653e-01 4.621567825930073502e-04 9.995378390770357502e-01
-3.238747553816047065e-01 4.760626438690290264e-04 9.995239330690259827e-01
-3.219178082191780366e-01 4.902768250345354746e-04 9.995097187383910065e-01
-3.199608610567514777e-01 5.047993260895253936e-04 9.994951960851301553e-01
-3.180039138943248078e-01 5.196301470339996509e-04 9.994803651092440955e-01
-3.160469667318981379e-01 5.347692878679578127e-04 9.994652258107323828e-01
-3.140900195694715791e-01 5.502167485913994453e-04 9.994497781895951283e-01
-3.121330724070449647e-01 5.659725292043258499e-04 9.994340222458324430e-01
-3.101761252446184058e-01 5.820366297067361590e-04 9.994179579794442159e-01
-3.082191780821917360e-01 5.984090500986299389e-04 9.994015853904308910e-01
-3.062622309197651216e-01 6.255551166662993122e-04 9.993744392674165367e-01
-3.043052837573385072e-01 6.590736398065046887e-04 9.993409207516790183e-01
-3.023483365949118928e-01 6.946611840472436544e-04 9.993053332314376647e-01
-3.003913894324852785e-01 7.323177493885175103e-04 9.992676767066925869e-01
-2.984344422700586641e-01 7.720433358303266901e-04 9.992279511774440071e-01
-2.964774951076320497e-01 8.138379433726698926e-04 9.991861566436912589e-01
-2.945205479452054353e-01 8.577015720155471180e-04 9.991422931054350087e-01
-2.925636007827788210e-01 9.036342217589605347e-04 9.990963605626748123e-01
-2.906066536203522066e-01 9.516358926029062394e-04 9.990483590154113358e-01
-2.886497064579256477e-01 1.001706584547387268e-03 9.989982884636434690e-01
-2.866927592954989779e-01 1.053846297592405355e-03 9.989461489073723222e-01
-2.847358121330723080e-01 1.108055031737955731e-03 9.988919403465972291e-01
-2.827788649706456936e-01 1.164332786984040562e-03 9.988356627813186339e-01
-2.808219178082191347e-01 1.222679563330660284e-03 9.987773162115360925e-01
-2.788649706457925204e-01 1.280335641219600487e-03 9.987196602896108999e-01
-2.769080234833659060e-01 1.336327029976140494e-03 9.986636689825021396e-01
-2.749510763209392916e-01 1.393583968545210501e-03 9.986064121226135848e-01
-2.729941291585126772e-01 1.452106456926813977e-03 9.985478897099453466e-01
-2.710371819960860629e-01 1.511894495120949620e-03 9.984881017444975360e-01
-2.690802348336594485e-01 1.572948083127616564e-03 9.984270482262697088e-01
-2.671232876712328341e-01 1.635267220946815675e-03 9.983647291552628644e-01
-2.651663405088062198e-01 1.698851908578546954e-03 9.983011445314757815e-01
-2.632093933463796054e-01 1.763702146022809534e-03 9.982362943549092371e-01
-2.612524461839529355e-01 1.829817933279606450e-03 9.981701786255630093e-01
-2.592954990215263211e-01 1.897199270348932931e-03 9.981027973434370981e-01
-2.573385518590997623e-01 1.965846157230791581e-03 9.980341505085317255e-01
-2.553816046966731479e-01 2.035758593925182398e-03 9.979642381208464474e-01
-2.534246575342465335e-01 2.113320759137617046e-03 9.978866760025979499e-01
-2.514677103718199191e-01 2.196602343064647193e-03 9.978033944633108998e-01
-2.495107632093933048e-01 2.282582211617015591e-03 9.977174146366385443e-01
-2.475538160469666626e-01 2.371260364794725278e-03 9.976287365225802173e-01
-2.455968688845400483e-01 2.462636802597773650e-03 9.975373601211365848e-01
-2.436399217221134617e-01 2.556711525026162442e-03 9.974432854323070918e-01
-2.416829745596868473e-01 2.653484532079889921e-03 9.973465124560921824e-01
-2.397260273972602329e-01 2.752955823758958254e-03 9.972470411924918565e-01
-2.377690802348336185e-01 2.855125400063366573e-03 9.971448716415056701e-01
-2.358121330724069764e-01 2.959993260993115747e-03 9.970400038031341783e-01
-2.338551859099803620e-01 3.067559406548201872e-03 9.969324376773769369e-01
-2.318982387475537754e-01 3.177823836728629718e-03 9.968221732642340571e-01
-2.299412915851271055e-01 3.290786551534394949e-03 9.967092105637058719e-01
-2.279843444227005189e-01 3.428339190045621467e-03 9.965716579496015637e-01
-2.260273972602739045e-01 3.575746208987339459e-03 9.964242509565197636e-01
-2.240704500978472902e-01 3.729595316298619720e-03 9.962704018745127676e-01
-2.221135029354206758e-01 3.889886511979461815e-03 9.961101107035801316e-01
-2.201565557729940892e-01 4.056619796029864444e-03 9.959433774437222997e-01
-2.181996086105674748e-01 4.229795168449827607e-03 9.957702020949388277e-01
-2.162426614481408604e-01 4.409412629239351303e-03 9.955905846572297158e-01
-2.142857142857142461e-01 4.595472178398438134e-03 9.954045251305951858e-01
-2.123287671232876039e-01 4.787973815927083765e-03 9.952120235150352379e-01
-2.103718199608609618e-01 4.986917541825295133e-03 9.950130798105499830e-01
-2.084148727984343474e-01 5.192303356093063565e-03 9.948076940171391991e-01
-2.064579256360077331e-01 5.404131258730394266e-03 9.945958661348028862e-01
-2.045009784735811464e-01 5.623384694678614480e-03 9.943766127190001303e-01
-2.025440313111545321e-01 5.869234666126486519e-03 9.941307627753466214e-01
-2.005870841487279177e-01 6.124566758944474665e-03 9.938754307110048147e-01
-1.986301369863013033e-01 6.389380973132575449e-03 9.936106165259744882e-01
-1.966731898238747167e-01 6.663677308690788004e-03 9.933363202202558639e-01
-1.947162426614481023e-01 6.947455765619114064e-03 9.930525417938487198e-01
-1.927592954990214602e-01 7.240716343917555364e-03 9.927592812467533889e-01
-1.908023483365948458e-01 7.543459043586105833e-03 9.924565385789693162e-01
-1.888454011741682315e-01 7.855683864624771542e-03 9.921443137904970566e-01
-1.868884540117416448e-01 8.177390807033550757e-03 9.918226068813362772e-01
-1.849315068493149750e-01 8.508579870812452151e-03 9.914914178514870891e-01
-1.829745596868883606e-01 8.885796363603284259e-03 9.911142013764354664e-01
-1.810176125244617740e-01 9.285327031675541867e-03 9.907146707208603909e-01
-1.790606653620351596e-01 9.701986118897444958e-03 9.902980116432869018e-01
-1.771037181996085452e-01 1.013577362526899700e-02 9.898642241437156652e-01
-1.751467710371819031e-01 1.058668955079019626e-02 9.894133082221463482e-01
-1.731898238747552887e-01 1.105473389546104274e-02 9.889452638785788396e-01
-1.712328767123286744e-01 1.153990665928153816e-02 9.884600911130135836e-01
-1.692759295499020877e-01 1.205272472698813713e-02 9.879472730670841862e-01
-1.673189823874754734e-01 1.259339894228139398e-02 9.874065988976188368e-01
-1.653620352250488590e-01 1.315569280252566579e-02 9.868443050916154702e-01
-1.634050880626222724e-01 1.373960630772095952e-02 9.862603916490746414e-01
-1.614481409001956025e-01 1.434513945786727862e-02 9.856548585699953513e-01
-1.594911937377690159e-01 1.497229225296460055e-02 9.850277058543783770e-01
-1.575342465753424015e-01 1.562106469301293744e-02 9.843789335022237186e-01
-1.555772994129157316e-01 1.630170995113899499e-02 9.836982883342155759e-01
-1.536203522504891450e-01 1.703067714193782362e-02 9.829693212258303614e-01
-1.516634050880625306e-01 1.778954871389000492e-02 9.822104497397043943e-01
-1.497064579256359163e-01 1.857832466699554236e-02 9.814216738758376746e-01
-1.477495107632093296e-01 1.939700500125443594e-02 9.806029936342299802e-01
-1.457925636007827153e-01 2.024558971666667873e-02 9.797544090148817553e-01
-1.438356164383561009e-01 2.112407881323229153e-02 9.788759200177924447e-01
-1.418786692759294865e-01 2.203460151631091157e-02 9.779653974169549846e-01
-1.399217221135028999e-01 2.301617284756436385e-02 9.769838261788408307e-01
-1.379647749510762300e-01 2.403797367542054655e-02 9.759620254443961418e-01
-1.360078277886495879e-01 2.510000399987949438e-02 9.748999952136208069e-01
-1.340508806262229735e-01 2.620226382094115181e-02 9.737977354865144930e-01
-1.320939334637963869e-01 2.734475313860553619e-02 9.726552462630778662e-01
-1.301369863013697725e-01 2.852747195287266835e-02 9.714725275433102603e-01
-1.281800391389431582e-01 2.975042026374252399e-02 9.702495793272123414e-01
-1.262230919765165438e-01 3.105238250035894515e-02 9.689476171514572744e-01
-1.242661448140899433e-01 3.242248303865530312e-02 9.675775166496968227e-01
-1.223091976516633428e-01 3.385450904148164936e-02 9.661454906645567942e-01
-1.203522504892367284e-01 3.535085618604227875e-02 9.646491435167215966e-01
-1.183953033268100863e-01 3.691392014954152090e-02 9.630860795268751939e-01
-1.164383561643834719e-01 3.854609660918369152e-02 9.614539030157018829e-01
-1.144814090019568714e-01 4.024978124217308550e-02 9.597502183038865153e-01
-1.125244618395302570e-01 4.201321688483170003e-02 9.579867825839207818e-01
-1.105675146771036566e-01 4.383129326280311988e-02 9.561687061444517077e-01
-1.086105675146770005e-01 4.571575813908128338e-02 9.542842411999383767e-01
-1.066536203522504417e-01 4.766760658762000946e-02 9.523323926773756831e-01
-1.046966731898237857e-01 4.968783368237339459e-02 9.503121655037589655e-01
-1.027397260273972268e-01 5.177743449729521608e-02 9.482225646060835622e-01
-1.007827788649705292e-01 5.393740410633953569e-02 9.460625949113443678e-01
-9.882583170254388705e-02 5.616807859879019427e-02 9.438319203359080145e-01
-9.686888454011731431e-02 5.846841284213578904e-02 9.415315860277913007e-01
-9.491193737769067218e-02 6.084087728148630803e-02 9.391591215323068509e-01
-9.295499021526411332e-02 6.328632330169735309e-02 9.367136754665740250e-01
-9.099804305283745731e-02 6.580560228762498409e-02 9.341943964477098516e-01
-8.904109589041089845e-02 6.839956562412480290e-02 9.316004330928340238e-01
-8.708414872798424244e-02 7.106906469605282772e-02 9.289309340190644582e-01
-8.512720156555768358e-02 7.381495088826467432e-02 9.261850478435196266e-01
-8.317025440313102758e-02 7.663947857864694679e-02 9.233605201467740553e-01
-8.121330724070446871e-02 7.954267684030021102e-02 9.204573218832059478e-01
-7.925636007827781271e-02 8.252543834377318310e-02 9.174745603829590479e-01
-7.729941291585125385e-02 8.558868173134373536e-02 9.144113170036447524e-01
-7.534246575342459784e-02 8.873332564529037847e-02 9.112666731028722378e-01
-7.338551859099795571e-02 9.196028872789117903e-02 9.080397100382521236e-01
-7.142857142857129971e-02 9.527048962142420363e-02 9.047295091673945855e-01
-6.947162426614464370e-02 9.866585546788853023e-02 9.013341433379389311e-01
-6.751467710371808484e-02 1.021471959014890324e-01 8.978528029166772395e-01
-6.555772994129142883e-02 1.057151604993875615e-01 8.942848383290693537e-01
-6.360078277886486997e-02 1.093707381230658859e-01 8.906292607128092342e-01
-6.164383561643822090e-02 1.131149176340064400e-01 8.868850812055883992e-01
-5.968688845401166204e-02 1.169486878936910890e-01 8.830513109451001430e-01
-5.772994129158500604e-02 1.208730377636022674e-01 8.791269610690364278e-01
-5.577299412915844717e-02 1.248862305646656623e-01 8.751137682619851699e-01
-5.381604696673179117e-02 1.289866617702697948e-01 8.710133370557647803e-01
-5.185909980430523231e-02 1.331778283098935811e-01 8.668221705142371558e-01
-4.990215264187858324e-02 1.374603962691963166e-01 8.625396025516689491e-01
-4.794520547945192723e-02 1.418350317338365751e-01 8.581649670823263687e-01
-4.598825831702536837e-02 1.463024007894728473e-01 8.536975980204766223e-01
-4.403131115459871237e-02 1.508631695217642898e-01 8.491368292803853635e-01
-4.207436399217215350e-02 1.555180040163693655e-01 8.444819947763204659e-01
-4.011741682974550444e-02 1.602675703589472866e-01 8.397324284225474722e-01
-3.816046966731893864e-02 1.651125346351563494e-01 8.348874641333335900e-01
-3.620352250489228957e-02 1.700535629306558216e-01 8.299464358229449168e-01
-3.424657534246564050e-02 1.750913213311040550e-01 8.249086774056484384e-01
-3.228962818003898450e-02 1.802264759221602342e-01 8.197735227957103632e-01
-3.033268101761242563e-02 1.854596927894827108e-01 8.145403059073976770e-01
-2.837573385518577310e-02 1.907916380187307803e-01 8.092083606549769215e-01
-2.641878669275921077e-02 1.961748985777355403e-01 8.038251000726337470e-01
-2.446183953033255823e-02 2.016415214535843270e-01 7.983584771718406081e-01
-2.250489236790590569e-02 2.071960523191834214e-01 7.928039462794482795e-01
-2.054794520547934683e-02 2.128382426646280023e-01 7.871617559053265545e-01
-1.859099804305269429e-02 2.185678439800139428e-01 7.814321545593447826e-01
-1.663405088062613196e-02 2.243846077554366159e-01 7.756153907513725354e-01
-1.467710371819948116e-02 2.302882854809917279e-01 7.697117129912798283e-01
-1.272015655577291883e-02 2.362786286467744579e-01 7.637213697889360109e-01
-1.076320939334626803e-02 2.423553887428808173e-01 7.576446096542106545e-01
-8.806262230919707432e-03 2.485183172594058743e-01 7.514816810969737748e-01
-6.849315068493054028e-03 2.547671656864456402e-01 7.452328326270941661e-01
-4.892367906066493431e-03 2.611016855140950166e-01 7.388983127544426210e-01
-2.935420743639841328e-03 2.675216282324502926e-01 7.324783699888878230e-01
-9.784735812132805150e-04 2.740267453316064250e-01 7.259732528403001206e-01
9.784735812133715880e-04 2.806060894335012934e-01 7.193939086938255789e-01
2.935420743640114981e-03 2.872469583468035825e-01 7.127530397490475789e-01
4.892367906066675577e-03 2.939658014184154400e-01 7.060341966479182219e-01
6.849315068493328114e-03 3.007619641742121930e-01 6.992380338647976590e-01
8.806262230919889578e-03 3.076347921400687246e-01 6.923652058740465964e-01
1.076320939334654038e-02 3.145836308418602512e-01 6.854163671500238530e-01
1.272015655577310271e-02 3.216078258054619887e-01 6.783921721670909122e-01
1.467710371819975351e-02 3.287067225567489315e-01 6.712932753996074808e-01
1.663405088062631584e-02 3.358796666215961846e-01 6.641203313219339321e-01
1.859099804305296838e-02 3.431260035258790198e-01 6.568739944084296400e-01
2.054794520547952724e-02 3.504450787954723756e-01 6.495549191334561989e-01
2.250489236790617978e-02 3.578362379562515794e-01 6.421637599713723166e-01
2.446183953033274211e-02 3.652988265340915142e-01 6.347011713965392543e-01
2.641878669275939465e-02 3.728254751018529323e-01 6.271745228310067199e-01
2.837573385518604718e-02 3.804010366904616580e-01 6.195989612325933926e-01
3.033268101761260604e-02 3.880402349162749287e-01 6.119597629973707598e-01
3.228962818003926205e-02 3.957420226272799768e-01 6.042579752772750945e-01
3.424657534246582091e-02 4.035053526714634242e-01 5.964946452242436692e-01
3.620352250489246998e-02 4.113291778968130030e-01 5.886708199902133121e-01
3.816046966731912599e-02 4.192124511513151131e-01 5.807875467271215175e-01
4.011741682974577505e-02 4.271541252829571533e-01 5.728458725869038926e-01
4.207436399217233391e-02 4.351531531397255792e-01 5.648468447214989308e-01
4.403131115459898992e-02 4.432084875696082893e-01 5.567915102828422391e-01
4.598825831702554878e-02 4.513190814205915724e-01 5.486809164228716451e-01
4.794520547945220479e-02 4.594838875406629386e-01 5.405161102935231998e-01
4.990215264187876365e-02 4.677018587778089542e-01 5.322981390467349527e-01
5.185909980430541272e-02 4.759693051998329372e-01 5.240306926121700570e-01
5.381604696673206872e-02 4.842746347516564964e-01 5.157253630350295825e-01
5.577299412915862759e-02 4.926265837327071795e-01 5.073734140249037683e-01
5.772994129158528359e-02 5.010238665201597330e-01 4.989761312043200503e-01
5.968688845401184245e-02 5.094651974911881265e-01 4.905348001958071968e-01
6.164383561643849152e-02 5.179492910229670510e-01 4.820507066218921999e-01
6.360078277886505038e-02 5.264748614926704207e-01 4.735251361051041608e-01
6.555772994129170639e-02 5.350406232774727044e-01 4.649593742679700159e-01
6.751467710371826525e-02 5.436452907545480384e-01 4.563547067330184226e-01
6.947162426614492126e-02 5.522875783010712247e-01 4.477124191227767058e-01
7.142857142857148012e-02 5.609662002942158443e-01 4.390337970597736339e-01
7.338551859099813612e-02 5.696798711111568103e-01 4.303201261665361432e-01
7.534246575342477825e-02 5.784273051290683698e-01 4.215726920655933352e-01
7.729941291585143426e-02 5.871995782985743872e-01 4.128004188086626947e-01
7.925636007827809026e-02 5.959283692798256205e-01 4.040716277584677218e-01
8.121330724070464913e-02 6.046691556966605763e-01 3.953308412712512876e-01
8.317025440313130513e-02 6.134193897076466451e-01 3.865806071885847239e-01
8.512720156555786399e-02 6.221765234713506620e-01 3.778234733520398625e-01
8.708414872798452000e-02 6.309380091463403506e-01 3.690619876031873692e-01
8.904109589041107886e-02 6.397012988911818798e-01 3.602986977835996862e-01
9.099804305283773487e-02 6.484638448644428621e-01 3.515361517348475351e-01
9.295499021526429373e-02 6.572230992246904657e-01 3.427768972985031359e-01
9.491193737769093586e-02 6.659765141304914149e-01 3.340234823161371547e-01
9.686888454011750860e-02 6.747215417404132110e-01 3.252784546293217005e-01
9.882583170254415073e-02 6.834556342130224671e-01 3.165443620796276614e-01
1.007827788649707096e-01 6.921762437068865736e-01 3.078237525086273685e-01
1.027397260273973656e-01 7.008795899777020555e-01 2.991204061611607568e-01
1.046966731898240216e-01 7.094949124203194790e-01 2.905050836645889367e-01
1.066536203522505805e-01 7.180735439208534299e-01 2.819264521155004921e-01
1.086105675146772365e-01 7.266118331500944771e-01 2.733881628436005129e-01
1.105675146771037953e-01 7.351061287788317467e-01 2.648938671785961985e-01
1.125244618395304513e-01 7.435527794778549193e-01 2.564472164501926388e-01
1.144814090019570935e-01 7.519481339179530099e-01 2.480518619880970332e-01
1.164383561643837495e-01 7.602885407699156994e-01 2.397114551220146939e-01
1.183953033268103083e-01 7.685703487045327797e-01 2.314296471816525147e-01
1.203522504892369643e-01 7.767899063925934877e-01 2.232100894967158355e-01
1.223091976516635232e-01 7.849435625048870602e-01 2.150564333969116615e-01
1.242661448140901792e-01 7.930276657122035111e-01 2.069723302119453878e-01
1.262230919765167381e-01 8.010385646853316333e-01 1.989614312715238809e-01
1.281800391389433802e-01 8.089726080950615517e-01 1.910273879053525081e-01
1.301369863013700501e-01 8.167535052019031516e-01 1.832464908257740444e-01
1.320939334637966089e-01 8.244243064432102974e-01 1.755756896137028455e-01
1.340508806262232511e-01 8.319832434613758654e-01 1.680167526279578438e-01
1.360078277886498099e-01 8.394239693174091466e-01 1.605760268070000052e-01
1.379647749510764798e-01 8.467400148897457068e-01 1.532599812718165588e-01
1.399217221135030387e-01 8.539247888742478310e-01 1.460752073259226347e-01
1.418786692759296808e-01 8.609715777842045226e-01 1.390284184553593760e-01
1.438356164383562397e-01 8.678735459503299499e-01 1.321264503286959935e-01
1.457925636007828818e-01 8.746237355207665543e-01 1.253762607970277665e-01
1.477495107632094684e-01 8.812150664610816087e-01 1.187849298939780557e-01
1.497064579256361938e-01 8.876403365542706592e-01 1.123596598356961795e-01
1.516634050880628637e-01 8.938922214007534173e-01 1.061077750208592740e-01
1.536203522504894226e-01 8.999632744183778676e-01 1.000367220306715849e-01
1.555772994129160647e-01 9.058609326713533694e-01 9.413906384214189293e-02
1.575342465753426235e-01 9.115697147338970296e-01 8.843028185809645447e-02
1.594911937377692657e-01 9.170800712513245134e-01 8.291992542724574422e-02
1.614481409001958245e-01 9.223846842920013778e-01 7.761531248182751419e-02
1.634050880626224944e-01 9.274761418339774188e-01 7.252385504442621089e-02
1.653620352250490533e-01 9.323469377649865608e-01 6.765305922797505700e-02
1.673189823874756954e-01 9.369894718824485214e-01 6.301052523575433051e-02
1.692759295499022543e-01 9.413960498934667021e-01 5.860394736139286354e-02
1.712328767123289242e-01 9.455588834148290767e-01 5.444111398886657127e-02
1.731898238747554830e-01 9.494700899730097454e-01 5.052990759250004793e-02
1.751467710371821251e-01 9.531216930041661595e-01 4.687830473696490141e-02
1.771037181996087673e-01 9.565056218541411193e-01 4.349437607728114108e-02
1.790606653620353539e-01 9.596137117784615533e-01 4.038628635881662265e-02
1.810176125244619960e-01 9.626587698349790001e-01 3.734122838417627127e-02
1.829745596868885549e-01 9.655397950284266839e-01 3.446020320928921965e-02
1.849315068493151970e-01 9.681932543814624204e-01 3.180674384787862685e-02
1.868884540117418669e-01 9.706163807862147053e-01 2.938361740549639417e-02
1.888454011741685090e-01 9.728064071348119235e-01 2.719359098769398922e-02
1.908023483365950679e-01 9.747605663193827930e-01 2.523943170002328901e-02
1.927592954990217378e-01 9.764760912320552544e-01 2.352390664803578890e-02
1.947162426614482966e-01 9.782137536681396739e-01 2.178624416601045166e-02
1.966731898238749388e-01 9.798157242029581493e-01 2.018427359869202214e-02
1.986301369863014976e-01 9.812809329397108593e-01 1.871906484140927612e-02
2.005870841487281397e-01 9.826167590534642393e-01 1.738323872185543184e-02
2.025440313111548096e-01 9.838462929430977777e-01 1.615370480682624260e-02
2.045009784735813685e-01 9.850138984398246755e-01 1.498609918057292392e-02
2.064579256360080106e-01 9.861077853730492171e-01 1.389221206169545531e-02
2.084148727984345695e-01 9.871403497494271040e-01 1.285964743445491484e-02
2.103718199608612394e-01 9.881239875756150370e-01 1.187600928311219849e-02
2.123287671232877982e-01 9.889792651445823424e-01 1.102073168557379454e-02
2.142857142857144404e-01 9.896977520276849516e-01 1.030224514757302826e-02
2.162426614481409992e-01 9.903080204702847666e-01 9.691977347733912035e-03
2.181996086105676413e-01 9.908072051475242947e-01 9.192793664977542967e-03
2.201565557729942280e-01 9.912007507963399577e-01 8.799249371563028915e-03
2.221135029354208701e-01 9.917512593379590458e-01 8.248741167012765135e-03
2.240704500978475122e-01 9.923444020955436429e-01 7.655598384042510904e-03
2.260273972602741821e-01 9.929980611228927945e-01 7.001938900104491895e-03
2.279843444227008242e-01 9.935173163297459364e-01 6.482683592156348630e-03
2.299412915851273831e-01 9.939738502333561598e-01 6.026149657924242606e-03
2.318982387475540252e-01 9.943567558550745478e-01 5.643244121083629619e-03
2.338551859099806118e-01 9.947249066707217757e-01 5.275093230890625859e-03
2.358121330724072540e-01 9.950504412112262109e-01 4.949558587569980253e-03
2.377690802348338128e-01 9.953365168932954976e-01 4.663482773685388369e-03
2.397260273972604550e-01 9.956362304739906355e-01 4.363769019932361298e-03
2.416829745596870138e-01 9.959220782209730061e-01 4.077921064992252875e-03
2.436399217221136837e-01 9.961913548309631050e-01 3.808644229354079050e-03
2.455968688845402426e-01 9.964050376992428237e-01 3.594961365993178289e-03
2.475538160469668847e-01 9.965834622160576473e-01 3.416536955292877320e-03
2.495107632093934436e-01 9.967357653559736352e-01 3.264233987281503144e-03
2.514677103718200857e-01 9.969768655774546851e-01 3.023133558190148514e-03
2.534246575342467556e-01 9.972465082014767557e-01 2.753490580527385208e-03
2.553816046966733144e-01 9.975143015613809894e-01 2.485696801424825287e-03
2.573385518590999843e-01 9.975316690965467803e-01 2.468329478565871402e-03
2.592954990215265432e-01 9.976098895296650060e-01 2.390109178825939804e-03
2.612524461839531575e-01 9.977412150997401197e-01 2.258783670278776811e-03
2.632093933463798274e-01 9.978646774206252346e-01 2.135321397710938755e-03
2.651663405088064973e-01 9.979782816126420153e-01 2.021717216444372973e-03
2.671232876712330562e-01 9.980875776193744997e-01 1.912421204044948558e-03
2.690802348336597261e-01 9.981968736261067621e-01 1.803125191645518505e-03
2.710371819960862849e-01 9.982891916688658718e-01 1.710807151381916504e-03
2.729941291585128993e-01 9.983788010779423017e-01 1.621197746103282458e-03
2.749510763209394582e-01 9.984680448078016024e-01 1.531954019864223849e-03
2.769080234833661280e-01 9.985450181684372151e-01 1.454980656895645333e-03
2.788649706457926869e-01 9.986219915290726057e-01 1.378007293927070286e-03
2.808219178082193568e-01 9.986977417460581874e-01 1.302257074579491695e-03
2.827788649706459712e-01 9.987659877980443746e-01 1.234011020054668565e-03
2.847358121330726410e-01 9.988301019985588169e-01 1.169896816904342478e-03
2.866927592954990889e-01 9.988900843476018476e-01 1.109914465128517339e-03
2.886497064579257588e-01 9.989459348451730225e-01 1.054063964727182737e-03
2.906066536203524286e-01 9.989976534912723416e-01 1.002345315700346046e-03
2.925636007827790430e-01 9.990483503320282122e-01 9.516484715141426513e-04
2.945205479452055464e-01 9.990991414972842932e-01 9.008573021788940198e-04
2.964774951076322163e-01 9.991477004056981137e-01 8.522983893407237548e-04
2.984344422700589416e-01 9.991940270572698957e-01 8.059717329996357593e-04
3.003913894324856115e-01 9.992381214519991950e-01 7.618773331556302503e-04
3.023483365949122259e-01 9.992799835898864558e-01 7.200151898087065773e-04
3.043052837573387293e-01 9.993182890345300162e-01 6.817097513943991358e-04
3.062622309197653436e-01 9.993537110984217486e-01 6.462876993029336489e-04
3.082191780821920135e-01 9.993864299786812122e-01 6.135688347775143572e-04
3.101761252446186834e-01 9.994164456753085179e-01 5.835531578181408271e-04
3.121330724070451312e-01 9.994437581883036659e-01 5.562406684248163112e-04
3.140900195694718011e-01 9.994691890149632885e-01 5.308098654526877385e-04
3.160469667318984155e-01 9.994961762378837822e-01 5.038226502016450361e-04
3.180039138943250854e-01 9.995219004502586824e-01 4.780984426840774806e-04
3.199608610567515332e-01 9.995463616520881001e-01 4.536372428999870237e-04
3.219178082191782031e-01 9.995695598433722573e-01 4.304390508493695453e-04
3.238747553816049285e-01 9.995914950241107100e-01 4.085038665322263465e-04
3.258317025440315429e-01 9.996121671943036802e-01 3.878316899485591621e-04
3.277886497064582683e-01 9.996315763539513899e-01 3.684225210983666909e-04
3.297455968688846606e-01 9.996497225030536171e-01 3.502763599816506677e-04
3.317025440313113860e-01 9.996666056416101398e-01 3.333932065984078399e-04
3.336594911937379448e-01 9.996822257696214020e-01 3.177730609486397254e-04
3.356164383561646702e-01 9.996965828870869597e-01 3.034159230323474083e-04
3.375733855185910626e-01 9.997115142914900776e-01 2.884845071798459570e-04
3.395303326810177880e-01 9.997258056565609952e-01 2.741931318533999927e-04
3.414872798434443468e-01 9.997391840935689888e-01 2.608146840282358006e-04
3.434442270058711277e-01 9.997516496025147248e-01 2.483491637043540312e-04
3.454011741682974646e-01 9.997632021833987581e-01 2.367965708817553350e-04
3.473581213307242455e-01 9.997738418362199786e-01 2.261569055604379774e-04
3.493150684931508043e-01 9.997835685609790524e-01 2.164301677404028255e-04
3.512720156555775297e-01 9.997923823576755353e-01 2.076163574216496627e-04
3.532289628180040886e-01 9.998002832263097606e-01 1.997154746041791395e-04
3.551859099804306474e-01 9.998083637924931599e-01 1.916349002956880317e-04
3.571428571428574283e-01 9.998208873550016307e-01 1.791113615486966074e-04
3.590998043052839872e-01 9.998336650823036464e-01 1.663336645173786859e-04
3.610567514677107126e-01 9.998466969743995403e-01 1.533018092017353513e-04
3.630136986301371049e-01 9.998599830312893122e-01 1.400157956017670374e-04
3.649706457925638303e-01 9.998735232529727401e-01 1.264756237174713589e-04
3.669275929549903892e-01 9.998873176394498241e-01 1.126812935488496169e-04
3.688845401174171146e-01 9.999013661907210082e-01 9.863280509590181128e-05
3.708414872798435069e-01 9.999156689067860704e-01 8.433015835862967685e-05
3.727984344422702323e-01 9.999302257876445665e-01 6.977335333702974415e-05
3.747553816046967912e-01 9.999402980330518442e-01 5.970115536512213793e-05
3.767123287671235721e-01 9.999448720757229125e-01 5.512712426080203579e-05
3.786692759295501309e-01 9.999479082862448021e-01 5.209091861359369142e-05
3.806262230919766898e-01 9.999494066646170687e-01 5.059253842349732168e-05
3.825831702544032487e-01 9.999493672108399345e-01 5.063198369051249287e-05
3.845401174168299741e-01 9.999477899249136215e-01 5.220925441463920499e-05
3.864970645792565329e-01 9.999446748068379076e-01 5.532435059587767490e-05
3.884540117416830918e-01 9.999400218566125709e-01 5.997727223422768573e-05
3.904109589041098727e-01 9.999338310742377223e-01 6.616801932968967119e-05
3.923679060665364315e-01 9.999261024597136949e-01 7.389659188226341442e-05
3.943248532289631569e-01 9.999298442067258152e-01 7.015463878004297299e-05
3.962818003913895493e-01 9.999370712327626531e-01 6.292733917067435019e-05
3.982387475538162747e-01 9.999456764137386600e-01 5.432184263988470464e-05
4.001956947162428335e-01 9.999556597496547239e-01 4.433814918767273530e-05
4.021526418786695589e-01 9.999670212405099567e-01 3.297625881404039373e-05
4.041095890410961178e-01 9.999797608863050247e-01 2.023617151898637889e-05
4.060665362035226766e-01 9.999938786870394836e-01 6.117887302512425504e-06
4.080234833659492910e-01 1.000009374642713889e+00 -9.378593835384068517e-06
4.099804305283760164e-01 1.000026248753327351e+00 -2.625327189470136845e-05
4.119373776908025753e-01 1.000041351960174518e+00 -4.135699745000365711e-05
4.138943248532291341e-01 1.000041100319915222e+00 -4.110543583164599432e-05
4.158512720156556930e-01 1.000038620274188883e+00 -3.862540682904400807e-05
4.178082191780824184e-01 1.000033911822995059e+00 -3.391691044219769836e-05
4.197651663405089772e-01 1.000026974966334192e+00 -2.697994667110641467e-05
4.217221135029355361e-01 1.000017809704206062e+00 -1.781451551577189173e-05
4.236790606653620950e-01 1.000006416036610668e+00 -6.420616976191744277e-06
4.256360078277888759e-01 9.999927939635484542e-01 7.201748947632509792e-06
4.275929549902154347e-01 9.999769434850185323e-01 2.305258225570152100e-05
4.295499021526421601e-01 9.999692494446663638e-01 3.074714620461072370e-05
4.315068493150687190e-01 9.999743929021731592e-01 2.560442929923595172e-05
4.334637964774952779e-01 9.999820870446406440e-01 1.791113854593320148e-05
4.354207436399220033e-01 9.999923318720689291e-01 7.667273944702689831e-06
4.373776908023486176e-01 1.000005127384457904e+00 -5.127164504455149555e-06
4.393346379647751765e-01 1.000020473581807678e+00 -2.047217680153988299e-05
4.412915851272017354e-01 1.000038370464118476e+00 -3.836776294655335363e-05
4.432485322896284607e-01 1.000058818031389407e+00 -5.881392293949501936e-05
4.452054794520550196e-01 1.000081816283621361e+00 -8.181065678036401282e-05
4.471624266144815785e-01 1.000086105595842989e+00 -8.609937550589142653e-05
4.491193737769081373e-01 1.000081428256994753e+00 -8.142189330255619924e-05
4.510763209393348627e-01 1.000073471135085823e+00 -7.346480105195824558e-05
4.530332681017614216e-01 1.000062234230116420e+00 -6.222809875409658978e-05
4.549902152641882025e-01 1.000047717542086989e+00 -4.771178640897199077e-05
4.569471624266145393e-01 1.000029921070997085e+00 -2.991586401658564119e-05
4.589041095890413202e-01 1.000008844816846487e+00 -8.840331576934722102e-06
4.608610567514678791e-01 9.999846011397819368e-01 1.540245070235594232e-05
4.628180039138946045e-01 9.999780016285011452e-01 2.200088275697482422e-05
4.647749510763211633e-01 9.999729164878412568e-01 2.708476855871159994e-05
4.667318982387477222e-01 9.999693457178031597e-01 3.065410810756670316e-05
4.686888454011745031e-01 9.999672893183862987e-01 3.270890140354002548e-05
4.706457925636010620e-01 9.999667472895904519e-01 3.324914844663156687e-05
4.726027397260276208e-01 9.999677196314162853e-01 3.227484923684132735e-05
4.745596868884541797e-01 9.999701212804390504e-01 2.987108702751854576e-05
4.765166340508809051e-01 9.999688998813947016e-01 3.109139484344799424e-05
4.784735812133074639e-01 9.999678912493515925e-01 3.209906344475005596e-05
4.804305283757341893e-01 9.999670953843098342e-01 3.289409283142548986e-05
4.823874755381605817e-01 9.999665122862697597e-01 3.347648300347397070e-05
4.843444227005873071e-01 9.999661419552308139e-01 3.384623396089539004e-05
4.863013698630138659e-01 9.999659843911932189e-01 3.400334570368996473e-05
4.882583170254406468e-01 9.999661463298312736e-01 3.384109961890855757e-05
4.902152641878670392e-01 9.999703280112637316e-01 2.965984705842906327e-05
4.921722113502937646e-01 9.999756948181512950e-01 2.429375225814400709e-05
4.941291585127203234e-01 9.999822467504932977e-01 1.774281521805360588e-05
4.960861056751470488e-01 9.999899838082899617e-01 1.000703593815764278e-05
4.980430528375734411e-01 9.999989059915416201e-01 1.086414418457744106e-06
5.000000000000002220e-01 1.000009013300247940e+00 -9.019049341048150127e-06
