5.000000000000000000e-01 1.000000000000000000e+00 0.000000000000000000e+00
4.980430528375733301e-01 9.999999962181627122e-01 3.776620836539986786e-09
4.960861056751467713e-01 9.999999959199841193e-01 4.076078543086878360e-09
4.941291585127201569e-01 9.999999955859930623e-01 4.411639937342409746e-09
4.921722113502935980e-01 9.999999952502095502e-01 4.749000995373543625e-09
4.902152641878669281e-01 9.999999948337850997e-01 5.167981249690317806e-09
4.882583170254402583e-01 9.999999944087969439e-01 5.595629029276363853e-09
4.863013698630136994e-01 9.999999939838084551e-01 6.023276808862408245e-09
4.843444227005870295e-01 9.999999935588206323e-01 6.450924588448452638e-09
4.823874755381604706e-01 9.999999929368036389e-01 7.091640314478357556e-09
4.804305283757338563e-01 9.999999922679682074e-01 7.782986047584031050e-09
4.784735812133071864e-01 9.999999915991328869e-01 8.474331780689702063e-09
4.765166340508806275e-01 9.999999909302976775e-01 9.165677513795376385e-09
4.745596868884539576e-01 9.999999902614620240e-01 9.857023246901049052e-09
4.726027397260273988e-01 9.999999895926268145e-01 1.054836898000672006e-08
4.706457925636007844e-01 9.999999889237913830e-01 1.123971471311239439e-08
4.686888454011742255e-01 9.999999882549559516e-01 1.193106044621806705e-08
4.667318982387475557e-01 9.999999868341349352e-01 1.333621072111802404e-08
4.647749510763208858e-01 9.999999849445438960e-01 1.518633006103258225e-08
4.628180039138943269e-01 9.999999830549528568e-01 1.703644940094714378e-08
4.608610567514677125e-01 9.999999811653614845e-01 1.888656874086170861e-08
4.589041095890410982e-01 9.999999792757705563e-01 2.073668808077626682e-08
4.569471624266144838e-01 9.999999773861794061e-01 2.258680742069083496e-08
4.549902152641878139e-01 9.999999754965881449e-01 2.443692676060539648e-08
4.530332681017612551e-01 9.999999736069968836e-01 2.628704610051996462e-08
4.510763209393345852e-01 9.999999717174057334e-01 2.813716544043452614e-08
4.491193737769080263e-01 9.999999698278148053e-01 2.998728478034908766e-08
4.471624266144814119e-01 9.999999679382234330e-01 3.183740412026365580e-08
4.452054794520547421e-01 9.999999660486323938e-01 3.368752346017821732e-08
4.432485322896281832e-01 9.999999641590413546e-01 3.553764280009277884e-08
4.412915851272015133e-01 9.999999622694499823e-01 3.738776214000734698e-08
4.393346379647749544e-01 9.999999603798590542e-01 3.923788147992190850e-08
4.373776908023483401e-01 9.999999584902676819e-01 4.108800081983647002e-08
4.354207436399216702e-01 9.999999536981518666e-01 4.586390388588139717e-08
4.334637964774951113e-01 9.999999392976783863e-01 6.032515997635817613e-08
4.315068493150684414e-01 9.999999248972050170e-01 7.478641606683490215e-08
4.295499021526418826e-01 9.999999104967314256e-01 8.924767215731154876e-08
4.275929549902152127e-01 9.999998960962578343e-01 1.037089282477882615e-07
4.256360078277886538e-01 9.999998816957844650e-01 1.181701843382649876e-07
4.236790606653620395e-01 9.999998672953109846e-01 1.326314404287416342e-07
4.217221135029353696e-01 9.999998528948375043e-01 1.470926965192183734e-07
4.197651663405088107e-01 9.999998384943638019e-01 1.615539526096951656e-07
4.178082191780821408e-01 9.999998240938904326e-01 1.760152087001716666e-07
4.158512720156555820e-01 9.999998096934168412e-01 1.904764647906484324e-07
4.138943248532289676e-01 9.999997952929435829e-01 2.049377208811251716e-07
4.119373776908022977e-01 9.999997808924698806e-01 2.193989769716019109e-07
4.099804305283757389e-01 9.999997664919964002e-01 2.338602330620786237e-07
4.080234833659490690e-01 9.999997520915231419e-01 2.483214891525553364e-07
4.060665362035224546e-01 9.999997376910494395e-01 2.627827452430319963e-07
4.041095890410958957e-01 9.999997232905759592e-01 2.772440013335086561e-07
4.021526418786692814e-01 9.999997088901025899e-01 2.917052574239854219e-07
4.001956947162426670e-01 9.999996944896289985e-01 3.061665135144621346e-07
3.982387475538159971e-01 9.999996800891557402e-01 3.206277696049387416e-07
3.962818003913894382e-01 9.999996656886820379e-01 3.350890256954154014e-07
3.943248532289627684e-01 9.999996512882085575e-01 3.495502817858921671e-07
3.923679060665361540e-01 9.999996368877349662e-01 3.640115378763690387e-07
3.904109589041095951e-01 9.999996224872615969e-01 3.784727939668457515e-07
3.884540117416829252e-01 9.999996080867881165e-01 3.929340500573223055e-07
3.864970645792563664e-01 9.999995936863144141e-01 4.073953061477990183e-07
3.845401174168296965e-01 9.999995792858411559e-01 4.218565622382757840e-07
3.825831702544030821e-01 9.999995648853675645e-01 4.363178183287523909e-07
3.806262230919765233e-01 9.999995504848941952e-01 4.507790744192292096e-07
3.786692759295498534e-01 9.999995360844203818e-01 4.652403305097059223e-07
3.767123287671232945e-01 9.999995216839470125e-01 4.797015866001825292e-07
3.747553816046966246e-01 9.999995072834737542e-01 4.941628426906592950e-07
3.727984344422700103e-01 9.999994928830001628e-01 5.086240987811359548e-07
3.708414872798433959e-01 9.999993651802330241e-01 6.363496885080929090e-07
3.688845401174168370e-01 9.999991065937818835e-01 8.949151119185697194e-07
3.669275929549902227e-01 9.999988480073308539e-01 1.153480535329049918e-06
3.649706457925635528e-01 9.999985894208798243e-01 1.412045958739526940e-06
3.630136986301369384e-01 9.999983308344286836e-01 1.670611382150006503e-06
3.610567514677103240e-01 9.999980722479776540e-01 1.929176805560481831e-06
3.590998043052837096e-01 9.999978136615266244e-01 2.187742228970961183e-06
3.571428571428571508e-01 9.999975550750754838e-01 2.446307652381437993e-06
3.551859099804304809e-01 9.999972964886243432e-01 2.704873075791918192e-06
3.532289628180038665e-01 9.999970379021734246e-01 2.963438499202394579e-06
3.512720156555772522e-01 9.999967793157222840e-01 3.222003922612871813e-06
3.493150684931506378e-01 9.999965207292713654e-01 3.480569346023349470e-06
3.473581213307240789e-01 9.999962621428203358e-01 3.739134769433826281e-06
3.454011741682974090e-01 9.999960035563693062e-01 3.997700192844303514e-06
3.434442270058708502e-01 9.999957449699181655e-01 4.256265616254780748e-06
3.414872798434441803e-01 9.999954863834670249e-01 4.514831039665261370e-06
3.395303326810175659e-01 9.999952277970161063e-01 4.773396463075737757e-06
3.375733855185909515e-01 9.999949692105649657e-01 5.031961886486216685e-06
3.356164383561643372e-01 9.999947106241138250e-01 5.290527309896693072e-06
3.336594911937377783e-01 9.999944520376629065e-01 5.549092733307170306e-06
3.317025440313111084e-01 9.999941934512117658e-01 5.807658156717647540e-06
3.297455968688844941e-01 9.999939348647606252e-01 6.066223580128128162e-06
3.277886497064578797e-01 9.999936762783098176e-01 6.324789003538604549e-06
3.258317025440312653e-01 9.999934176918587880e-01 6.583354426949084324e-06
3.238747553816047065e-01 9.999931591054076474e-01 6.841919850359559017e-06
3.219178082191780366e-01 9.999929005189562847e-01 7.100485273770037945e-06
3.199608610567514777e-01 9.999926419325053661e-01 7.359050697180515179e-06
3.180039138943248078e-01 9.999923833460542255e-01 7.617616120590994954e-06
3.160469667318981379e-01 9.999921247596030849e-01 7.876181544001471341e-06
3.140900195694715791e-01 9.999918661731520553e-01 8.134746967411949422e-06
3.121330724070449647e-01 9.999916075867012477e-01 8.393312390822427503e-06
3.101761252446184058e-01 9.999913490002501071e-01 8.651877814232903890e-06
3.082191780821917360e-01 9.999910904137990775e-01 8.910443237643380276e-06
3.062622309197651216e-01 9.999908318273480479e-01 9.169008661053858357e-06
3.043052837573385072e-01 9.999905732408969072e-01 9.427574084464338132e-06
3.023483365949118928e-01 9.999903146544458776e-01 9.686139507874814519e-06
3.003913894324852785e-01 9.999900560679947370e-01 9.944704931285295988e-06
2.984344422700586641e-01 9.999897974815437074e-01 1.020327035469577238e-05
2.964774951076320497e-01 9.999895388950925668e-01 1.046183577810624876e-05
2.945205479452054353e-01 9.999892803086415372e-01 1.072040120151672515e-05
2.925636007827788210e-01 9.999881646108572664e-01 1.183608527878700226e-05
2.906066536203522066e-01 9.999862190554088537e-01 1.378163410797976180e-05
2.886497064579256477e-01 9.999842734999604410e-01 1.572718293717253828e-05
2.866927592954989779e-01 9.999823279445119173e-01 1.767273176636535034e-05
2.847358121330723080e-01 9.999803823890637267e-01 1.961828059555811496e-05
2.827788649706456936e-01 9.999784368336153140e-01 2.156382942475088297e-05
2.808219178082191347e-01 9.999764912781670123e-01 2.350937825394365098e-05
2.788649706457925204e-01 9.999745457227182666e-01 2.545492708313642577e-05
2.769080234833659060e-01 9.999726001672699649e-01 2.740047591232918701e-05
2.749510763209392916e-01 9.999706546118215522e-01 2.934602474152195841e-05
2.729941291585126772e-01 9.999687090563731395e-01 3.129157357071473658e-05
2.710371819960860629e-01 9.999667635009248379e-01 3.323712239990749104e-05
2.690802348336594485e-01 9.999648179454763142e-01 3.518267122910027260e-05
2.671232876712328341e-01 9.999628723900277905e-01 3.712822005829302706e-05
2.651663405088062198e-01 9.999609268345793778e-01 3.907376888748579507e-05
2.632093933463796054e-01 9.999589812791309651e-01 4.101931771667857664e-05
2.612524461839529355e-01 9.999570357236826634e-01 4.296486654587138531e-05
2.592954990215263211e-01 9.999550901682342507e-01 4.491041537506414654e-05
2.573385518590997623e-01 9.999531446127858381e-01 4.685596420425692133e-05
2.553816046966731479e-01 9.999511990573375364e-01 4.880151303344968934e-05
2.534246575342465335e-01 9.999475258945980105e-01 5.247315963839021841e-05
2.514677103718199191e-01 9.999423214194347320e-01 5.767478066708002927e-05
2.495107632093933048e-01 9.999371169442712315e-01 6.287640169576986723e-05
2.475538160469666626e-01 9.999319124691080640e-01 6.807802272445966454e-05
2.455968688845400483e-01 9.999267079939446745e-01 7.327964375314950250e-05
2.436399217221134617e-01 9.999215035187811740e-01 7.848126478183931336e-05
2.416829745596868473e-01 9.999162990436177845e-01 8.368288581052913777e-05
2.397260273972602329e-01 9.999110945684546170e-01 8.888450683921896218e-05
2.377690802348336185e-01 9.999058900932911165e-01 9.408612786790878659e-05
2.358121330724069764e-01 9.999006856181277270e-01 9.928774889659871942e-05
2.338551859099803620e-01 9.998954811429643375e-01 1.044893699252885438e-04
2.318982387475537754e-01 9.998902766678011700e-01 1.096909909539783411e-04
2.299412915851271055e-01 9.998850721926376695e-01 1.148926119826681655e-04
2.279843444227005189e-01 9.998798677174742799e-01 1.200942330113579900e-04
2.260273972602739045e-01 9.998746632423108904e-01 1.252958540400478144e-04
2.240704500978472902e-01 9.998694587671477230e-01 1.304974750687376388e-04
2.221135029354206758e-01 9.998642542919842224e-01 1.356990960974274361e-04
2.201565557729940892e-01 9.998590498168208329e-01 1.409007171261172605e-04
2.181996086105674748e-01 9.998538453416574434e-01 1.461023381548071120e-04
2.162426614481408604e-01 9.998486408664941649e-01 1.513039591834969093e-04
2.142857142857142461e-01 9.998265228262863680e-01 1.734227998750151344e-04
2.123287671232876039e-01 9.997906864586183495e-01 2.092629322306817179e-04
2.103718199608609618e-01 9.997548500909503311e-01 2.451030645863490603e-04
2.084148727984343474e-01 9.997190137232824236e-01 2.809431969420156708e-04
2.064579256360077331e-01 9.996831773556144052e-01 3.167833292976821730e-04
2.045009784735811464e-01 9.996492761646388336e-01 3.506869553232393622e-04
2.025440313111545321e-01 9.996173373938792572e-01 3.826268127764540557e-04
2.005870841487279177e-01 9.995853986231196808e-01 4.145666702296686951e-04
1.986301369863013033e-01 9.995534598523601044e-01 4.465065276828833344e-04
1.966731898238747167e-01 9.995215210816004170e-01 4.784463851360980279e-04
1.947162426614481023e-01 9.994856977251509456e-01 5.142707910637596847e-04
1.927592954990214602e-01 9.994449474682272072e-01 5.550220502650996587e-04
1.908023483365948458e-01 9.994041972113032468e-01 5.957733094664391989e-04
1.888454011741682315e-01 9.993634469543793974e-01 6.365245686677789561e-04
1.868884540117416448e-01 9.993226966974553260e-01 6.772758278691188216e-04
1.849315068493149750e-01 9.992753398577378654e-01 7.246335885831294184e-04
1.829745596868883606e-01 9.992174387532353208e-01 7.825354843551310911e-04
1.810176125244617740e-01 9.991595376487327762e-01 8.404373801271327639e-04
1.790606653620351596e-01 9.991016365442304537e-01 8.983392758991345451e-04
1.771037181996085452e-01 9.990437354397281311e-01 9.562411716711365431e-04
1.751467710371819031e-01 9.989773540491078130e-01 1.022623281626540512e-03
1.731898238747552887e-01 9.988873672124902736e-01 1.112610637344730365e-03
1.712328767123286744e-01 9.987878235968057350e-01 1.212154691063955202e-03
1.692759295499020877e-01 9.986787232020544192e-01 1.321255442784214154e-03
1.673189823874754734e-01 9.985600660282365482e-01 1.439912892505507656e-03
1.653620352250488590e-01 9.984321408740561843e-01 1.567838269063913511e-03
1.634050880626222724e-01 9.982956765467155824e-01 1.704302834759922848e-03
1.614481409001956025e-01 9.981500511131884412e-01 1.849928463309763634e-03
1.594911937377690159e-01 9.979952645734742056e-01 2.004715154713429363e-03
1.575342465753424015e-01 9.978313169275732086e-01 2.168662908970922423e-03
1.555772994129157316e-01 9.976575325623217028e-01 2.342447440415741308e-03
1.536203522504891450e-01 9.974740242128872225e-01 2.525955996998003120e-03
1.516634050880625306e-01 9.972810007874741700e-01 2.718979639231156563e-03
1.497064579256359163e-01 9.970784622860823232e-01 2.921518367115201204e-03
1.477495107632093296e-01 9.968654581378244561e-01 3.134522770392975371e-03
1.457925636007827153e-01 9.966370585494587209e-01 3.362922740095454499e-03
1.438356164383561009e-01 9.963968273526637720e-01 3.603154373850601423e-03
1.418786692759294865e-01 9.961447645474396095e-01 3.855217671658417444e-03
1.399217221135028999e-01 9.958808701337860114e-01 4.119112633518905164e-03
1.379647749510762300e-01 9.955966166120746585e-01 4.403366744651053197e-03
1.360078277886495879e-01 9.952910942884356515e-01 4.708889697387174875e-03
1.340508806262229735e-01 9.949684545874417640e-01 5.031530074169697497e-03
1.320939334637963869e-01 9.946286975090929960e-01 5.371287874998631473e-03
1.301369863013697725e-01 9.942611527400466720e-01 5.738833358132616053e-03
1.281800391389431582e-01 9.936877850657472866e-01 6.312200819046213246e-03
1.262230919765165438e-01 9.929819126531267415e-01 7.018072469301522322e-03
1.242661448140899433e-01 9.921607084401371512e-01 7.839275564412606645e-03
1.223091976516633428e-01 9.914823061801186777e-01 8.517678458501883043e-03
1.203522504892367284e-01 9.908683175839845259e-01 9.131668699364159369e-03
1.183953033268100863e-01 9.901963043698527311e-01 9.803679110187181467e-03
1.164383561643834719e-01 9.894895896526016976e-01 1.051038643555299648e-02
1.144814090019568714e-01 9.886786546013586197e-01 1.132131704456662211e-02
1.125244618395302570e-01 9.877356820445404306e-01 1.226428865857459409e-02
1.105675146771036566e-01 9.866988006190502425e-01 1.330117245748518862e-02
1.086105675146770005e-01 9.855660982991105712e-01 1.443388155003579032e-02
1.066536203522504417e-01 9.843812052463004614e-01 1.561878150239342719e-02
1.046966731898237857e-01 9.831826793447173696e-01 1.681731120749243441e-02
1.027397260273972268e-01 9.819357943481978879e-01 1.806419674866117236e-02
1.007827788649705292e-01 9.806150016910327727e-01 1.938498718195745540e-02
9.882583170254388705e-02 9.791967156736355316e-01 2.080326982864429824e-02
9.686888454011731431e-02 9.776454179646157927e-01 2.235456459224242909e-02
9.491193737769067218e-02 9.759568973634638045e-01 2.404308248279895394e-02
9.295499021526411332e-02 9.740928736140548327e-01 2.590710486396709256e-02
9.099804305283745731e-02 9.720678868099110748e-01 2.793209112353223569e-02
8.904109589041089845e-02 9.698704042825838645e-01 3.012957400846660513e-02
8.708414872798424244e-02 9.675065701390579420e-01 3.249340926392604856e-02
8.512720156555768358e-02 9.649825531771942799e-01 3.501742738356916629e-02
8.317025440313102758e-02 9.622987991763456428e-01 3.770118245911883992e-02
8.121330724070446871e-02 9.594506355952087118e-01 4.054934658212530629e-02
7.925636007827781271e-02 9.564384211691141502e-01 4.356156072763797682e-02
7.729941291585125385e-02 9.531880618701875640e-01 4.681191985012678192e-02
7.534246575342459784e-02 9.496881007998305702e-01 5.031188069571684851e-02
7.338551859099795571e-02 9.459129735814109097e-01 5.408700778463118586e-02
7.142857142857129971e-02 9.418519863014402915e-01 5.814799527634877119e-02
6.947162426614464370e-02 9.374766336123380173e-01 6.252334864178904494e-02
6.751467710371808484e-02 9.327732950745595275e-01 6.722668836165798800e-02
6.555772994129142883e-02 9.277494587967267670e-01 7.225052609175913743e-02
6.360078277886486997e-02 9.223801790726982031e-01 7.761980772787201166e-02
6.164383561643822090e-02 9.166683629361558339e-01 8.333162597633884949e-02
5.968688845401166204e-02 9.106289073443230020e-01 8.937108340242283511e-02
5.772994129158500604e-02 9.042473420550158902e-01 9.575265030361740370e-02
5.577299412915844717e-02 8.975221196171057070e-01 1.024778737561836683e-01
5.381604696673179117e-02 8.904514859980017238e-01 1.095485074425823491e-01
5.185909980430523231e-02 8.830321111581738158e-01 1.169678812409362667e-01
4.990215264187858324e-02 8.751994522549237931e-01 1.248005382728349655e-01
4.794520547945192723e-02 8.669045463934903495e-01 1.330954415799338875e-01
4.598825831702536837e-02 8.581058850699004870e-01 1.418940997499454348e-01
4.403131115459871237e-02 8.486921130202298436e-01 1.513078690548009253e-01
4.207436399217215350e-02 8.385756436958655691e-01 1.614243366370288757e-01
4.011741682974550444e-02 8.276532902411057879e-01 1.723466901678945562e-01
3.816046966731893864e-02 8.159071102360531125e-01 1.840928725949887435e-01
3.620352250489228957e-02 8.032206543856612591e-01 1.967793342984180960e-01
3.424657534246564050e-02 7.897096992509853308e-01 2.102902984853615709e-01
3.228962818003898450e-02 7.766545511669311619e-01 2.233454514336216667e-01
3.033268101761242563e-02 7.643016533042358285e-01 2.356983490979665530e-01
2.837573385518577310e-02 7.522586200714209692e-01 2.477413775679607744e-01
2.641878669275921077e-02 7.381124449344040883e-01 2.618875518774230748e-01
2.446183953033255823e-02 7.226506211084569031e-01 2.773493751005623453e-01
2.250489236790590569e-02 7.070391986178250487e-01 2.929607963719274011e-01
2.054794520547934683e-02 6.909759381505251596e-01 3.090240554569981812e-01
1.859099804305269429e-02 6.745071464477510048e-01 3.254928463924399162e-01
1.663405088062613196e-02 6.577224105597929693e-01 3.422775824204942197e-01
1.467710371819948116e-02 6.405263194344505973e-01 3.594736738699366718e-01
1.272015655577291883e-02 6.228956388576479819e-01 3.771043547019032882e-01
1.076320939334626803e-02 6.048589867577072177e-01 3.951410067911587110e-01
8.806262230919707432e-03 5.864222394136116012e-01 4.135777535450601561e-01
6.849315068493054028e-03 5.676982585621029864e-01 4.323017335211247203e-01
4.892367906066493431e-03 5.488494921733220178e-01 4.511504992205551678e-01
2.935420743639841328e-03 5.299309129538687380e-01 4.700690779754666537e-01
9.784735812132805150e-04 5.110398528288728759e-01 4.889601381517157952e-01
-9.784735812133715880e-04 4.922105151892093855e-01 5.077894763142131174e-01
-2.935420743640114981e-03 4.733082473561621151e-01 5.266917444768328682e-01
-4.892367906066675577e-03 4.543212135249058425e-01 5.456787781987374464e-01
-6.849315068493328114e-03 4.353804042417079856e-01 5.646195869663626077e-01
-8.806262230919889578e-03 4.164965287237339941e-01 5.835034612806286880e-01
-1.076320939334654038e-02 3.979996257401283710e-01 6.020003634365118650e-01
-1.272015655577310271e-02 3.800916559408081818e-01 6.199083332148824788e-01
-1.467710371819975351e-02 3.626529016266812899e-01 6.373470883273775200e-01
-1.663405088062631584e-02 3.458173634493352244e-01 6.541826287570718934e-01
-1.859099804305296838e-02 3.291657045002114867e-01 6.708342895880050616e-01
-2.054794520547952724e-02 3.124055265169261575e-01 6.875944680994543479e-01
-2.250489236790617978e-02 2.958135530298442450e-01 7.041864404273958655e-01
-2.446183953033274211e-02 2.795037152036025652e-01 7.204962745192227125e-01
-2.641878669275939465e-02 2.640764938416244600e-01 7.359234930257680940e-01
-2.837573385518604718e-02 2.500351517645525989e-01 7.499648357755051009e-01
-3.033268101761260604e-02 2.367389485633187018e-01 7.632610418702583388e-01
-3.228962818003926205e-02 2.234491494883112106e-01 7.765508451102890453e-01
-3.424657534246582091e-02 2.104460703394566701e-01 7.895539278177075015e-01
-3.620352250489246998e-02 1.979647491266614545e-01 8.020352474731500259e-01
-3.816046966731912599e-02 1.859728970065532283e-01 8.140270948172061427e-01
-4.011741682974577505e-02 1.747230306291160384e-01 8.252769588807410406e-01
-4.207436399217233391e-02 1.641490193471425996e-01 8.358509694753932795e-01
-4.403131115459898992e-02 1.539193895631842113e-01 8.460806003358387617e-01
-4.598825831702554878e-02 1.441186626544173066e-01 8.558813302186718541e-01
-4.794520547945220479e-02 1.350085790182335710e-01 8.649914139948803316e-01
-4.990215264187876365e-02 1.264643766524961022e-01 8.735356157051399340e-01
-5.185909980430541272e-02 1.182465814278218924e-01 8.817534110498308486e-01
-5.381604696673206872e-02 1.104471899788147804e-01 8.895528027930160730e-01
-5.577299412915862759e-02 1.033119426602642221e-01 8.966880497981326581e-01
-5.772994129158528359e-02 9.675310144334513252e-02 9.032468903731269982e-01
-5.968688845401184245e-02 9.033846205672149687e-02 9.096615295690062553e-01
-6.164383561643849152e-02 8.414657287167598421e-02 9.158534188727918135e-01
-6.360078277886505038e-02 7.840823372695335247e-02 9.215917590314235408e-01
-6.555772994129170639e-02 7.313254067581066720e-02 9.268674540213102109e-01
-6.751467710371826525e-02 6.815175925595430562e-02 9.318482357256931969e-01
-6.947162426614492126e-02 6.342009821519069279e-02 9.365798945503206463e-01
-7.142857142857148012e-02 5.902577232757234837e-02 9.409742188533088969e-01
-7.338551859099813612e-02 5.500520137226585365e-02 9.449947906513063156e-01
-7.534246575342477825e-02 5.122873056972999939e-02 9.487712620290216226e-01
-7.729941291585143426e-02 4.755337238738566175e-02 9.524466183955674348e-01
-7.925636007827809026e-02 4.414960161903641600e-02 9.558503876243731323e-01
-8.121330724070464913e-02 4.123562847440170182e-02 9.587643630518654092e-01
-8.317025440313130513e-02 3.854253328335185969e-02 9.614574607790822292e-01
-8.512720156555786399e-02 3.540781232092011371e-02 9.645921769125798129e-01
-8.708414872798452000e-02 3.240409228259173019e-02 9.675958904070958155e-01
-8.904109589041107886e-02 3.076917983629818068e-02 9.692308071586923646e-01
-9.099804305283773487e-02 2.859102909214694677e-02 9.714089595056756288e-01
-9.295499021526429373e-02 2.659231962509673447e-02 9.734076697794775690e-01
-9.491193737769093586e-02 2.466012429037366116e-02 9.753398652284380743e-01
-9.686888454011750860e-02 2.293013173185631803e-02 9.770698579676089235e-01
-9.882583170254415073e-02 2.130052754401869780e-02 9.786994648940102737e-01
-1.007827788649707096e-01 1.976734818878223346e-02 9.802326488350978639e-01
-1.027397260273973656e-01 1.837443805963179244e-02 9.816255608346031725e-01
-1.046966731898240216e-01 1.704112849939928148e-02 9.829588716489743305e-01
-1.066536203522505805e-01 1.581692826206379174e-02 9.841830720123561083e-01
-1.086105675146772365e-01 1.468350138056970233e-02 9.853164980813814422e-01
-1.105675146771037953e-01 1.361267948510663274e-02 9.863873185720661851e-01
-1.125244618395304513e-01 1.260240805485649852e-02 9.873975880304795005e-01
-1.144814090019570935e-01 1.166103443300486528e-02 9.883389590108420109e-01
-1.164383561643837495e-01 1.082441080969052255e-02 9.891755822441083978e-01
-1.183953033268103083e-01 1.008807130353304819e-02 9.899119232477967545e-01
-1.203522504892369643e-01 9.445078782418373994e-03 9.905549185888116170e-01
-1.223091976516635232e-01 8.778472014748775823e-03 9.912215259609513662e-01
-1.242661448140901792e-01 8.121698031226327191e-03 9.918782993452073260e-01
-1.262230919765167381e-01 7.487457154529387864e-03 9.925125388030553442e-01
-1.281800391389433802e-01 6.937271744710882433e-03 9.930627209302527181e-01
-1.301369863013700501e-01 6.445275497828248552e-03 9.935547124697581278e-01
-1.320939334637966089e-01 6.007407528639370324e-03 9.939925745973854365e-01
-1.340508806262232511e-01 5.555012634524060695e-03 9.944449722414347992e-01
-1.360078277886498099e-01 5.122287786053124174e-03 9.948777035870002283e-01
-1.379647749510764798e-01 4.715299015203973550e-03 9.952847012484598022e-01
-1.399217221135030387e-01 4.394594225156194835e-03 9.956054038112727156e-01
-1.418786692759296808e-01 4.128608343453379209e-03 9.958713833916912339e-01
-1.438356164383562397e-01 3.889205965306659005e-03 9.961107786382832341e-01
-1.457925636007828818e-01 3.533010375124373895e-03 9.964669827967831406e-01
-1.477495107632094684e-01 3.138870952777754464e-03 9.968611373966416167e-01
-1.497064579256361938e-01 2.823190574083651871e-03 9.971768299265539870e-01
-1.516634050880628637e-01 2.799288423975038707e-03 9.972007213310585261e-01
-1.536203522504894226e-01 2.626531725792019024e-03 9.973734739675105265e-01
-1.555772994129160647e-01 2.438077810541774623e-03 9.975619263250857793e-01
-1.575342465753426235e-01 2.264361362206667762e-03 9.977356421203278369e-01
-1.594911937377692657e-01 2.107179393577648593e-03 9.978928231573565011e-01
-1.614481409001958245e-01 1.949997424948638099e-03 9.980500041943853873e-01
-1.634050880626224944e-01 1.811813321304590364e-03 9.981881877459723995e-01
-1.653620352250490533e-01 1.681285391143175385e-03 9.983187152770329753e-01
-1.673189823874756954e-01 1.560211474508894566e-03 9.984397877957482681e-01
-1.692759295499022543e-01 1.453236515376968643e-03 9.985467598674033773e-01
-1.712328767123289242e-01 1.347599405369390504e-03 9.986523942890235261e-01
-1.731898238747554830e-01 1.255484503733874345e-03 9.987445085145497670e-01
-1.751467710371821251e-01 1.163369602098353849e-03 9.988366227400762298e-01
-1.771037181996087673e-01 1.078453161939618016e-03 9.989215386756018500e-01
-1.790606653620353539e-01 1.000904196549772061e-03 9.989990873118606007e-01
-1.810176125244619960e-01 9.293387373730337651e-04 9.990706525844406105e-01
-1.829745596868885549e-01 8.637567844094074659e-04 9.991362344933421014e-01
-1.849315068493151970e-01 8.028254236344479003e-04 9.991971660717595682e-01
-1.868884540117418669e-01 7.385951426429780350e-04 9.992613975428336071e-01
-1.888454011741685090e-01 6.767709296919628865e-04 9.993232234082463084e-01
-1.908023483365950679e-01 6.173527847814085263e-04 9.993826436679976721e-01
-1.927592954990217378e-01 5.603407079113075819e-04 9.994396583220879204e-01
-1.947162426614482966e-01 5.212746108017567853e-04 9.994787244802472159e-01
-1.966731898238749388e-01 5.068851945223902707e-04 9.994931101513273575e-01
-1.986301369863014976e-01 5.062068784701741382e-04 9.994937830177130778e-01
-2.005870841487281397e-01 5.192396626451066532e-04 9.994807430794048209e-01
-2.025440313111548096e-01 5.459835470471904179e-04 9.994539903364029199e-01
-2.045009784735813685e-01 5.197626248592203575e-04 9.994802092458285880e-01
-2.064579256360080106e-01 4.754123748001775826e-04 9.995245598617732430e-01
-2.084148727984345695e-01 4.183034822895529900e-04 9.995816708100973003e-01
-2.103718199608612394e-01 3.484359473273396408e-04 9.996515420908012040e-01
-2.123287671232877982e-01 2.850636821601854401e-04 9.997149185014682082e-01
-2.142857142857144404e-01 2.648044880349110890e-04 9.997351792495228207e-01
-2.162426614481409992e-01 2.445452939096363042e-04 9.997554399975776551e-01
-2.181996086105676413e-01 2.242860997843615194e-04 9.997757007456324896e-01
-2.201565557729942280e-01 2.096634844083113298e-04 9.997903239369553274e-01
-2.221135029354208701e-01 1.960978983200629792e-04 9.998038899155891057e-01
-2.240704500978475122e-01 1.825323122318146286e-04 9.998174558942228840e-01
-2.260273972602741821e-01 1.716460937167801210e-04 9.998283422392131303e-01
-2.279843444227008242e-01 1.616964905557386270e-04 9.998382918758405014e-01
-2.299412915851273831e-01 1.517468873946980004e-04 9.998482415124680944e-01
-2.318982387475540252e-01 1.413203797131102474e-04 9.998586682169312567e-01
-2.338551859099806118e-01 1.306254668664644236e-04 9.998693634184747658e-01
-2.358121330724072540e-01 1.199305540198185999e-04 9.998800586200181639e-01
-2.377690802348338128e-01 1.101191334108410705e-04 9.998898702962671914e-01
-2.397260273972604550e-01 1.017572989792823665e-04 9.998982323321008447e-01
-2.416829745596870138e-01 9.429650291491609854e-05 9.999056932958541033e-01
-2.436399217221136837e-01 8.773674521774226659e-05 9.999122531875267450e-01
-2.455968688845402426e-01 8.207802588776087066e-05 9.999179120071187699e-01
-2.475538160469668847e-01 7.732034492497191075e-05 9.999226697546303999e-01
-2.495107632093934436e-01 7.271840687369645478e-05 9.999272722357446241e-01
-2.514677103718200857e-01 6.709570726143093342e-05 9.999328967603665630e-01
-2.534246575342467556e-01 6.169671681444067676e-05 9.999382980058079129e-01
-2.553816046966733144e-01 5.652143553272568482e-05 9.999434759720688959e-01
-2.573385518590999843e-01 5.156986341628725865e-05 9.999484306591490679e-01
-2.592954990215265432e-01 4.684200046512453086e-05 9.999531620670486509e-01
-2.612524461839531575e-01 4.254773278824066154e-05 9.999574597425553435e-01
-2.632093933463798274e-01 4.010917929509914479e-05 9.999598977242574183e-01
-2.651663405088064973e-01 3.838741839196080363e-05 9.999616180110646457e-01
-2.671232876712330562e-01 3.738245007882607177e-05 9.999626206029765818e-01
-2.690802348336597261e-01 3.709427435569408182e-05 9.999629054999936706e-01
-2.710371819960862849e-01 3.752289122256570117e-05 9.999624727021158010e-01
-2.729941291585128993e-01 3.866830067944049612e-05 9.999613222093426401e-01
-2.749510763209394582e-01 3.766898947793386604e-05 9.999623196677764891e-01
-2.769080234833661280e-01 3.634677800887307214e-05 9.999636406257905730e-01
-2.788649706457926869e-01 3.488078236209106453e-05 9.999651057085994221e-01
-2.808219178082193568e-01 3.327100253758740953e-05 9.999667149162024815e-01
-2.827788649706459712e-01 3.151743853536340817e-05 9.999684682486007503e-01
-2.847358121330726410e-01 2.962009035541906046e-05 9.999703657057936734e-01
-2.866927592954990889e-01 2.757895799775393272e-05 9.999724072877812509e-01
-2.886497064579257588e-01 2.539404146236715759e-05 9.999745929945633716e-01
-2.906066536203524286e-01 2.306534074926046979e-05 9.999769228261403686e-01
-2.925636007827790430e-01 2.059285585843300195e-05 9.999793967825121310e-01
-2.945205479452055464e-01 1.797658678988432041e-05 9.999820148636786588e-01
-2.964774951076322163e-01 1.521653354361485883e-05 9.999847770696397298e-01
-2.984344422700589416e-01 1.302266468137256231e-05 9.999869710240520959e-01
-3.003913894324856115e-01 1.147931892818074284e-05 9.999885121021652168e-01
-3.023483365949122259e-01 1.000025124615281508e-05 9.999899885372038888e-01
-3.043052837573387293e-01 8.585461635290947413e-06 9.999914003291672238e-01
-3.062622309197653436e-01 7.234950095592971447e-06 9.999927474780561099e-01
-3.082191780821920135e-01 5.948716627058887180e-06 9.999940299838698810e-01
-3.101761252446186834e-01 4.726761229689561972e-06 9.999952478466092032e-01
-3.121330724070451312e-01 3.569083903484995823e-06 9.999964010662736325e-01
-3.140900195694718011e-01 2.475684648445622416e-06 9.999974896428631688e-01
-3.160469667318984155e-01 1.446563464568839663e-06 9.999985135763779232e-01
-3.180039138943250854e-01 4.817203518576833321e-07 9.999994728668180066e-01
-3.199608610567515332e-01 -6.248863910259666588e-08 1.000000013489907857e+00
-3.219178082191782031e-01 1.968085279798609255e-07 9.999997550788912726e-01
-3.238747553816049285e-01 6.903541973995140635e-07 9.999992631665509668e-01
-3.258317025440315429e-01 1.418148369152459620e-06 9.999985377528868291e-01
-3.277886497064582683e-01 2.380191043243034404e-06 9.999975788378994146e-01
-3.297455968688846606e-01 3.576482219669503693e-06 9.999963864215875020e-01
-3.317025440313113860e-01 5.007021898430566442e-06 9.999949605039523126e-01
-3.336594911937379448e-01 6.671810079528391058e-06 9.999933010849935133e-01
-3.356164383561646702e-01 8.570846762961242815e-06 9.999914081647107711e-01
-3.375733855185910626e-01 1.070413194872998908e-05 9.999892817431041969e-01
-3.395303326810177880e-01 1.307166563683506352e-05 9.999869218201737908e-01
-3.414872798434443468e-01 1.514798007229683358e-05 9.999848525411911826e-01
-3.434442270058711277e-01 1.507590993025465301e-05 9.999849263974145419e-01
-3.454011741682974646e-01 1.477514440545186353e-05 9.999852285310739664e-01
-3.473581213307242455e-01 1.424568349788889882e-05 9.999857589421692339e-01
-3.493150684931508043e-01 1.348752720756489151e-05 9.999865176307005665e-01
-3.512720156555775297e-01 1.250067553448070898e-05 9.999875045966681864e-01
-3.532289628180040886e-01 1.128512847863635121e-05 9.999887198400716493e-01
-3.551859099804306474e-01 9.840886040031818216e-06 9.999901633609110663e-01
-3.571428571428574283e-01 8.167948218666242627e-06 9.999918351591867705e-01
-3.590998043052839872e-01 6.266315014540925488e-06 9.999937352348984287e-01
-3.610567514677107126e-01 4.135986427654132075e-06 9.999958635880459301e-01
-3.630136986301371049e-01 1.877702208497901426e-06 9.999981187046016462e-01
-3.649706457925638303e-01 2.364951272768815033e-06 9.999976050102393765e-01
-3.669275929549903892e-01 3.126133131223490097e-06 9.999968131019751905e-01
-3.688845401174171146e-01 4.161247783862360300e-06 9.999957429798096431e-01
-3.708414872798435069e-01 5.470295230684124599e-06 9.999943946437428455e-01
-3.727984344422702323e-01 7.053275471690084036e-06 9.999927680937740204e-01
-3.747553816046967912e-01 8.910188506880238613e-06 9.999908633299039451e-01
-3.767123287671235721e-01 1.104103433625458833e-05 9.999886803521321754e-01
-3.786692759295501309e-01 1.344581295981183214e-05 9.999862191604589334e-01
-3.806262230919766898e-01 1.612452437755327109e-05 9.999834797548842191e-01
-3.825831702544032487e-01 1.907716858947890518e-05 9.999804621354078105e-01
-3.845401174168299741e-01 2.230374559558743336e-05 9.999771663020300405e-01
-3.864970645792565329e-01 1.819926862038634408e-05 9.999813165809350313e-01
-3.884540117416830918e-01 1.189390206373297162e-05 9.999877023038632462e-01
-3.904109589041098727e-01 4.412929139999827166e-06 9.999952820985928970e-01
-3.923679060665364315e-01 -4.243650150813089300e-06 1.000004055965123317e+00
-3.943248532289631569e-01 -1.407583580870534409e-05 1.000014023903454952e+00
-3.962818003913895493e-01 -2.508362783367650353e-05 1.000025185913588022e+00
-3.982387475538162747e-01 -3.726702622572743498e-05 1.000037541995522083e+00
-4.001956947162428335e-01 -5.062603098485813843e-05 1.000051092149257137e+00
-4.021526418786695589e-01 -6.516064211106818022e-05 1.000065836374793404e+00
-4.041095890410961178e-01 -8.087085960435886137e-05 1.000081774672130885e+00
-4.060665362035226766e-01 -9.775668346472649560e-05 1.000098907041269136e+00
-4.080234833659492910e-01 -9.714175631698432518e-05 1.000098371409123610e+00
-4.099804305283760164e-01 -8.619801458782921227e-05 1.000087411029093154e+00
-4.119373776908025753e-01 -7.198487865972894029e-05 1.000073155519684676e+00
-4.138943248532291341e-01 -5.450234853268589447e-05 1.000055604880899285e+00
-4.158512720156556930e-01 -3.375042420669790641e-05 1.000034759112736316e+00
-4.178082191780824184e-01 -9.729105681765843477e-06 1.000010618215195768e+00
-4.197651663405089772e-01 1.856024316240160316e-06 9.999987695617446049e-01
-4.217221135029355361e-01 6.406505569400179623e-07 9.999995747255672196e-01
-4.236790606653620950e-01 -4.942777108250979989e-06 1.000004664724285286e+00
-4.256360078277888759e-01 -1.489425867933456826e-05 1.000014039557898915e+00
-4.275929549902154347e-01 -2.921379415631074686e-05 1.000027699226407218e+00
-4.295499021526421601e-01 -4.790138353917669685e-05 1.000045643729811307e+00
-4.315068493150687190e-01 -5.040692354991971845e-05 1.000047908342965197e+00
-4.334637964774952779e-01 -2.908960166236982010e-05 1.000027069905026433e+00
-4.354207436399220033e-01 -1.522174889550219345e-07 9.999988696722048598e-01
-4.373776908023486176e-01 3.640522897032380870e-05 9.999633076445000324e-01
-4.393346379647751765e-01 8.058273771546298550e-05 9.999203838219132834e-01
-4.412915851272017354e-01 1.323803087464707484e-04 9.998700982044437247e-01
-4.432485322896284607e-01 1.652744442965712983e-04 9.998383264059755859e-01
-4.452054794520550196e-01 1.560431583043473021e-04 9.998477231740174886e-01
-4.471624266144815785e-01 1.352257903448179054e-04 9.998684951469974935e-01
-4.491193737769081373e-01 1.028223404179792050e-04 9.999006423249157116e-01
-4.510763209393348627e-01 5.883280852383423673e-05 9.999441647077713657e-01
-4.530332681017614216e-01 3.257194662381049030e-06 9.999990622955654551e-01
-4.549902152641882025e-01 -1.072722342649809479e-05 1.000013001414256530e+00
-4.569471624266145393e-01 -1.653206060385362455e-05 1.000018863637246458e+00
-4.589041095890413202e-01 -1.650188095364958467e-05 1.000018956334483455e+00
-4.608610567514678791e-01 -1.063668447588489094e-05 1.000013279505966413e+00
-4.628180039138946045e-01 -3.295728475274191036e-06 1.000006070765256938e+00
-4.647749510763211633e-01 -3.072125004898156736e-06 1.000005747878006002e+00
-4.667318982387477222e-01 -2.848521534522556117e-06 1.000005424990755287e+00
-4.686888454011745031e-01 -2.624918064146521818e-06 1.000005102103504351e+00
-4.706457925636010620e-01 -2.401314593770487518e-06 1.000004779216253636e+00
-4.726027397260276208e-01 -1.774906076382936140e-06 1.000004041618513861e+00
-4.745596868884541797e-01 -9.741519435655255493e-07 1.000003124522141018e+00
-4.765166340508809051e-01 -1.733978107487654796e-07 1.000002207425768175e+00
-4.784735812133074639e-01 6.273563220684282710e-07 1.000001290329395554e+00
-4.804305283757341893e-01 1.253226378023853185e-06 1.000000558240500270e+00
-4.823874755381605817e-01 -3.853414415398541404e-07 1.000002221669520797e+00
-4.843444227005873071e-01 -2.023909261103778306e-06 1.000003885098541545e+00
-4.863013698630138659e-01 -3.662477080667702473e-06 1.000005548527562294e+00
-4.882583170254406468e-01 -5.301044900231192958e-06 1.000007211956583264e+00
-4.902152641878670392e-01 -6.562563244739147775e-06 1.000008486078745928e+00
-4.921722113502937646e-01 -7.113484238780365052e-06 1.000009026502971965e+00
-4.941291585127203234e-01 -7.330625903821013159e-06 1.000009222297141509e+00
-4.960861056751470488e-01 -7.213988239861092097e-06 1.000009073461254561e+00
-4.980430528375734411e-01 -6.763571246900168185e-06 1.000008579995311120e+00
-5.000000000000002220e-01 -5.979374924939759306e-06 1.000007741899311409e+00
-5.000000000000000000e-01 -5.979374924939759306e-06 1.000007741899311409e+00
-4.980430528375733301e-01 7.325550186810039777e-08 1.000001524775252948e+00
-4.960861056751467713e-01 7.611475692477845389e-08 1.000001470246059121e+00
-4.941291585127201569e-01 7.915159078836740691e-08 1.000001430310592188e+00
-4.921722113502935980e-01 8.219727573805304943e-08 1.000001391068705114e+00
-4.902152641878669281e-01 8.561649589961493889e-08 1.000001360673513862e+00
-4.882583170254402583e-01 8.907538351669505583e-08 1.000001331217794442e+00
-4.863013698630136994e-01 9.253427113399201320e-08 1.000001301762075023e+00
-4.843444227005870295e-01 9.599315875150581101e-08 1.000001272306355826e+00
-4.823874755381604706e-01 9.989716960459929518e-08 1.000001250519687357e+00
-4.804305283757338563e-01 1.039069523155449620e-07 1.000001230555367826e+00
-4.784735812133071864e-01 1.079167350264906289e-07 1.000001210591048073e+00
-4.765166340508806275e-01 1.119265177376531362e-07 1.000001190626728764e+00
-4.745596868884539576e-01 1.169312944340229754e-07 1.000001169683973679e+00
-4.726027397260273988e-01 1.223385406074091464e-07 1.000001148345447621e+00
-4.706457925636007844e-01 1.277457867816626791e-07 1.000001127006921120e+00
-4.686888454011742255e-01 1.331530329550488501e-07 1.000001105668394841e+00
-4.667318982387475557e-01 1.385602791288687019e-07 1.000001084329868561e+00
-4.647749510763208858e-01 1.439675253024717133e-07 1.000001062991342060e+00
-4.628180039138943269e-01 1.493747714760747247e-07 1.000001041652815781e+00
-4.608610567514677125e-01 1.547820176501114170e-07 1.000001020314289502e+00
-4.589041095890410982e-01 1.612205074905635749e-07 1.000001000125032125e+00
-4.569471624266144838e-01 1.686109145626873279e-07 1.000000980996638367e+00
-4.549902152641878139e-01 1.760013216343774001e-07 1.000000961868244609e+00
-4.530332681017612551e-01 1.833917287062843127e-07 1.000000942739850851e+00
-4.510763209393345852e-01 1.907821357784080657e-07 1.000000923611456871e+00
-4.491193737769080263e-01 1.981725428503149783e-07 1.000000904483063113e+00
-4.471624266144814119e-01 2.055629499222218909e-07 1.000000885354669355e+00
-4.452054794520547421e-01 2.132273564385729625e-07 1.000000866263812460e+00
-4.432485322896281832e-01 2.224791727774375755e-07 1.000000847390425385e+00
-4.412915851272015133e-01 2.317309891169527097e-07 1.000000828517038753e+00
-4.393346379647749544e-01 2.409828054562510036e-07 1.000000809643651678e+00
-4.373776908023483401e-01 2.502346217953324570e-07 1.000000790770264603e+00
-4.354207436399216702e-01 2.594864381346307508e-07 1.000000771896877527e+00
-4.334637964774951113e-01 2.687382544737122042e-07 1.000000753023490896e+00
-4.315068493150684414e-01 2.779900708127936576e-07 1.000000734150103820e+00
-4.295499021526418826e-01 2.896486519846606933e-07 1.000000714204156260e+00
-4.275929549902152127e-01 3.020083774566990203e-07 1.000000693945747976e+00
-4.256360078277886538e-01 3.143681029287373474e-07 1.000000673687339470e+00
-4.236790606653620395e-01 3.267278284007756745e-07 1.000000653428930963e+00
-4.217221135029353696e-01 3.390875538730308419e-07 1.000000633170522679e+00
-4.197651663405088107e-01 3.514472793448523286e-07 1.000000612912114173e+00
-4.178082191780821408e-01 3.638070048168906556e-07 1.000000592653705889e+00
-4.158512720156555820e-01 3.776809843689110657e-07 1.000000571080027267e+00
-4.138943248532289676e-01 3.944910332387245588e-07 1.000000546956100411e+00
-4.119373776908022977e-01 4.122710741307888255e-07 1.000000521989645286e+00
-4.099804305283757389e-01 4.310211070451038656e-07 1.000000496180661891e+00
-4.080234833659490690e-01 4.507411319812359984e-07 1.000000469529150893e+00
-4.060665362035224546e-01 4.714311489400525856e-07 1.000000442035111625e+00
-4.041095890410958957e-01 4.930911579209031059e-07 1.000000413698544088e+00
-4.021526418786692814e-01 5.157211589235707189e-07 1.000000384519448948e+00
-4.001956947162426670e-01 5.393211519489227862e-07 1.000000354497825317e+00
-3.982387475538159971e-01 5.638911369960919462e-07 1.000000323633674082e+00
-3.962818003913894382e-01 5.894311140655118797e-07 1.000000291926994356e+00
-3.943248532289627684e-01 6.159410831571825867e-07 1.000000259377787248e+00
-3.923679060665361540e-01 6.434210442713209077e-07 1.000000225986051205e+00
-3.904109589041095951e-01 6.718709974066258001e-07 1.000000191751787781e+00
-3.884540117416829252e-01 7.012909425650488277e-07 1.000000156674996088e+00
-3.864970645792563664e-01 7.334912519709000517e-07 1.000000118821896544e+00
-3.845401174168296965e-01 7.679076229332327391e-07 1.000000078795258762e+00
-3.825831702544030821e-01 8.036523530688746697e-07 1.000000037543296916e+00
-3.806262230919765233e-01 8.407254423776090030e-07 9.999999950660111159e-01
-3.786692759295498534e-01 8.791268908600862603e-07 9.999999513634013626e-01
-3.767123287671232945e-01 9.188566985163064416e-07 9.999999064354676559e-01
-3.747553816046966246e-01 9.599148653447516638e-07 9.999998602822097737e-01
-3.727984344422700103e-01 1.002301391347590331e-06 9.999998129036280492e-01
-3.708414872798433959e-01 1.046016276523738242e-06 9.999997642997224823e-01
-3.688845401174168370e-01 1.091059520873412236e-06 9.999997144704926288e-01
-3.669275929549902227e-01 1.137431124396178633e-06 9.999996634159389330e-01
-3.649706457925635528e-01 1.185131087092254273e-06 9.999996111360609508e-01
-3.630136986301369384e-01 1.234159408962506518e-06 9.999995576308594591e-01
-3.610567514677103240e-01 1.284516090005634326e-06 9.999995029003336811e-01
-3.590998043052837096e-01 1.336201130222071376e-06 9.999994469444839496e-01
-3.571428571428571508e-01 1.394751495258864799e-06 9.999993840543086598e-01
-3.551859099804304809e-01 1.455917293369983836e-06 9.999993186117458466e-01
-3.532289628180038665e-01 1.519188392947248833e-06 9.999992511427768793e-01
-3.512720156555772522e-01 1.584564793990876630e-06 9.999991816474017581e-01
-3.493150684931506378e-01 1.652046496501084066e-06 9.999991101256202608e-01
-3.473581213307240789e-01 1.721633500477220621e-06 9.999990365774329426e-01
-3.454011741682974090e-01 1.793325805920587337e-06 9.999989610028391374e-01
-3.434442270058708502e-01 1.867123412829883172e-06 9.999988834018392891e-01
-3.414872798434441803e-01 1.943026321205108126e-06 9.999988037744329539e-01
-3.395303326810175659e-01 2.021034531047129559e-06 9.999987221206207977e-01
-3.375733855185909515e-01 2.101148042355730633e-06 9.999986384404022655e-01
-3.356164383561643372e-01 2.183366855130260825e-06 9.999985527337775792e-01
-3.336594911937377783e-01 2.267690969371370657e-06 9.999984650007467391e-01
-3.317025440313111084e-01 2.354120385079276970e-06 9.999983752413097449e-01
-3.297455968688844941e-01 2.486842251669778292e-06 9.999982392235451378e-01
-3.277886497064578797e-01 2.866554164737342147e-06 9.999978560465033750e-01
-3.258317025440312653e-01 3.284336330803151044e-06 9.999974348416630354e-01
-3.238747553816047065e-01 3.740188749866554460e-06 9.999969756090238970e-01
-3.219178082191780366e-01 4.234111421927335556e-06 9.999964783485862929e-01
-3.199608610567514777e-01 4.766104346985928011e-06 9.999959430603498900e-01
-3.180039138943248078e-01 5.336167525042114987e-06 9.999953697443146883e-01
-3.160469667318981379e-01 5.944300956095679642e-06 9.999947584004811318e-01
-3.140900195694715791e-01 6.590504640147272497e-06 9.999941090288488876e-01
-3.121330724070449647e-01 7.274778577196676713e-06 9.999934216294177336e-01
-3.101761252446184058e-01 7.997122767243024927e-06 9.999926962021876697e-01
-3.082191780821917360e-01 8.757537210287618182e-06 9.999919327471593622e-01
-3.062622309197651216e-01 9.556021906329589116e-06 9.999911312643323669e-01
-3.043052837573385072e-01 1.039257685536893773e-05 9.999902917537067948e-01
-3.023483365949118928e-01 1.126720205740653138e-05 9.999894142152820908e-01
-3.003913894324852785e-01 1.217989751244150272e-05 9.999884986490590322e-01
-2.984344422700586641e-01 1.313066322047406857e-05 9.999875450550371747e-01
-2.964774951076320497e-01 1.411949918150422895e-05 9.999865534332168515e-01
-2.945205479452054353e-01 1.514640539553176700e-05 9.999855237835975075e-01
-2.925636007827788210e-01 1.621138186255755009e-05 9.999844561061796977e-01
-2.906066536203522066e-01 1.731442858258049403e-05 9.999833504009634222e-01
-2.886497064579256477e-01 1.845554555560124932e-05 9.999822066679482369e-01
-2.866927592954989779e-01 1.963473278161959913e-05 9.999810249071341417e-01
-2.847358121330723080e-01 2.085199026063576030e-05 9.999798051185216918e-01
-2.827788649706456936e-01 2.210731799264951600e-05 9.999785473021105542e-01
-2.808219178082191347e-01 2.340071597766086621e-05 9.999772514579007288e-01
-2.788649706457925204e-01 2.473218421566981094e-05 9.999759175858922156e-01
-2.769080234833659060e-01 2.610172270667656703e-05 9.999745456860851256e-01
-2.749510763209392916e-01 2.750933145068091765e-05 9.999731357584793479e-01
-2.729941291585126772e-01 2.895501044768221226e-05 9.999716878030744382e-01
-2.710371819960860629e-01 3.104108351308348251e-05 9.999696012736229989e-01
-2.690802348336594485e-01 3.350670033907122806e-05 9.999671362506152850e-01
-2.671232876712328341e-01 3.606967414873304967e-05 9.999645740880445111e-01
-2.651663405088062198e-01 3.873000494207003153e-05 9.999619147859101220e-01
-2.632093933463796054e-01 4.148769271908065576e-05 9.999591583442123399e-01
-2.612524461839529355e-01 4.434273747976622340e-05 9.999563047629511647e-01
-2.592954990215263211e-01 4.729513922412651762e-05 9.999533540421262634e-01
-2.573385518590997623e-01 5.034489795216067105e-05 9.999503061817381910e-01
-2.553816046966731479e-01 5.349201366386955106e-05 9.999471611817865035e-01
-2.534246575342465335e-01 5.673648635925315764e-05 9.999439190422716450e-01
-2.514677103718199191e-01 6.007831603831062343e-05 9.999405797631928383e-01
-2.495107632093933048e-01 6.351750270104303264e-05 9.999371433445511936e-01
-2.475538160469666626e-01 6.705404634744951790e-05 9.999336097863456008e-01
-2.455968688845400483e-01 7.068794697753094658e-05 9.999299790885771699e-01
-2.436399217221134617e-01 7.441920459128666815e-05 9.999262512512447909e-01
-2.416829745596868473e-01 7.824781918871668261e-05 9.999224262743492408e-01
-2.397260273972602329e-01 8.217379076982142365e-05 9.999185041578899646e-01
-2.377690802348336185e-01 8.619711933460045758e-05 9.999144849018675174e-01
-2.358121330724069764e-01 9.031780488305400124e-05 9.999103685062816771e-01
-2.338551859099803620e-01 9.453584741518205464e-05 9.999061549711322217e-01
-2.318982387475537754e-01 9.885124693098440093e-05 9.999018442964192621e-01
-2.299412915851271055e-01 1.032640034304614738e-04 9.998974364821433536e-01
-2.279843444227005189e-01 1.077741169136128396e-04 9.998929315283033858e-01
-2.260273972602739045e-01 1.123815873804387151e-04 9.998883294349002471e-01
-2.240704500978472902e-01 1.170864148309391003e-04 9.998836302019338262e-01
-2.221135029354206758e-01 1.218885992651137784e-04 9.998788338294037903e-01
-2.201565557729940892e-01 1.267881406829629663e-04 9.998739403173102502e-01
-2.181996086105674748e-01 1.317850390844868807e-04 9.998689496656534281e-01
-2.162426614481408604e-01 1.368792944696848712e-04 9.998638618744331019e-01
-2.142857142857142461e-01 1.427024675439601212e-04 9.998580461941187769e-01
-2.123287671232876039e-01 1.515919106957973848e-04 9.998491682744106157e-01
-2.103718199608609618e-01 1.608120835172887654e-04 9.998399601421965599e-01
-2.084148727984343474e-01 1.703629860084336124e-04 9.998304217974760544e-01
-2.064579256360077331e-01 1.802446181692327933e-04 9.998205532402497653e-01
-2.045009784735811464e-01 1.904569799996856574e-04 9.998103544705174706e-01
-2.025440313111545321e-01 2.010000714997922048e-04 9.997998254882782820e-01
-2.005870841487279177e-01 2.118738926695528692e-04 9.997889662935333099e-01
-1.986301369863013033e-01 2.230784435089670000e-04 9.997777768862821102e-01
-1.966731898238747167e-01 2.346137240180352478e-04 9.997662572665246827e-01
-1.947162426614481023e-01 2.464797341967578295e-04 9.997544074342611387e-01
-1.927592954990214602e-01 2.586764740451336607e-04 9.997422273894914779e-01
-1.908023483365948458e-01 2.712039435631636089e-04 9.997297171322154785e-01
-1.888454011741682315e-01 2.840621427508468067e-04 9.997168766624331404e-01
-1.868884540117416448e-01 2.972510716081847720e-04 9.997037059801449077e-01
-1.849315068493149750e-01 3.107707301351764206e-04 9.996902050853504473e-01
-1.829745596868883606e-01 3.246211183318217525e-04 9.996763739780498703e-01
-1.810176125244617740e-01 3.388022361981207677e-04 9.996622126582428436e-01
-1.790606653620351596e-01 3.533140837340738999e-04 9.996477211259298112e-01
-1.771037181996085452e-01 3.681566609396811490e-04 9.996328993811103292e-01
-1.751467710371819031e-01 3.833299678149418646e-04 9.996177474237850635e-01
-1.731898238747552887e-01 3.988340043598564803e-04 9.996022652539535702e-01
-1.712328767123286744e-01 4.146687705744252130e-04 9.995864528716158492e-01
-1.692759295499020877e-01 4.308342664586471953e-04 9.995703102767719006e-01
-1.673189823874754734e-01 4.473304920125232946e-04 9.995538374694215022e-01
-1.653620352250488590e-01 4.641574472360541614e-04 9.995370344495652093e-01
-1.634050880626222724e-01 4.813151321292378441e-04 9.995199012172025776e-01
-1.614481409001956025e-01 4.988035466920758606e-04 9.995024377723342734e-01
-1.594911937377690159e-01 5.166226909245675604e-04 9.994846441149589644e-01
-1.575342465753424015e-01 5.347725648267131603e-04 9.994665202450778718e-01
-1.555772994129157316e-01 1.658551435668498535e-03 9.983426712919263313e-01
-1.536203522504891450e-01 2.558600761155670027e-03 9.974425347479858317e-01
-1.516634050880625306e-01 2.759531780089916238e-03 9.972415629724505903e-01
-1.497064579256359163e-01 2.976612077660335635e-03 9.970244531389343967e-01
-1.477495107632093296e-01 3.212227879414196637e-03 9.967888149458379310e-01
-1.457925636007827153e-01 3.474536636701705105e-03 9.965264877520182418e-01
-1.438356164383561009e-01 3.755456934939197574e-03 9.962455517747215161e-01
-1.418786692759294865e-01 4.036377233176688742e-03 9.959646157974249014e-01
-1.399217221135028999e-01 4.349605932889806514e-03 9.956513755297295987e-01
-1.379647749510762300e-01 4.696132319616718939e-03 9.953048418119790908e-01
-1.360078277886495879e-01 5.042658706343634833e-03 9.949583080942289159e-01
-1.340508806262229735e-01 5.423395418078208463e-03 9.945775646513385082e-01
-1.320939334637963869e-01 5.856370272341438095e-03 9.941445839818996433e-01
-1.301369863013697725e-01 6.289345126604669461e-03 9.937116033124606673e-01
-1.281800391389431582e-01 6.745481576778575641e-03 9.932554604386143460e-01
-1.262230919765165438e-01 7.285552368940261848e-03 9.927153810176740922e-01
-1.242661448140899433e-01 7.871247037058656110e-03 9.921296765221563341e-01
-1.223091976516633428e-01 8.503036017305440342e-03 9.914978769822273552e-01
-1.203522504892367284e-01 9.183151790749390087e-03 9.908177521298553447e-01
-1.183953033268100863e-01 9.910301420583338822e-03 9.900905936201718216e-01
-1.164383561643834719e-01 1.068532564206542412e-02 9.893155608437258497e-01
-1.144814090019568714e-01 1.151725897067100435e-02 9.884836206369673750e-01
-1.125244618395302570e-01 1.240120129451562428e-02 9.875996723785281928e-01
-1.105675146771036566e-01 1.333733473306697795e-02 9.866635339486375944e-01
-1.086105675146770005e-01 1.435267409647879820e-02 9.856481904923402038e-01
-1.066536203522504417e-01 1.543333149194904032e-02 9.845675299254700308e-01
-1.046966731898237857e-01 1.657930691947778756e-02 9.834215522480267424e-01
-1.027397260273972268e-01 1.787636010397785150e-02 9.821244951100032150e-01
-1.007827788649705292e-01 1.932345937105562489e-02 9.806773902173717694e-01
-9.882583170254388705e-02 2.093507904781858470e-02 9.790657627999678203e-01
-9.686888454011731431e-02 2.263156989817523279e-02 9.773692643970040006e-01
-9.491193737769067218e-02 2.441339812720500629e-02 9.755874287628928387e-01
-9.295499021526411332e-02 2.628805090682581613e-02 9.737127684798216887e-01
-9.099804305283745731e-02 2.828057773537736089e-02 9.717202352660916365e-01
-8.904109589041089845e-02 3.039862474877667864e-02 9.696021836345531941e-01
-8.708414872798424244e-02 3.263752431426061862e-02 9.673632814649384404e-01
-8.512720156555768358e-02 3.504646723853786783e-02 9.649543364433681436e-01
-8.317025440313102758e-02 3.766521622727728169e-02 9.623355847696117848e-01
-8.121330724070446871e-02 4.049706061404487883e-02 9.595037376117527828e-01
-7.925636007827781271e-02 4.356500632828980146e-02 9.564357888583594480e-01
-7.729941291585125385e-02 4.689264736019310709e-02 9.531081443577046342e-01
-7.534246575342459784e-02 5.050050682640148253e-02 9.495002807248749122e-01
-7.338551859099795571e-02 5.438741443015818189e-02 9.456133684527410210e-01
-7.142857142857129971e-02 5.853092975921261182e-02 9.414698485388384164e-01
-6.947162426614464370e-02 6.295770215418455829e-02 9.370430713296578062e-01
-6.751467710371808484e-02 6.766507629492879428e-02 9.323356923543175689e-01
-6.555772994129142883e-02 7.262926027424015940e-02 9.273715040873757864e-01
-6.360078277886486997e-02 7.786253836913203941e-02 9.221382222074840929e-01
-6.164383561643822090e-02 8.337386755458930931e-02 9.166268898552163424e-01
-5.968688845401166204e-02 8.921742085070212547e-02 9.107833338483373176e-01
-5.772994129158500604e-02 9.540188240820192400e-02 9.045988701533502763e-01
-5.577299412915844717e-02 1.019673795537716920e-01 8.980333713533139584e-01
-5.381604696673179117e-02 1.090380547238456177e-01 8.909626942835916497e-01
-5.185909980430523231e-02 1.166220379761445519e-01 8.833787090287775756e-01
-4.990215264187858324e-02 1.247651813560862466e-01 8.752355633906585552e-01
-4.794520547945192723e-02 1.334713681701179544e-01 8.665293737795998208e-01
-4.598825831702536837e-02 1.427947759358674240e-01 8.572059625510455305e-01
-4.403131115459871237e-02 1.527734625718147610e-01 8.472272716095048395e-01
-4.207436399217215350e-02 1.630659137859356012e-01 8.369348166765806507e-01
-4.011741682974550444e-02 1.737377134199117601e-01 8.262630136170738826e-01
-3.816046966731893864e-02 1.847577185972229807e-01 8.152430054233954504e-01
-3.620352250489228957e-02 1.962239383495230083e-01 8.037767832595090756e-01
-3.424657534246564050e-02 2.081080249598353249e-01 7.918926950213076577e-01
-3.228962818003898450e-02 2.203845646842806094e-01 7.796161546319748670e-01
-3.033268101761242563e-02 2.333756725352178485e-01 7.666250459162047282e-01
-2.837573385518577310e-02 2.471914516334652312e-01 7.528092654512061888e-01
-2.641878669275921077e-02 2.618524654859446521e-01 7.381482497917009056e-01
-2.446183953033255823e-02 2.771342121160307315e-01 7.228665007479098126e-01
-2.250489236790590569e-02 2.929454180995979540e-01 7.070552918231505224e-01
-2.054794520547934683e-02 3.093935361355530933e-01 6.906071703325582511e-01
-1.859099804305269429e-02 3.263652330959851966e-01 6.736354694261844633e-01
-1.663405088062613196e-02 3.437974219843983326e-01 6.562032761128501201e-01
-1.467710371819948116e-02 3.617553459264059024e-01 6.382453472541955719e-01
-1.272015655577291883e-02 3.800832931269569892e-01 6.199173948248732913e-01
-1.076320939334626803e-02 3.986163470045813728e-01 6.013843355965712290e-01
-8.806262230919707432e-03 4.174853214834599591e-01 5.825153554942255063e-01
-6.849315068493054028e-03 4.365493600023367948e-01 5.634513113070037660e-01
-4.892367906066493431e-03 4.555512677180768577e-01 5.444493982941921439e-01
-2.935420743639841328e-03 4.746657399239790909e-01 5.253349208798279157e-01
-9.784735812132805150e-04 4.937608278012287077e-01 5.062398282022561036e-01
9.784735812133715880e-04 5.122963009653852540e-01 4.877043519541507388e-01
2.935420743640114981e-03 5.303505281508709146e-01 4.696501232113099999e-01
4.892367906066675577e-03 5.479178994777849088e-01 4.520827518937006184e-01
6.849315068493328114e-03 5.658213318677781656e-01 4.341793192815479596e-01
8.806262230919889578e-03 5.837748754608796942e-01 4.162257758968572752e-01
1.076320939334654038e-02 6.018390953158232470e-01 3.981615565757357089e-01
1.272015655577310271e-02 6.196492985931509878e-01 3.803513550247531461e-01
1.467710371819975351e-02 6.373627401140011806e-01 3.626379160965483850e-01
1.663405088062631584e-02 6.549678146575597104e-01 3.450328450717804474e-01
1.859099804305296838e-02 6.720179094484046711e-01 3.279827527790457053e-01
2.054794520547952724e-02 6.885575666826211361e-01 3.114430973411084214e-01
2.250489236790617978e-02 7.044902921887054026e-01 2.955103725977274998e-01
2.446183953033274211e-02 7.201083340944474109e-01 2.798923288747111604e-01
2.641878669275939465e-02 7.353284527343549870e-01 2.646722054165808746e-01
2.837573385518604718e-02 7.501089475362949788e-01 2.498917022499967944e-01
3.033268101761260604e-02 7.641896820819653602e-01 2.358109627094043259e-01
3.228962818003926205e-02 7.776088945212881187e-01 2.223917478920969248e-01
3.424657534246582091e-02 7.904190403727979763e-01 2.095816007999822816e-01
3.620352250489246998e-02 8.027043204535049270e-01 1.972963192337058025e-01
3.816046966731912599e-02 8.144734690411585820e-01 1.855271687721251617e-01
4.011741682974577505e-02 8.256983015636732981e-01 1.743023344500388427e-01
4.207436399217233391e-02 8.363627884280755431e-01 1.636378461912685878e-01
4.403131115459898992e-02 8.464601381015472992e-01 1.535404956688090627e-01
4.598825831702554878e-02 8.559984496068109294e-01 1.440021836927749266e-01
4.794520547945220479e-02 8.651121330766726736e-01 1.348884991184635396e-01
4.990215264187876365e-02 8.739177754397913223e-01 1.260828541394996005e-01
5.185909980430541272e-02 8.823159829312123836e-01 1.176846432691163874e-01
5.381604696673206872e-02 8.901878672890385369e-01 1.098127558323257758e-01
5.577299412915862759e-02 8.973521085394980945e-01 1.026485134242868524e-01
5.772994129158528359e-02 9.039375388796241362e-01 9.606308269593183402e-02
5.968688845401184245e-02 9.100829800147430815e-01 8.991763982282749423e-02
6.164383561643849152e-02 9.161498405800657663e-01 8.385077065287822873e-02
6.360078277886505038e-02 9.219099720702678136e-01 7.809062717408407628e-02
6.555772994129170639e-02 9.273340398964694531e-01 7.266654660131934007e-02
6.751467710371826525e-02 9.322841408569857435e-01 6.771644448118568915e-02
6.947162426614492126e-02 9.368402255980856630e-01 6.316036301033536859e-02
7.142857142857148012e-02 9.410839210926049692e-01 5.891667234217878857e-02
7.338551859099813612e-02 9.451345499456738075e-01 5.486604567072259769e-02
7.534246575342477825e-02 9.489134833795873636e-01 5.108711454187058604e-02
7.729941291585143426e-02 9.524877331824070925e-01 4.751286511705728188e-02
7.925636007827809026e-02 9.558804900627730916e-01 4.412010597802655532e-02
8.121330724070464913e-02 9.590638622316594031e-01 4.093672976726939194e-02
8.317025440313130513e-02 9.619414949253423108e-01 3.805909653649245522e-02
8.512720156555786399e-02 9.645336698509405782e-01 3.546692346550935071e-02
8.708414872798452000e-02 9.668660472810013395e-01 3.313454935060883289e-02
8.904109589041107886e-02 9.692253509791970423e-01 3.077524554143032734e-02
9.099804305283773487e-02 9.714723039289077100e-01 2.852829142831858969e-02
9.295499021526429373e-02 9.735843922427274144e-01 2.641620133486428934e-02
9.491193737769093586e-02 9.754879283552120306e-01 2.451266425413650002e-02
9.686888454011750860e-02 9.772242012233814945e-01 2.277639042918179479e-02
9.882583170254415073e-02 9.788582678540143078e-01 2.114232403762107346e-02
1.007827788649707096e-01 9.803917082995425858e-01 1.960888505578751301e-02
1.027397260273973656e-01 9.818106312996033314e-01 1.818996371479444235e-02
1.046966731898240216e-01 9.831164172175346216e-01 1.688417674537916885e-02
1.066536203522505805e-01 9.843083727947944395e-01 1.569221886552344541e-02
1.086105675146772365e-01 9.854266904401431937e-01 1.457389944898041662e-02
1.105675146771037953e-01 9.864740462697360046e-01 1.352654249827867604e-02
1.125244618395304513e-01 9.874408294617025295e-01 1.255975840905415412e-02
1.144814090019570935e-01 9.883385596735441148e-01 1.166202759937637855e-02
1.164383561643837495e-01 9.891826150212457147e-01 1.081797205414497358e-02
1.183953033268103083e-01 9.899609987062849559e-01 1.003958849317978554e-02
1.203522504892369643e-01 9.906759410141217082e-01 9.324646574872173105e-03
1.223091976516635232e-01 9.913584743934990007e-01 8.642113069209683002e-03
1.242661448140901792e-01 9.919911254600695116e-01 8.009461800447297691e-03
1.262230919765167381e-01 9.925738942138329080e-01 7.426692768585068348e-03
1.281800391389433802e-01 9.931190228225195149e-01 6.881563464623384301e-03
1.301369863013700501e-01 9.936252788526889201e-01 6.375306356357685403e-03
1.320939334637966089e-01 9.940896220038635267e-01 5.910961829019303025e-03
1.340508806262232511e-01 9.945164214666363245e-01 5.484160769261629299e-03
1.360078277886498099e-01 9.949138404672754898e-01 5.086740095141076626e-03
1.379647749510764798e-01 9.952804487200261896e-01 4.720130067124466040e-03
1.399217221135030387e-01 9.956186566533784532e-01 4.381920303115031425e-03
1.418786692759296808e-01 9.959318874100682173e-01 4.068687776101732878e-03
1.438356164383562397e-01 9.962222442230429520e-01 3.778329278497849324e-03
1.457925636007828818e-01 9.964922731431762326e-01 3.508298815107782458e-03
1.477495107632094684e-01 9.967445202213408573e-01 3.256050390735992089e-03
1.497064579256361938e-01 9.969815315084099572e-01 3.019038010186886421e-03
1.516634050880628637e-01 9.972058530552563305e-01 2.794715678264908781e-03
1.536203522504894226e-01 9.974116679056692636e-01 2.588900910594708459e-03
1.555772994129160647e-01 9.975919120601033363e-01 2.408658341249795068e-03
1.575342465753426235e-01 9.977561177601592668e-01 2.244455363501449228e-03
1.594911937377692657e-01 9.979052574264681841e-01 2.095319707182128396e-03
1.614481409001958245e-01 9.980403034796606621e-01 1.960279102124315616e-03
1.634050880626224944e-01 9.981622283403670526e-01 1.838361278160473549e-03
1.653620352250490533e-01 9.982720044292190398e-01 1.728593965123083939e-03
1.673189823874756954e-01 9.983821079389292308e-01 1.618495154247381537e-03
1.692759295499022543e-01 9.984911109140626184e-01 1.509494196403970024e-03
1.712328767123289242e-01 9.985980913824307192e-01 1.402514196785499892e-03
1.731898238747554830e-01 9.987048767827196860e-01 1.295727423707505703e-03
1.751467710371821251e-01 9.988132945536161156e-01 1.187306145485506406e-03
1.771037181996087673e-01 9.989251721338062717e-01 1.075422630435035696e-03
1.790606653620353539e-01 9.990176634161007652e-01 9.829275878215416352e-04
1.810176125244619960e-01 9.990970003014632006e-01 9.035879498669220633e-04
1.829745596868885549e-01 9.991685200601932992e-01 8.320654569438572061e-04
1.849315068493151970e-01 9.992319533572695534e-01 7.686295670630612781e-04
1.868884540117418669e-01 9.992870308576696781e-01 7.135497382352606367e-04
1.888454011741685090e-01 9.993334832263713885e-01 6.670954284711712312e-04
1.908023483365950679e-01 9.993820818933085715e-01 6.184970196492049765e-04
1.927592954990217378e-01 9.994305710587561009e-01 5.700101306281729098e-04
1.947162426614482966e-01 9.994772404051400772e-01 5.233449815542339650e-04
1.966731898238749388e-01 9.995227996303623907e-01 4.777921472691767750e-04
1.986301369863014976e-01 9.995679584323253764e-01 4.326422026147995134e-04
2.005870841487281397e-01 9.996134265089308135e-01 3.871857224328890783e-04
2.025440313111548096e-01 9.996420534610048758e-01 3.585603852198334177e-04
2.045009784735813685e-01 9.996579669230567511e-01 3.426413157973074407e-04
2.064579256360080106e-01 9.996640957640074987e-01 3.365015324605033237e-04
2.084148727984345695e-01 9.996595789815716504e-01 3.410011675364739078e-04
2.103718199608612394e-01 9.996435555734639600e-01 3.570003533522726844e-04
2.123287671232877982e-01 9.996151645373991812e-01 3.853592222349507598e-04
2.142857142857144404e-01 9.996358482157898795e-01 3.646645256871806386e-04
2.162426614481409992e-01 9.996814764663054520e-01 3.190354059384816789e-04
2.181996086105676413e-01 9.997383446819003705e-01 2.621699700769209492e-04
2.201565557729942280e-01 9.997898894395185199e-01 2.106290094885528933e-04
2.221135029354208701e-01 9.998152171303700264e-01 1.853028132938706538e-04
2.240704500978475122e-01 9.998310651358237600e-01 1.694566594340699700e-04
2.260273972602741821e-01 9.998381438178650660e-01 1.623801817242185187e-04
2.279843444227008242e-01 9.998535374719863533e-01 1.469889836901970299e-04
2.299412915851273831e-01 9.998677279457647282e-01 1.328012740148933404e-04
2.318982387475540252e-01 9.998807152392001907e-01 1.198170526983054988e-04
2.338551859099806118e-01 9.998898400859870250e-01 1.106935091144253466e-04
2.358121330724072540e-01 9.998948796457836075e-01 1.056533095629252472e-04
2.377690802348338128e-01 9.998967815193897657e-01 1.037495933366911795e-04
2.397260273972604550e-01 9.998976578509930491e-01 1.028709945510048341e-04
2.416829745596870138e-01 9.999025957537770459e-01 9.793227457035409353e-05
2.436399217221136837e-01 9.999081307930421936e-01 9.239659148679922433e-05
2.455968688845402426e-01 9.999142629687877148e-01 8.626394530034152755e-05
2.475538160469668847e-01 9.999209922810143869e-01 7.953433601097948530e-05
2.495107632093934436e-01 9.999283187297215436e-01 7.220776361871461546e-05
2.514677103718200857e-01 9.999362423149095180e-01 6.428422812354496647e-05
2.534246575342467556e-01 9.999419850146801236e-01 5.854063479253683241e-05
2.553816046966733144e-01 9.999451303549266035e-01 5.539329032946851798e-05
2.573385518590999843e-01 9.999475264848920464e-01 5.299478835872530741e-05
2.592954990215265432e-01 9.999491734045762303e-01 5.134512888030720069e-05
2.612524461839531575e-01 9.999500711139794884e-01 5.044431189421484836e-05
2.632093933463798274e-01 9.999502196131013765e-01 5.029233740044759988e-05
2.651663405088064973e-01 9.999496189019423387e-01 5.088920539900523843e-05
2.671232876712330562e-01 9.999542841053292719e-01 4.622370377536542604e-05
2.690802348336597261e-01 9.999612649975673229e-01 3.924413916454698448e-05
2.710371819960862849e-01 9.999694313272806667e-01 3.108002773749606387e-05
2.729941291585128993e-01 9.999787830944695255e-01 2.173136949421266423e-05
2.749510763209394582e-01 9.999893202991333441e-01 1.119816443469721923e-05
2.769080234833661280e-01 1.000001042941272456e+00 -5.195874410520058551e-07
2.788649706457926869e-01 1.000012100066375531e+00 -1.157180282166498340e-05
2.808219178082193568e-01 9.999991580466041086e-01 1.364163548321379454e-06
2.827788649706459712e-01 9.999805581586362901e-01 1.995566779288337686e-05
2.847358121330726410e-01 9.999563004024722979e-01 4.420270991202014145e-05
2.866927592954990889e-01 9.999263847781115766e-01 7.410528990572950482e-05
2.886497064579257588e-01 9.998908112855544594e-01 1.096634077740166711e-04
2.906066536203524286e-01 9.998495799248011684e-01 1.508770635168792552e-04
2.925636007827790430e-01 9.998200482472192618e-01 1.803943644531828643e-04
2.945205479452055464e-01 9.998288086503133165e-01 1.716315823920796547e-04
2.964774951076322163e-01 9.998464806798926796e-01 1.539595932835086459e-04
2.984344422700589416e-01 9.998730643359581283e-01 1.273783971274696208e-04
3.003913894324856115e-01 9.999085596185095515e-01 9.188799392396322999e-05
3.023483365949122259e-01 9.999529665275470602e-01 4.748838367298882299e-05
3.043052837573387293e-01 9.999945274924599836e-01 5.936435269863994321e-06
3.062622309197653436e-01 1.000004131672817875e+00 -3.658748245746745731e-06
3.082191780821920135e-01 1.000008807108057063e+00 -8.323593224973235144e-06
3.101761252446186834e-01 1.000008553798178212e+00 -8.058099667816558120e-06
3.121330724070451312e-01 1.000003371743180880e+00 -2.862267574276280979e-06
3.140900195694718011e-01 9.999981166589724246e-01 2.411214625706653222e-06
3.160469667318984155e-01 1.000003202863734231e+00 -2.645478053283495390e-06
3.180039138943250854e-01 1.000009487839934152e+00 -8.895528323788664052e-06
3.199608610567515332e-01 1.000016971587572634e+00 -1.633893618580776856e-05
3.219178082191782031e-01 1.000025654106649675e+00 -2.497570163934232680e-05
3.238747553816049285e-01 1.000029860574010776e+00 -2.915211855611366497e-05
3.258317025440315429e-01 1.000019647682732327e+00 -1.896188082596648311e-05
3.277886497064582683e-01 1.000004214613180231e+00 -3.569937028850486693e-06
3.297455968688846606e-01 9.999835613653551558e-01 1.702371283523302324e-05
3.317025440313113860e-01 9.999576879392563233e-01 4.281906876628708246e-05
3.336594911937379448e-01 9.999377467548375975e-01 6.269254059928066128e-05
3.356164383561646702e-01 9.999396810459139084e-01 6.074210889796044163e-05
3.375733855185910626e-01 9.999478127774519276e-01 5.260527987480437782e-05
3.395303326810177880e-01 9.999621419494513219e-01 3.828205352981116881e-05
3.414872798434443468e-01 9.999826685619124245e-01 1.777242986298103143e-05
3.434442270058711277e-01 9.999990056356686807e-01 1.460363162234228768e-06
3.454011741682974646e-01 1.000001558812964486e+00 -1.069045032522659283e-06
3.473581213307242455e-01 1.000004111990260514e+00 -3.598453227279981015e-06
3.493150684931508043e-01 1.000006665167556985e+00 -6.127861422037302747e-06
3.512720156555775297e-01 1.000009218344853013e+00 -8.657269616794624478e-06
3.532289628180040886e-01 1.000008094344797760e+00 -7.535765995706237771e-06
3.551859099804306474e-01 1.000002129699583131e+00 -1.608193229844399538e-06
3.571428571428574283e-01 9.999961650543687242e-01 4.319379536018522897e-06
3.590998043052839872e-01 9.999902004091542063e-01 1.024695230188122849e-05
3.610567514677107126e-01 9.999842357639396884e-01 1.617452506774393409e-05
3.630136986301371049e-01 9.999877872663337497e-01 1.263554099715006283e-05
3.649706457925638303e-01 1.000002313068469650e+00 -1.820553286444471369e-06
3.669275929549903892e-01 1.000016838870605218e+00 -1.627664757003900557e-05
3.688845401174171146e-01 1.000031364672741008e+00 -3.073274185363353977e-05
3.708414872798435069e-01 1.000045890474876575e+00 -4.518883613722655609e-05
3.727984344422702323e-01 1.000047856662159562e+00 -4.713603674684084446e-05
3.747553816046967912e-01 1.000037118398175995e+00 -3.643009218173821027e-05
3.767123287671235721e-01 1.000026380134192205e+00 -2.572414761663525083e-05
3.786692759295501309e-01 1.000015641870208860e+00 -1.501820305153229139e-05
3.806262230919766898e-01 1.000004903606225293e+00 -4.312258486430632989e-06
3.825831702544032487e-01 1.000001054651711074e+00 -4.841772574858474454e-07
3.845401174168299741e-01 1.000003318804891572e+00 -2.759047198372995696e-06
3.864970645792565329e-01 1.000005582958072292e+00 -5.033917139260360787e-06
3.884540117416830918e-01 1.000007847111252568e+00 -7.308787080147292198e-06
3.904109589041098727e-01 1.000010111264433066e+00 -9.583657021034657289e-06
3.923679060665364315e-01 1.000008695717917728e+00 -8.173264902389294762e-06
3.943248532289631569e-01 1.000004418917429527e+00 -3.897293639053929157e-06
3.962818003913895493e-01 1.000000142116941326e+00 3.786776242812196075e-07
3.982387475538162747e-01 9.999958653164534583e-01 4.654648887616585212e-06
4.001956947162428335e-01 9.999915885159651463e-01 8.930620150951733976e-06
4.021526418786695589e-01 9.999939897826176649e-01 6.526567272343761737e-06
4.041095890410961178e-01 1.000000931382929670e+00 -4.191498059856338734e-07
4.060665362035226766e-01 1.000007872983241786e+00 -7.364866884314053702e-06
4.080234833659492910e-01 1.000014814583553679e+00 -1.431058396264334089e-05
4.099804305283760164e-01 1.000021756183865573e+00 -2.125630104097241124e-05
4.119373776908025753e-01 1.000012912805396947e+00 -1.241294741221189019e-05
4.138943248532291341e-01 9.999947188014389754e-01 5.783455660354590300e-06
4.158512720156556930e-01 9.999765247974810034e-01 2.397985873292291393e-05
4.178082191780824184e-01 9.999583307935231424e-01 4.217626180549102072e-05
4.197651663405089772e-01 9.999401367895650594e-01 6.037266487805934435e-05
4.217221135029355361e-01 9.999494980774847885e-01 5.101050679015616072e-05
4.236790606653620950e-01 9.999730098004999679e-01 2.749623473564521015e-05
4.256360078277888759e-01 9.999965215235157023e-01 3.981962681134259587e-06
4.275929549902154347e-01 9.999981460633076136e-01 2.433731079600973124e-06
4.295499021526421601e-01 9.999955797836423965e-01 5.091418018948593895e-06
4.315068493150687190e-01 9.999931289015651092e-01 7.630822534146269528e-06
4.334637964774952779e-01 9.999970144972024633e-01 3.675343063082141259e-06
4.354207436399220033e-01 1.000000900092839595e+00 -2.801364079823122702e-07
4.373776908023486176e-01 1.000003897433604738e+00 -3.334088569281593896e-06
4.393346379647751765e-01 1.000003262073827281e+00 -2.701059831581990346e-06
4.412915851272017354e-01 1.000002626714050269e+00 -2.068031093882386796e-06
4.432485322896284607e-01 1.000001991354273034e+00 -1.435002356182783247e-06
4.452054794520550196e-01 1.000001355994495800e+00 -8.019736184831796968e-07
4.471624266144815785e-01 1.000000720634718565e+00 -1.689448807834677269e-07
4.491193737769081373e-01 1.000000522305522832e+00 2.616612852280632284e-08
4.510763209393348627e-01 1.000000676303591352e+00 -1.317653301536377691e-07
4.530332681017614216e-01 1.000000830301659427e+00 -2.896967888300818611e-07
4.549902152641882025e-01 1.000000984299727724e+00 -4.476282475068512137e-07
4.569471624266145393e-01 1.000001138297796022e+00 -6.055597061832953057e-07
4.589041095890413202e-01 1.000001292295864319e+00 -7.634911648598478179e-07
4.608610567514678791e-01 1.000001019977778904e+00 -4.911173315456625679e-07
4.628180039138946045e-01 1.000000705924274147e+00 -1.766175506430619699e-07
4.647749510763211633e-01 1.000000391870769390e+00 1.378822302596470484e-07
4.667318982387477222e-01 1.000000077817264188e+00 4.523820111623560666e-07
4.686888454011745031e-01 9.999997637637594305e-01 7.668817920650650849e-07
4.706457925636010620e-01 9.999994868729682462e-01 1.044001825588032964e-06
4.726027397260276208e-01 9.999993412273546767e-01 1.189110197788792456e-06
4.745596868884541797e-01 9.999992424995880480e-01 1.287026718674462965e-06
4.765166340508809051e-01 9.999991906896682492e-01 1.337751388245152911e-06
4.784735812133074639e-01 9.999991857975953913e-01 1.341284206500753876e-06
4.804305283757341893e-01 9.999992278233690302e-01 1.297625173440940596e-06
4.823874755381605817e-01 9.999993167669896099e-01 1.206774289066255175e-06
4.843444227005873071e-01 9.999994526284570195e-01 1.068731553376589191e-06
4.863013698630138659e-01 9.999996354077713701e-01 8.834969663717258045e-07
4.882583170254406468e-01 9.999998651049325504e-01 6.510705280519902757e-07
4.902152641878670392e-01 1.000000141719940450e+00 3.714522384168405036e-07
4.921722113502937646e-01 1.000000465252795401e+00 4.464209746692700959e-08
4.941291585127203234e-01 1.000000313587005474e+00 1.763982578821370051e-07
4.960861056751470488e-01 1.000000113584692540e+00 3.532325393732025504e-07
4.980430528375734411e-01 9.999998738539723764e-01 5.668065254180870705e-07
5.000000000000002220e-01 9.999995943948447596e-01 8.171202160170074058e-07
