surface concentrations:number of species: 2

species name: S
number of E (V), Co[S] (m/l) couples: 400
0.495	0.001
0.49	0.001
0.485	0.001
0.48	0.001
0.475	0.001
0.47	0.001
0.465	0.001
0.46	0.001
0.455	0.001
0.45	0.001
0.445	0.001
0.44	0.001
0.435	0.001
0.43	0.001
0.425	0.001
0.42	0.001
0.415	0.001
0.41	0.001
0.405	0.001
0.4	0.001
0.395	0.001
0.39	0.001
0.385	0.001
0.38	0.001
0.375	0.001
0.37	0.001
0.365	0.001
0.36	0.001
0.355	0.001
0.35	0.001
0.345	0.001
0.34	0.001
0.335	0.001
0.33	0.001
0.325	0.001
0.32	0.001
0.315	0.001
0.31	0.00099999
0.305	0.00099999
0.3	0.00099999
0.295	0.00099999
0.29	0.00099999
0.285	0.00099999
0.28	0.00099998
0.275	0.00099998
0.27	0.00099998
0.265	0.00099997
0.26	0.00099997
0.255	0.00099996
0.25	0.00099996
0.245	0.00099995
0.24	0.00099994
0.235	0.00099993
0.23	0.00099991
0.225	0.0009999
0.22	0.00099988
0.215	0.00099986
0.21	0.00099983
0.205	0.0009998
0.2	0.00099977
0.195	0.00099973
0.19	0.00099969
0.185	0.00099964
0.18	0.00099958
0.175	0.00099952
0.17	0.00099944
0.165	0.00099936
0.16	0.00099926
0.155	0.00099915
0.15	0.00099903
0.145	0.00099889
0.14	0.00099874
0.135	0.00099856
0.13	0.00099837
0.125	0.00099815
0.12	0.0009979
0.115	0.00099763
0.11	0.00099732
0.105	0.00099698
0.1	0.0009966
0.095	0.00099617
0.09	0.0009957
0.085	0.00099518
0.08	0.0009946
0.075	0.00099395
0.07	0.00099324
0.065	0.00099245
0.06	0.00099158
0.055	0.00099061
0.05	0.00098954
0.045	0.00098836
0.04	0.00098706
0.035	0.00098562
0.03	0.00098404
0.025	0.00098229
0.02	0.00098037
0.015	0.00097825
0.01	0.00097592
0.005	0.00097335
-3.7643E-016	0.00097053
-0.005	0.00096743
-0.01	0.00096403
-0.015	0.00096029
-0.02	0.00095619
-0.025	0.0009517
-0.03	0.00094678
-0.035	0.00094139
-0.04	0.00093551
-0.045	0.00092907
-0.05	0.00092205
-0.055	0.0009144
-0.06	0.00090606
-0.065	0.000897
-0.07	0.00088715
-0.075	0.00087647
-0.08	0.00086491
-0.085	0.00085242
-0.09	0.00083895
-0.095	0.00082445
-0.1	0.00080888
-0.105	0.0007922
-0.11	0.00077438
-0.115	0.00075541
-0.12	0.00073527
-0.125	0.00071396
-0.13	0.00069151
-0.135	0.00066793
-0.14	0.0006433
-0.145	0.00061766
-0.15	0.00059113
-0.155	0.0005638
-0.16	0.00053581
-0.165	0.00050732
-0.17	0.0004785
-0.175	0.00044953
-0.18	0.0004206
-0.185	0.00039192
-0.19	0.00036368
-0.195	0.0003361
-0.2	0.00030935
-0.205	0.00028359
-0.21	0.00025899
-0.215	0.00023565
-0.22	0.00021368
-0.225	0.00019314
-0.23	0.00017406
-0.235	0.00015645
-0.24	0.0001403
-0.245	0.00012555
-0.25	0.00011216
-0.255	0.00010005
-0.26	8.9142E-005
-0.265	7.935E-005
-0.27	7.0585E-005
-0.275	6.2757E-005
-0.28	5.578E-005
-0.285	4.9571E-005
-0.29	4.4051E-005
-0.295	3.915E-005
-0.3	3.4799E-005
-0.305	3.094E-005
-0.31	2.7517E-005
-0.315	2.4482E-005
-0.32	2.1789E-005
-0.325	1.94E-005
-0.33	1.7281E-005
-0.335	1.54E-005
-0.34	1.3729E-005
-0.345	1.2245E-005
-0.35	1.0926E-005
-0.355	9.7539E-006
-0.36	8.7108E-006
-0.365	7.7824E-006
-0.37	6.9558E-006
-0.375	6.2194E-006
-0.38	5.563E-006
-0.385	4.9778E-006
-0.39	4.4557E-006
-0.395	3.9897E-006
-0.4	3.5736E-006
-0.405	3.2019E-006
-0.41	2.8698E-006
-0.415	2.5729E-006
-0.42	2.3073E-006
-0.425	2.0697E-006
-0.43	1.8571E-006
-0.435	1.6667E-006
-0.44	1.4962E-006
-0.445	1.3435E-006
-0.45	1.2066E-006
-0.455	1.0839E-006
-0.46	9.7384E-007
-0.465	8.7516E-007
-0.47	7.8663E-007
-0.475	7.0718E-007
-0.48	6.3587E-007
-0.485	5.7185E-007
-0.49	5.1435E-007
-0.495	4.6271E-007
-0.5	4.1632E-007
-0.495	4.5442E-007
-0.49	4.9684E-007
-0.485	5.4307E-007
-0.48	5.9373E-007
-0.475	6.4924E-007
-0.47	7.1002E-007
-0.465	7.7658E-007
-0.46	8.4946E-007
-0.455	9.2927E-007
-0.45	1.0166E-006
-0.445	1.1123E-006
-0.44	1.2171E-006
-0.435	1.3317E-006
-0.43	1.4573E-006
-0.425	1.5947E-006
-0.42	1.7451E-006
-0.415	1.9098E-006
-0.41	2.09E-006
-0.405	2.2871E-006
-0.4	2.5028E-006
-0.395	2.7387E-006
-0.39	2.9968E-006
-0.385	3.2789E-006
-0.38	3.5874E-006
-0.375	3.9245E-006
-0.37	4.2928E-006
-0.365	4.695E-006
-0.36	5.1342E-006
-0.355	5.6135E-006
-0.35	6.1363E-006
-0.345	6.7064E-006
-0.34	7.3276E-006
-0.335	8.0042E-006
-0.33	8.7406E-006
-0.325	9.5415E-006
-0.32	1.0412E-005
-0.315	1.1357E-005
-0.31	1.2383E-005
-0.305	1.3494E-005
-0.3	1.4698E-005
-0.295	1.5999E-005
-0.29	1.7405E-005
-0.285	1.8922E-005
-0.28	2.0556E-005
-0.275	2.2314E-005
-0.27	2.4203E-005
-0.265	2.6228E-005
-0.26	2.8396E-005
-0.255	3.0712E-005
-0.25	3.3183E-005
-0.245	3.5813E-005
-0.24	3.8607E-005
-0.235	4.1569E-005
-0.23	4.4701E-005
-0.225	4.8007E-005
-0.22	5.1487E-005
-0.215	5.5143E-005
-0.21	5.8973E-005
-0.205	6.2978E-005
-0.2	6.7153E-005
-0.195	7.1496E-005
-0.19	7.6002E-005
-0.185	8.0665E-005
-0.18	8.5481E-005
-0.175	9.0441E-005
-0.17	9.5537E-005
-0.165	0.00010076
-0.16	0.0001061
-0.155	0.00011156
-0.15	0.00011711
-0.145	0.00012275
-0.14	0.00012847
-0.135	0.00013426
-0.13	0.00014012
-0.125	0.00014602
-0.12	0.00015196
-0.115	0.00015794
-0.11	0.00016395
-0.105	0.00016997
-0.1	0.000176
-0.095	0.00018204
-0.09	0.00018809
-0.085	0.00019412
-0.08	0.00020016
-0.075	0.00020619
-0.07	0.0002122
-0.065	0.00021821
-0.06	0.00022422
-0.055	0.00023021
-0.05	0.00023621
-0.045	0.0002422
-0.04	0.0002482
-0.035	0.00025422
-0.03	0.00026025
-0.025	0.00026631
-0.02	0.00027241
-0.015	0.00027856
-0.01	0.00028477
-0.005	0.00029105
-2.897E-016	0.00029741
0.005	0.00030388
0.01	0.00031047
0.015	0.00031719
0.02	0.00032407
0.025	0.00033113
0.03	0.00033838
0.035	0.00034586
0.04	0.00035359
0.045	0.00036158
0.05	0.00036988
0.055	0.0003785
0.06	0.00038747
0.065	0.00039683
0.07	0.00040661
0.075	0.00041682
0.08	0.00042751
0.085	0.0004387
0.09	0.00045041
0.095	0.00046268
0.1	0.00047552
0.105	0.00048894
0.11	0.00050297
0.115	0.0005176
0.12	0.00053284
0.125	0.00054868
0.13	0.00056509
0.135	0.00058206
0.14	0.00059953
0.145	0.00061747
0.15	0.0006358
0.155	0.00065444
0.16	0.00067332
0.165	0.00069233
0.17	0.00071137
0.175	0.00073032
0.18	0.00074906
0.185	0.00076748
0.19	0.00078544
0.195	0.00080285
0.2	0.0008196
0.205	0.00083559
0.21	0.00085076
0.215	0.00086503
0.22	0.00087836
0.225	0.00089074
0.23	0.00090215
0.235	0.0009126
0.24	0.00092213
0.245	0.00093076
0.25	0.00093855
0.255	0.00094554
0.26	0.00095179
0.265	0.00095737
0.27	0.00096232
0.275	0.00096672
0.28	0.00097061
0.285	0.00097405
0.29	0.00097709
0.295	0.00097977
0.3	0.00098213
0.305	0.00098421
0.31	0.00098605
0.315	0.00098766
0.32	0.00098909
0.325	0.00099034
0.33	0.00099145
0.335	0.00099243
0.34	0.00099329
0.345	0.00099405
0.35	0.00099472
0.355	0.00099532
0.36	0.00099584
0.365	0.00099631
0.37	0.00099672
0.375	0.00099708
0.38	0.0009974
0.385	0.00099769
0.39	0.00099794
0.395	0.00099817
0.4	0.00099837
0.405	0.00099855
0.41	0.0009987
0.415	0.00099884
0.42	0.00099897
0.425	0.00099908
0.43	0.00099918
0.435	0.00099927
0.44	0.00099935
0.445	0.00099942
0.45	0.00099948
0.455	0.00099953
0.46	0.00099958
0.465	0.00099963
0.47	0.00099967
0.475	0.0009997
0.48	0.00099973
0.485	0.00099976
0.49	0.00099979
0.495	0.00099981
0.5	0.00099983

species name: P
number of E (V), Co[P] (m/l) couples: 400
0.495	4.2133E-012
0.49	5.1556E-012
0.485	6.2505E-012
0.48	7.5941E-012
0.475	9.2249E-012
0.47	1.1204E-011
0.465	1.3607E-011
0.46	1.6523E-011
0.455	2.0064E-011
0.45	2.4361E-011
0.445	2.9578E-011
0.44	3.5908E-011
0.435	4.359E-011
0.43	5.2911E-011
0.425	6.4218E-011
0.42	7.7934E-011
0.415	9.4569E-011
0.41	1.1474E-010
0.405	1.3919E-010
0.4	1.6883E-010
0.395	2.0475E-010
0.39	2.4827E-010
0.385	3.0097E-010
0.38	3.6478E-010
0.375	4.4202E-010
0.37	5.3547E-010
0.365	6.485E-010
0.36	7.8513E-010
0.355	9.5024E-010
0.35	1.1496E-009
0.345	1.3903E-009
0.34	1.6807E-009
0.335	2.0307E-009
0.33	2.4523E-009
0.325	2.9598E-009
0.32	3.5702E-009
0.315	4.3036E-009
0.31	5.184E-009
0.305	6.2398E-009
0.3	7.5045E-009
0.295	9.0177E-009
0.29	1.0826E-008
0.285	1.2983E-008
0.28	1.5554E-008
0.275	1.8613E-008
0.27	2.2246E-008
0.265	2.6555E-008
0.26	3.1656E-008
0.255	3.7684E-008
0.25	4.4793E-008
0.245	5.3161E-008
0.24	6.299E-008
0.235	7.4513E-008
0.23	8.7991E-008
0.225	1.0372E-007
0.22	1.2204E-007
0.215	1.4333E-007
0.21	1.68E-007
0.205	1.9654E-007
0.2	2.2948E-007
0.195	2.674E-007
0.19	3.1097E-007
0.185	3.609E-007
0.18	4.18E-007
0.175	4.8317E-007
0.17	5.5738E-007
0.165	6.4172E-007
0.16	7.3738E-007
0.155	8.4566E-007
0.15	9.68E-007
0.145	1.106E-006
0.14	1.2614E-006
0.135	1.436E-006
0.13	1.632E-006
0.125	1.8517E-006
0.12	2.0976E-006
0.115	2.3724E-006
0.11	2.6792E-006
0.105	3.0213E-006
0.1	3.4023E-006
0.095	3.8262E-006
0.09	4.2974E-006
0.085	4.8207E-006
0.08	5.4015E-006
0.075	6.0454E-006
0.07	6.7588E-006
0.065	7.5488E-006
0.06	8.4228E-006
0.055	9.3894E-006
0.05	1.0458E-005
0.045	1.1637E-005
0.04	1.294E-005
0.035	1.4377E-005
0.03	1.5962E-005
0.025	1.7709E-005
0.02	1.9633E-005
0.015	2.1752E-005
0.01	2.4085E-005
0.005	2.665E-005
-3.7643E-016	2.9471E-005
-0.005	3.2571E-005
-0.01	3.5975E-005
-0.015	3.9711E-005
-0.02	4.3809E-005
-0.025	4.8301E-005
-0.03	5.3221E-005
-0.035	5.8606E-005
-0.04	6.4494E-005
-0.045	7.0927E-005
-0.05	7.7948E-005
-0.055	8.5602E-005
-0.06	9.3938E-005
-0.065	0.000103
-0.07	0.00011285
-0.075	0.00012353
-0.08	0.00013509
-0.085	0.00014758
-0.09	0.00016105
-0.095	0.00017555
-0.1	0.00019112
-0.105	0.0002078
-0.11	0.00022562
-0.115	0.00024459
-0.12	0.00026473
-0.125	0.00028604
-0.13	0.00030849
-0.135	0.00033207
-0.14	0.0003567
-0.145	0.00038234
-0.15	0.00040887
-0.155	0.0004362
-0.16	0.00046419
-0.165	0.00049268
-0.17	0.0005215
-0.175	0.00055047
-0.18	0.0005794
-0.185	0.00060808
-0.19	0.00063632
-0.195	0.0006639
-0.2	0.00069065
-0.205	0.00071641
-0.21	0.00074101
-0.215	0.00076435
-0.22	0.00078632
-0.225	0.00080686
-0.23	0.00082594
-0.235	0.00084355
-0.24	0.0008597
-0.245	0.00087445
-0.25	0.00088784
-0.255	0.00089995
-0.26	0.00091086
-0.265	0.00092065
-0.27	0.00092941
-0.275	0.00093724
-0.28	0.00094422
-0.285	0.00095043
-0.29	0.00095595
-0.295	0.00096085
-0.3	0.0009652
-0.305	0.00096906
-0.31	0.00097248
-0.315	0.00097552
-0.32	0.00097821
-0.325	0.0009806
-0.33	0.00098272
-0.335	0.0009846
-0.34	0.00098627
-0.345	0.00098775
-0.35	0.00098907
-0.355	0.00099025
-0.36	0.00099129
-0.365	0.00099222
-0.37	0.00099304
-0.375	0.00099378
-0.38	0.00099444
-0.385	0.00099502
-0.39	0.00099554
-0.395	0.00099601
-0.4	0.00099643
-0.405	0.0009968
-0.41	0.00099713
-0.415	0.00099743
-0.42	0.00099769
-0.425	0.00099793
-0.43	0.00099814
-0.435	0.00099833
-0.44	0.0009985
-0.445	0.00099866
-0.45	0.00099879
-0.455	0.00099892
-0.46	0.00099903
-0.465	0.00099912
-0.47	0.00099921
-0.475	0.00099929
-0.48	0.00099936
-0.485	0.00099943
-0.49	0.00099949
-0.495	0.00099954
-0.5	0.00099958
-0.495	0.00099955
-0.49	0.0009995
-0.485	0.00099946
-0.48	0.00099941
-0.475	0.00099935
-0.47	0.00099929
-0.465	0.00099922
-0.46	0.00099915
-0.455	0.00099907
-0.45	0.00099898
-0.445	0.00099889
-0.44	0.00099878
-0.435	0.00099867
-0.43	0.00099854
-0.425	0.00099841
-0.42	0.00099825
-0.415	0.00099809
-0.41	0.00099791
-0.405	0.00099771
-0.4	0.0009975
-0.395	0.00099726
-0.39	0.000997
-0.385	0.00099672
-0.38	0.00099641
-0.375	0.00099608
-0.37	0.00099571
-0.365	0.0009953
-0.36	0.00099487
-0.355	0.00099439
-0.35	0.00099386
-0.345	0.00099329
-0.34	0.00099267
-0.335	0.000992
-0.33	0.00099126
-0.325	0.00099046
-0.32	0.00098959
-0.315	0.00098864
-0.31	0.00098762
-0.305	0.00098651
-0.3	0.0009853
-0.295	0.000984
-0.29	0.00098259
-0.285	0.00098108
-0.28	0.00097944
-0.275	0.00097769
-0.27	0.0009758
-0.265	0.00097377
-0.26	0.0009716
-0.255	0.00096929
-0.25	0.00096682
-0.245	0.00096419
-0.24	0.00096139
-0.235	0.00095843
-0.23	0.0009553
-0.225	0.00095199
-0.22	0.00094851
-0.215	0.00094486
-0.21	0.00094103
-0.205	0.00093702
-0.2	0.00093285
-0.195	0.0009285
-0.19	0.000924
-0.185	0.00091933
-0.18	0.00091452
-0.175	0.00090956
-0.17	0.00090446
-0.165	0.00089924
-0.16	0.0008939
-0.155	0.00088844
-0.15	0.00088289
-0.145	0.00087725
-0.14	0.00087153
-0.135	0.00086574
-0.13	0.00085988
-0.125	0.00085398
-0.12	0.00084804
-0.115	0.00084206
-0.11	0.00083605
-0.105	0.00083003
-0.1	0.000824
-0.095	0.00081796
-0.09	0.00081191
-0.085	0.00080588
-0.08	0.00079984
-0.075	0.00079381
-0.07	0.0007878
-0.065	0.00078179
-0.06	0.00077578
-0.055	0.00076979
-0.05	0.00076379
-0.045	0.0007578
-0.04	0.0007518
-0.035	0.00074578
-0.03	0.00073975
-0.025	0.00073369
-0.02	0.00072759
-0.015	0.00072144
-0.01	0.00071523
-0.005	0.00070895
-2.897E-016	0.00070259
0.005	0.00069612
0.01	0.00068953
0.015	0.00068281
0.02	0.00067593
0.025	0.00066887
0.03	0.00066162
0.035	0.00065414
0.04	0.00064641
0.045	0.00063842
0.05	0.00063012
0.055	0.0006215
0.06	0.00061253
0.065	0.00060317
0.07	0.00059339
0.075	0.00058318
0.08	0.00057249
0.085	0.0005613
0.09	0.00054959
0.095	0.00053732
0.1	0.00052448
0.105	0.00051106
0.11	0.00049703
0.115	0.0004824
0.12	0.00046716
0.125	0.00045132
0.13	0.00043491
0.135	0.00041794
0.14	0.00040047
0.145	0.00038253
0.15	0.0003642
0.155	0.00034556
0.16	0.00032668
0.165	0.00030767
0.17	0.00028863
0.175	0.00026968
0.18	0.00025094
0.185	0.00023252
0.19	0.00021456
0.195	0.00019715
0.2	0.0001804
0.205	0.00016441
0.21	0.00014924
0.215	0.00013497
0.22	0.00012164
0.225	0.00010926
0.23	9.7852E-005
0.235	8.7395E-005
0.24	7.7869E-005
0.245	6.9237E-005
0.25	6.1452E-005
0.255	5.4462E-005
0.26	4.8209E-005
0.265	4.2635E-005
0.27	3.7679E-005
0.275	3.3283E-005
0.28	2.9391E-005
0.285	2.5951E-005
0.29	2.2913E-005
0.295	2.0234E-005
0.3	1.7871E-005
0.305	1.5789E-005
0.31	1.3954E-005
0.315	1.2338E-005
0.32	1.0913E-005
0.325	9.6569E-006
0.33	8.5495E-006
0.335	7.5727E-006
0.34	6.7108E-006
0.345	5.9498E-006
0.35	5.2777E-006
0.355	4.6837E-006
0.36	4.1585E-006
0.365	3.6938E-006
0.37	3.2826E-006
0.375	2.9184E-006
0.38	2.5957E-006
0.385	2.3096E-006
0.39	2.0558E-006
0.395	1.8307E-006
0.4	1.6308E-006
0.405	1.4532E-006
0.41	1.2954E-006
0.415	1.1552E-006
0.42	1.0304E-006
0.425	9.1942E-007
0.43	8.2062E-007
0.435	7.3265E-007
0.44	6.5429E-007
0.445	5.8446E-007
0.45	5.2222E-007
0.455	4.6673E-007
0.46	4.1723E-007
0.465	3.7306E-007
0.47	3.3365E-007
0.475	2.9846E-007
0.48	2.6704E-007
0.485	2.3897E-007
0.49	2.139E-007
0.495	1.9149E-007
0.5	1.7146E-007
