5.000000000000000000e-01 1.000000000000000000e+00 0.000000000000000000e+00
4.980430528375733301e-01 9.999999962235440742e-01 3.776467889629783527e-09
4.960861056751467713e-01 9.999999959240457592e-01 4.075951528308397619e-09
4.941291585127201569e-01 9.999999955884761871e-01 4.411515768671779607e-09
4.921722113502935980e-01 9.999999952511082757e-01 4.748878585602876163e-09
4.902152641878669281e-01 9.999999948321902643e-01 5.167851292394516082e-09
4.882583170254402583e-01 9.999999944046118472e-01 5.595490536162497386e-09
4.863013698630136994e-01 9.999999939770336521e-01 6.023129779930476209e-09
4.843444227005870295e-01 9.999999935494554570e-01 6.450769023698455032e-09
4.823874755381604706e-01 9.999999929091238915e-01 7.091465456138168920e-09
4.804305283757338563e-01 9.999999922182372103e-01 7.782789339351359003e-09
4.784735812133072974e-01 9.999999915273505291e-01 8.474113222564554049e-09
4.765166340508806275e-01 9.999999908364640699e-01 9.165437105777744131e-09
4.745596868884539576e-01 9.999999901455773887e-01 9.856760988990937523e-09
4.726027397260273988e-01 9.999999894546904855e-01 1.054808487220412595e-08
4.706457925636007844e-01 9.999999887638040263e-01 1.123940875541732100e-08
4.686888454011742255e-01 9.999999880729173451e-01 1.193073263863051439e-08
4.667318982387475557e-01 9.999999866687907524e-01 1.333581830937008799e-08
4.647749510763208858e-01 9.999999848200475938e-01 1.518584639311313093e-08
4.628180039138943269e-01 9.999999829713043242e-01 1.703587447685616393e-08
4.608610567514677125e-01 9.999999811225610546e-01 1.888590256059921018e-08
4.589041095890410982e-01 9.999999792738176740e-01 2.073593064434224650e-08
4.569471624266144838e-01 9.999999774250745155e-01 2.258595872808528281e-08
4.549902152641878139e-01 9.999999755763312459e-01 2.443598681182832906e-08
4.530332681017612551e-01 9.999999737275877543e-01 2.628601489557136537e-08
4.510763209393345852e-01 9.999999718788445957e-01 2.813604297931440169e-08
4.491193737769080263e-01 9.999999700301013261e-01 2.998607106305744794e-08
4.471624266144814119e-01 9.999999681813578345e-01 3.183609914680048094e-08
4.452054794520548531e-01 9.999999663326146759e-01 3.368612723054352057e-08
4.432485322896281832e-01 9.999999644838715174e-01 3.553615531428656020e-08
4.412915851272015133e-01 9.999999626351279147e-01 3.738618339802959982e-08
4.393346379647749544e-01 9.999999607863845341e-01 3.923621148177264607e-08
4.373776908023483401e-01 9.999999589376412645e-01 4.108623956551568569e-08
4.354207436399216702e-01 9.999999541610895548e-01 4.586165073891906965e-08
4.334637964774951113e-01 9.999999396924819095e-01 6.032108869188786764e-08
4.315068493150684414e-01 9.999999252238742642e-01 7.478052664485665239e-08
4.295499021526418826e-01 9.999999107552666189e-01 8.923996459782549008e-08
4.275929549902152127e-01 9.999998962866589736e-01 1.036994025507942748e-07
4.256360078277886538e-01 9.999998818180513283e-01 1.181588405037630993e-07
4.236790606653620395e-01 9.999998673494435719e-01 1.326182784567319237e-07
4.217221135029353696e-01 9.999998528808360376e-01 1.470777164097006952e-07
4.197651663405088107e-01 9.999998384122283923e-01 1.615371543626694403e-07
4.178082191780821408e-01 9.999998239436206360e-01 1.759965923156383177e-07
4.158512720156555265e-01 9.999998094750127686e-01 1.904560302686071421e-07
4.138943248532289676e-01 9.999997950064052343e-01 2.049154682215759137e-07
4.119373776908022977e-01 9.999997805377975890e-01 2.193749061745446852e-07
4.099804305283757389e-01 9.999997660691897217e-01 2.338343441275135096e-07
4.080234833659491245e-01 9.999997516005822984e-01 2.482937820804821223e-07
4.060665362035224546e-01 9.999997371319746531e-01 2.627532200334511056e-07
4.041095890410958957e-01 9.999997226633670078e-01 2.772126579864199300e-07
4.021526418786692814e-01 9.999997081947592514e-01 2.916720959393886486e-07
4.001956947162426670e-01 9.999996937261517171e-01 3.061315338923574731e-07
3.982387475538159971e-01 9.999996792575440718e-01 3.205909718453262975e-07
3.962818003913894382e-01 9.999996647889362045e-01 3.350504097982949632e-07
3.943248532289627684e-01 9.999996503203286702e-01 3.495098477512639464e-07
3.923679060665362095e-01 9.999996358517211359e-01 3.639692857042327179e-07
3.904109589041095951e-01 9.999996213831132685e-01 3.784287236572014365e-07
3.884540117416829808e-01 9.999996069145054012e-01 3.928881616101702080e-07
3.864970645792563664e-01 9.999995924458978669e-01 4.073475995631391384e-07
3.845401174168296965e-01 9.999995779772903326e-01 4.218070375161080158e-07
3.825831702544031376e-01 9.999995635086824652e-01 4.362664754690766814e-07
3.806262230919765233e-01 9.999995490400748199e-01 4.507259134220454529e-07
3.786692759295498534e-01 9.999995345714672856e-01 4.651853513750143303e-07
3.767123287671232945e-01 9.999995201028597513e-01 4.796447893279829959e-07
3.747553816046966246e-01 9.999995056342518840e-01 4.941042272809519792e-07
3.727984344422700103e-01 9.999994911656443497e-01 5.085636652339207507e-07
3.708414872798433959e-01 9.999993633494030920e-01 6.363766960030337714e-07
3.688845401174168370e-01 9.999991045971023951e-01 8.951326701976883246e-07
3.669275929549902227e-01 9.999988458448015871e-01 1.153888644392345207e-06
3.649706457925635528e-01 9.999985870925010012e-01 1.412644618586997960e-06
3.630136986301369939e-01 9.999983283402004153e-01 1.671400592781655796e-06
3.610567514677103240e-01 9.999980695878996073e-01 1.930156566976310455e-06
3.590998043052837096e-01 9.999978108355990214e-01 2.188912541170967231e-06
3.571428571428571508e-01 9.999975520832984355e-01 2.447668515365619773e-06
3.551859099804304809e-01 9.999972933309977385e-01 2.706424489560274432e-06
3.532289628180039220e-01 9.999970345786970416e-01 2.965180463754931632e-06
3.512720156555772522e-01 9.999967758263963447e-01 3.223936437949587138e-06
3.493150684931506378e-01 9.999965170740958698e-01 3.482692412144242644e-06
3.473581213307240789e-01 9.999962583217949508e-01 3.741448386338898574e-06
3.454011741682974646e-01 9.999959995694944759e-01 4.000204360533551962e-06
3.434442270058707947e-01 9.999957408171935569e-01 4.258960334728210010e-06
3.414872798434441803e-01 9.999954820648929710e-01 4.517716308922862128e-06
3.395303326810176214e-01 9.999952233125921630e-01 4.776472283117517634e-06
3.375733855185909515e-01 9.999949645602915771e-01 5.035228257312173140e-06
3.356164383561643372e-01 9.999947058079909912e-01 5.293984231506829493e-06
3.336594911937377783e-01 9.999944470556901832e-01 5.552740205701484999e-06
3.317025440313111084e-01 9.999941883033895973e-01 5.811496179896140505e-06
3.297455968688845496e-01 9.999939295510887893e-01 6.070252154090791776e-06
3.277886497064578797e-01 9.999936707987882034e-01 6.329008128285447282e-06
3.258317025440312653e-01 9.999934120464875065e-01 6.587764102480105329e-06
3.238747553816047065e-01 9.999931532941868095e-01 6.846520076674760835e-06
3.219178082191780366e-01 9.999928945418862236e-01 7.105276050869416342e-06
3.199608610567514222e-01 9.999926357895856377e-01 7.364032025064071848e-06
3.180039138943248078e-01 9.999923770372850518e-01 7.622787999258722272e-06
3.160469667318982490e-01 9.999921182849842438e-01 7.881543973453380319e-06
3.140900195694715791e-01 9.999918595326835469e-01 8.140299947648034978e-06
3.121330724070449647e-01 9.999916007803828499e-01 8.399055921842691331e-06
3.101761252446184058e-01 9.999913420280821530e-01 8.657811896037345990e-06
3.082191780821917360e-01 9.999910832757814561e-01 8.916567870232002343e-06
3.062622309197651216e-01 9.999908245234807591e-01 9.175323844426658696e-06
3.043052837573385072e-01 9.999905657711802842e-01 9.434079818621309967e-06
3.023483365949118928e-01 9.999903070188793652e-01 9.692835792815966320e-06
3.003913894324853340e-01 9.999900482665787793e-01 9.951591767010624368e-06
2.984344422700586641e-01 9.999897895142779713e-01 1.021034774120527903e-05
2.964774951076320497e-01 9.999895307619773854e-01 1.046910371539993369e-05
2.945205479452054353e-01 9.999892720096765775e-01 1.072785968959458834e-05
2.925636007827788210e-01 9.999881946329207683e-01 1.180523891503119272e-05
2.906066536203522066e-01 9.999862478881129668e-01 1.375198491364291793e-05
2.886497064579256477e-01 9.999843011433050544e-01 1.569873091225465500e-05
2.866927592954989779e-01 9.999823543984971419e-01 1.764547691086639037e-05
2.847358121330723635e-01 9.999804076536893405e-01 1.959222290947812574e-05
2.827788649706457491e-01 9.999784609088815390e-01 2.153896890808986112e-05
2.808219178082191347e-01 9.999765141640737376e-01 2.348571490670156261e-05
2.788649706457925759e-01 9.999745674192658251e-01 2.543246090531329798e-05
2.769080234833659615e-01 9.999726206744579127e-01 2.737920690392503336e-05
2.749510763209392916e-01 9.999706739296501112e-01 2.932595290253676534e-05
2.729941291585126772e-01 9.999687271848423098e-01 3.127269890114849055e-05
2.710371819960860629e-01 9.999667804400343973e-01 3.321944489976023609e-05
2.690802348336594485e-01 9.999648336952264849e-01 3.516619089837197485e-05
2.671232876712328896e-01 9.999628869504186834e-01 3.711293689698366618e-05
2.651663405088062753e-01 9.999609402056108820e-01 3.905968289559541172e-05
2.632093933463796054e-01 9.999589934608029695e-01 4.100642889420713693e-05
2.612524461839529910e-01 9.999570467159951681e-01 4.295317489281887569e-05
2.592954990215263766e-01 9.999550999711872556e-01 4.489992089143060767e-05
2.573385518590997623e-01 9.999531532263794542e-01 4.684666689004233966e-05
2.553816046966732034e-01 9.999512064815716528e-01 4.879341288865404454e-05
2.534246575342465335e-01 9.999476452776349111e-01 5.235454855844463395e-05
2.514677103718199191e-01 9.999424399870282532e-01 5.755970016623114814e-05
2.495107632093933048e-01 9.999372346964215952e-01 6.276485177401767588e-05
2.475538160469667182e-01 9.999320294058149372e-01 6.797000338180421040e-05
2.455968688845400483e-01 9.999268241152080572e-01 7.317515498959071781e-05
2.436399217221134617e-01 9.999216188246013992e-01 7.838030659737723878e-05
2.416829745596868473e-01 9.999164135339947412e-01 8.358545820516365132e-05
2.397260273972602329e-01 9.999112082433879722e-01 8.879060981295018584e-05
2.377690802348336185e-01 9.999060029527812032e-01 9.399576142073672036e-05
2.358121330724070319e-01 9.999007976621744342e-01 9.920091302852322777e-05
2.338551859099803620e-01 9.998955923715678873e-01 1.044060646363097352e-04
2.318982387475537754e-01 9.998903870809611183e-01 1.096112162440962833e-04
2.299412915851271610e-01 9.998851817903543493e-01 1.148163678518827229e-04
2.279843444227005467e-01 9.998799764997475803e-01 1.200215194596692303e-04
2.260273972602739323e-01 9.998747712091410333e-01 1.252266710674557648e-04
2.240704500978473457e-01 9.998695659185342643e-01 1.304318226752422451e-04
2.221135029354206758e-01 9.998643606279273843e-01 1.356369742830287797e-04
2.201565557729940892e-01 9.998591553373207264e-01 1.408421258908153142e-04
2.181996086105674748e-01 9.998539500467140684e-01 1.460472774986018216e-04
2.162426614481408604e-01 9.998487447561072994e-01 1.512524291063882748e-04
2.142857142857142461e-01 9.998281687250593075e-01 1.718284850158978416e-04
2.123287671232876039e-01 9.997925827842000235e-01 2.074146107507009932e-04
2.103718199608609896e-01 9.997569968433405174e-01 2.430007364855041991e-04
2.084148727984344029e-01 9.997214109024810114e-01 2.785868622203074049e-04
2.064579256360077886e-01 9.996858249616216163e-01 3.141729879551105565e-04
2.045009784735811742e-01 9.996518756485879287e-01 3.481224299319361608e-04
2.025440313111545876e-01 9.996200615213122198e-01 3.799366131811123741e-04
2.005870841487279177e-01 9.995882473940363999e-01 4.117507964302885874e-04
1.986301369863013033e-01 9.995564332667603580e-01 4.435649796794649091e-04
1.966731898238747167e-01 9.995246191394845381e-01 4.753791629286412308e-04
1.947162426614481023e-01 9.994896130163763992e-01 5.103853426077307326e-04
1.927592954990214880e-01 9.994489783363129654e-01 5.510200802956513599e-04
1.908023483365949013e-01 9.994083436562497536e-01 5.916548179835725294e-04
1.888454011741682315e-01 9.993677089761863197e-01 6.322895556714939157e-04
1.868884540117415893e-01 9.993270742961228859e-01 6.729242933594160609e-04
1.849315068493150305e-01 9.992815040996194664e-01 7.184945459821892241e-04
1.829745596868884161e-01 9.992238417758378954e-01 7.761569221938184474e-04
1.810176125244617740e-01 9.991661794520567685e-01 8.338192984054494054e-04
1.790606653620352151e-01 9.991085171282754196e-01 8.914816746170787370e-04
1.771037181996085452e-01 9.990508548044942927e-01 9.491440508287098034e-04
1.751467710371819586e-01 9.989878242021751342e-01 1.012174701365715305e-03
1.731898238747553720e-01 9.988998431975103509e-01 1.100155734671620644e-03
1.712328767123286744e-01 9.988025443742931664e-01 1.197454579218536772e-03
1.692759295499021155e-01 9.986959277325238027e-01 1.304071235006457399e-03
1.673189823874754734e-01 9.985799932722023708e-01 1.420005702035389466e-03
1.653620352250488590e-01 9.984549130046396215e-01 1.545085970858563760e-03
1.634050880626222169e-01 9.983217817898826230e-01 1.678217193294501575e-03
1.614481409001956580e-01 9.981797849779323606e-01 1.820214010513492324e-03
1.594911937377690436e-01 9.980289225687882793e-01 1.971076422515540341e-03
1.575342465753424015e-01 9.978691945624512671e-01 2.130804429300651483e-03
1.555772994129158426e-01 9.977000966392337578e-01 2.299902356949126009e-03
1.536203522504891728e-01 9.975215026746417912e-01 2.478496331553860926e-03
1.516634050880625861e-01 9.973337057252597004e-01 2.666293292814990272e-03
1.497064579256359163e-01 9.971367057910882625e-01 2.863293240732527924e-03
1.477495107632093296e-01 9.969304197032248238e-01 3.069579344283594486e-03
1.457925636007827708e-01 9.967087197891617567e-01 3.291279281493213540e-03
1.438356164383561009e-01 9.964755678711438858e-01 3.524431226549064843e-03
1.418786692759294865e-01 9.962309639491716551e-01 3.769035179451131912e-03
1.399217221135028444e-01 9.959749080232447316e-01 4.025091140199431664e-03
1.379647749510762855e-01 9.957016632614372753e-01 4.298335941493218806e-03
1.360078277886496712e-01 9.954063143443530048e-01 4.593684903391971261e-03
1.340508806262230290e-01 9.950944452909493698e-01 4.905554006184828161e-03
1.320939334637964702e-01 9.947660561012270364e-01 5.233943249871768691e-03
1.301369863013697725e-01 9.944211467751853384e-01 5.578852634452815401e-03
1.281800391389432137e-01 9.939246849226125446e-01 6.075314549653213630e-03
1.262230919765165438e-01 9.933077487983117404e-01 6.692250740781878829e-03
1.242661448140899433e-01 9.925663084488152155e-01 7.433691161291817659e-03
1.223091976516633844e-01 9.918785713232508572e-01 8.121428290381267623e-03
1.203522504892367284e-01 9.912371211506685320e-01 8.762878395515623711e-03
1.183953033268101279e-01 9.906311842033723725e-01 9.368815207525631183e-03
1.164383561643834719e-01 9.899322587639431958e-01 1.006774054292149286e-02
1.144814090019569131e-01 9.891775863268443825e-01 1.082241288265137213e-02
1.125244618395302570e-01 9.883637478791615916e-01 1.163625128986276944e-02
1.105675146771036566e-01 9.874854997427517933e-01 1.251449948687984037e-02
1.086105675146770561e-01 9.865345569300327799e-01 1.346544245434722759e-02
1.066536203522504000e-01 9.855246302512903345e-01 1.447536923960854316e-02
1.046966731898238412e-01 9.844474165679562017e-01 1.555258300700512047e-02
1.027397260273971852e-01 9.833022766818946270e-01 1.669772293297202420e-02
1.007827788649705847e-01 9.820881247566494165e-01 1.791187483072725212e-02
9.882583170254401195e-02 9.807999987931095287e-01 1.920000070163486311e-02
9.686888454011736982e-02 9.794230132839861769e-01 2.057698613062646995e-02
9.491193737769075545e-02 9.779552665085592400e-01 2.204473281988097999e-02
9.295499021526411332e-02 9.763811623317653066e-01 2.361883692933424914e-02
9.099804305283754058e-02 9.746917545697033614e-01 2.530824465860950084e-02
8.904109589041089845e-02 9.728805142021231811e-01 2.711948503337643923e-02
8.708414872798424244e-02 9.709447020234112102e-01 2.905529724341900100e-02
8.512720156555768358e-02 9.688781666938715009e-01 3.112183262891331931e-02
8.317025440313102758e-02 9.666864954958078737e-01 3.331350388908126126e-02
8.121330724070446871e-02 9.643715140419220067e-01 3.562848539159073347e-02
7.925636007827781271e-02 9.619338833361253949e-01 3.806611611305556891e-02
7.729941291585125385e-02 9.593703517450899998e-01 4.062964767101626129e-02
7.534246575342459784e-02 9.566843778808080678e-01 4.331562142573999741e-02
7.338551859099795571e-02 9.538413232905363914e-01 4.615867587998591370e-02
7.142857142857138297e-02 9.508302407833995051e-01 4.916975822219356307e-02
6.947162426614474084e-02 9.476238500867187886e-01 5.237614877532043717e-02
6.751467710371818198e-02 9.441872709760533722e-01 5.581272784393563613e-02
6.555772994129152598e-02 9.404886130118281784e-01 5.951138592670275618e-02
6.360078277886486997e-02 9.365512173904849691e-01 6.344878178363948240e-02
6.164383561643831111e-02 9.323520003076855023e-01 6.764799927590631201e-02
5.968688845401166204e-02 9.279994981744820182e-01 7.200050175994077151e-02
5.772994129158509624e-02 9.235820533915728436e-01 7.641794664340972876e-02
5.577299412915844717e-02 9.190841472402617729e-01 8.091585265781654768e-02
5.381604696673188831e-02 9.143503170157883941e-01 8.564968268847736321e-02
5.185909980430523231e-02 9.094230279250465898e-01 9.057697143481888147e-02
4.990215264187858324e-02 9.042183796588147970e-01 9.578161939524218460e-02
4.794520547945201744e-02 8.986826214128955659e-01 1.013173774724049347e-01
4.598825831702536837e-02 8.927995909399233376e-01 1.072004079462574311e-01
4.403131115459880951e-02 8.865927171302979692e-01 1.134072819711979263e-01
4.207436399217215350e-02 8.800197086979145711e-01 1.199802909064400097e-01
4.011741682974550444e-02 8.732408013926862278e-01 1.267591986294234474e-01
3.816046966731884843e-02 8.662895195835929041e-01 1.337104807028591524e-01
3.620352250489228957e-02 8.591647321954168914e-01 1.408352681914606386e-01
3.424657534246573071e-02 8.518225025797308003e-01 1.481774978077149973e-01
3.228962818003907470e-02 8.442819922219131357e-01 1.557180080422019830e-01
3.033268101761251584e-02 8.364751493566044971e-01 1.635248506984948169e-01
2.837573385518577310e-02 8.284255587914586272e-01 1.715744409556971828e-01
2.641878669275921077e-02 8.200999925167051785e-01 1.799000069180320960e-01
2.446183953033255823e-02 8.114615981620618701e-01 1.885384010547475342e-01
2.250489236790599937e-02 8.025329573224280200e-01 1.974670417088168484e-01
2.054794520547943704e-02 7.932735204073861901e-01 2.067264785331811017e-01
1.859099804305278450e-02 7.837007565660412123e-01 2.162992423517994811e-01
1.663405088062613196e-02 7.738356495182989736e-01 2.261643494172745072e-01
1.467710371819948116e-02 7.637042103343201216e-01 2.362957886253658213e-01
1.272015655577291883e-02 7.533111697458947376e-01 2.466888292380855774e-01
1.076320939334635823e-02 7.426693226701660544e-01 2.573306763215271742e-01
8.806262230919707432e-03 7.317914640242774160e-01 2.682085349417837605e-01
6.849315068493054028e-03 7.206583587851513872e-01 2.793416401783084257e-01
4.892367906066402358e-03 7.092739665776183200e-01 2.907260324096815896e-01
2.935420743639841328e-03 6.976556453961668680e-01 3.023443536142317312e-01
9.784735812131892252e-04 6.858098988544809593e-01 3.141901001758778955e-01
-9.784735812133715880e-04 6.737421606304209165e-01 3.262578384170305434e-01
-2.935420743639932401e-03 6.614552335597769783e-01 3.385447655087336361e-01
-4.892367906066584504e-03 6.489571991965624731e-01 3.510427998906405778e-01
-6.849315068493237041e-03 6.362540147528708001e-01 3.637459843496226863e-01
-8.806262230919889578e-03 6.233516374407939153e-01 3.766483616725543326e-01
-1.076320939334645017e-02 6.102761054751723035e-01 3.897238936456277614e-01
-1.272015655577310271e-02 5.970307374377776810e-01 4.029692616857655230e-01
-1.467710371819966331e-02 5.836215982983341544e-01 4.163784008222196631e-01
-1.663405088062631584e-02 5.700574479789554116e-01 4.299425511321310900e-01
-1.859099804305296838e-02 5.563538546444409816e-01 4.436461444552014521e-01
-2.054794520547952724e-02 5.425296054195105633e-01 4.574703936736930210e-01
-2.250489236790617978e-02 5.285891087155071277e-01 4.714108903721634936e-01
-2.446183953033274211e-02 5.145432606382792651e-01 4.854567384456641710e-01
-2.641878669275930097e-02 5.004031214815729545e-01 4.995968776012835733e-01
-2.837573385518595351e-02 4.862059211245435275e-01 5.137940779500049793e-01
-3.033268101761260604e-02 4.719522719734604022e-01 5.280477270906626108e-01
-3.228962818003926205e-02 4.576560582612639871e-01 5.423439407899950382e-01
-3.424657534246582091e-02 4.433311642208970782e-01 5.566688348147388332e-01
-3.620352250489246998e-02 4.290006257426093317e-01 5.709993732819433898e-01
-3.816046966731903578e-02 4.146859390773787180e-01 5.853140599466468696e-01
-4.011741682974568485e-02 4.004011690392957901e-01 5.995988299945889111e-01
-4.207436399217233391e-02 3.861651599367726950e-01 6.138348391211662092e-01
-4.403131115459889972e-02 3.719969675006798981e-01 6.280030315956891540e-01
-4.598825831702554878e-02 3.579141187409516922e-01 6.420858803848169538e-01
-4.794520547945210764e-02 3.439376135637162712e-01 6.560623855927976145e-01
-4.990215264187876365e-02 3.300878299285212591e-01 6.699121692572722608e-01
-5.185909980430532251e-02 3.163856253451908240e-01 6.836143738650533042e-01
-5.381604696673197852e-02 3.028523368738216259e-01 6.971476623521295490e-01
-5.577299412915862759e-02 2.895097811247843156e-01 7.104902181036614195e-01
-5.772994129158518645e-02 2.763802542587252553e-01 7.236197449539840676e-01
-5.968688845401184245e-02 2.634865319865634659e-01 7.365134671866062632e-01
-6.164383561643840131e-02 2.508370648011986059e-01 7.491629343345531655e-01
-6.360078277886505038e-02 2.384262182127530605e-01 7.615737809446057049e-01
-6.555772994129170639e-02 2.262958348830750310e-01 7.737041643095248222e-01
-6.751467710371826525e-02 2.144650808196544300e-01 7.855349184260065343e-01
-6.947162426614492126e-02 2.029531322092195667e-01 7.970468671119728121e-01
-7.142857142857148012e-02 1.917791754177379238e-01 8.082208240065693605e-01
-7.338551859099813612e-02 1.809624069904138544e-01 8.190375925701702808e-01
-7.534246575342477825e-02 1.705220336516913293e-01 8.294779660843725200e-01
-7.729941291585135099e-02 1.604772723052513284e-01 8.395227276520014215e-01
-7.925636007827799312e-02 1.508023109145489871e-01 8.491976892312307346e-01
-8.121330724070456586e-02 1.414870443911551701e-01 8.585129558623263435e-01
-8.317025440313120799e-02 1.325794184143531396e-01 8.674205819282785335e-01
-8.512720156555776685e-02 1.240907350946982707e-01 8.759092653118190075e-01
-8.708414872798442286e-02 1.160317445169359168e-01 8.839682559208882351e-01
-8.904109589041107886e-02 1.084126447400035331e-01 8.915873556886331208e-01
-9.099804305283763772e-02 1.012430817970289693e-01 8.987569185734090027e-01
-9.295499021526429373e-02 9.453214969533124679e-02 9.054678505587778758e-01
-9.491193737769085259e-02 8.828839041642119745e-02 9.117116096535091696e-01
-9.686888454011750860e-02 8.234674005841408073e-02 9.176532599104252341e-01
-9.882583170254415073e-02 7.671066704997731023e-02 9.232893328936344624e-01
-1.007827788649708067e-01 7.143879010595019508e-02 9.285612098285669358e-01
-1.027397260273973656e-01 6.651713148229765338e-02 9.334828684660599896e-01
-1.046966731898239245e-01 6.192984413095362073e-02 9.380701558616075797e-01
-1.066536203522505805e-01 5.765921169982170247e-02 9.423407883753599501e-01
-1.086105675146771393e-01 5.368221591875587534e-02 9.463177842568506470e-01
-1.105675146771037953e-01 4.996877110313913822e-02 9.500312291263491860e-01
-1.125244618395304513e-01 4.650031285707002110e-02 9.534996874303094394e-01
-1.144814090019570102e-01 4.325020897552764310e-02 9.567497913720344194e-01
-1.164383561643836523e-01 4.018984897284993280e-02 9.598101514351634611e-01
-1.183953033268102251e-01 3.728864408273407927e-02 9.627113563836728893e-01
-1.203522504892368672e-01 3.451402725823565776e-02 9.654859732618774615e-01
-1.223091976516635232e-01 3.207041387726337206e-02 9.679295866514396884e-01
-1.242661448140900821e-01 2.982715363758338054e-02 9.701728468721542153e-01
-1.262230919765168213e-01 2.776012244390575756e-02 9.722398780173162613e-01
-1.281800391389433802e-01 2.585800533619476635e-02 9.741419950428249486e-01
-1.301369863013699391e-01 2.410948735441421215e-02 9.758905129045789550e-01
-1.320939334637964979e-01 2.249830033963052048e-02 9.775016997823572362e-01
-1.340508806262231678e-01 2.099141169987715771e-02 9.790085883735224481e-01
-1.360078277886498932e-01 1.959008175643900743e-02 9.804099182892291875e-01
-1.379647749510764798e-01 1.828102343192914564e-02 9.817189766126739325e-01
-1.399217221135030387e-01 1.705094964896032572e-02 9.829490504270532725e-01
-1.418786692759295975e-01 1.588657333014540513e-02 9.841134268155633524e-01
-1.438356164383562397e-01 1.480951340265359087e-02 9.851904868042974384e-01
-1.457925636007828818e-01 1.383766555978197324e-02 9.861623346588244132e-01
-1.477495107632095517e-01 1.293431635905571871e-02 9.870656838626952201e-01
-1.497064579256361105e-01 1.209209878389152365e-02 9.879079014293901118e-01
-1.516634050880626694e-01 1.130616313603428555e-02 9.886938370537901033e-01
-1.536203522504892283e-01 1.058683219646770410e-02 9.894131679498975318e-01
-1.555772994129159814e-01 9.919237479950179445e-03 9.900807626006618012e-01
-1.575342465753426235e-01 9.298148728371341543e-03 9.907018512608600780e-01
-1.594911937377691824e-01 8.718335683620679830e-03 9.912816641852688626e-01
-1.614481409001957413e-01 8.179200296837682224e-03 9.918207994889418622e-01
-1.634050880626224944e-01 7.675081296013941921e-03 9.923249184340852125e-01
-1.653620352250490533e-01 7.200756893375231428e-03 9.927992428052661023e-01
-1.673189823874756121e-01 6.751680809499677714e-03 9.932483188888392434e-01
-1.692759295499022543e-01 6.337347687360562684e-03 9.936626520007444396e-01
-1.712328767123288131e-01 5.966829107885549335e-03 9.940331705204135115e-01
-1.731898238747555663e-01 5.629747928661167113e-03 9.943702516171345485e-01
-1.751467710371821251e-01 5.325300809117966896e-03 9.946746986256083112e-01
-1.771037181996086840e-01 5.040867852633208919e-03 9.949591314710373169e-01
-1.790606653620353539e-01 4.708582851770875405e-03 9.952914165504918032e-01
-1.810176125244619127e-01 4.353770074918993614e-03 9.956462295135481977e-01
-1.829745596868886381e-01 3.966050343215334235e-03 9.960339495611162386e-01
-1.849315068493151970e-01 3.535044477797763367e-03 9.964649558941053309e-01
-1.868884540117417559e-01 3.333809374471480812e-03 9.966661911336526236e-01
-1.888454011741683425e-01 3.251438780616802693e-03 9.967485617267518583e-01
-1.908023483365949846e-01 3.230851584097746594e-03 9.967691488502155028e-01
-1.927592954990216267e-01 3.082144322794398185e-03 9.969178559842302167e-01
-1.947162426614482966e-01 2.900065014558209087e-03 9.970999351019308454e-01
-1.966731898238748555e-01 2.730558937381532755e-03 9.972694410980219581e-01
-1.986301369863014143e-01 2.578149754155175007e-03 9.974218502746774462e-01
-2.005870841487281397e-01 2.432813861498017705e-03 9.975671861819582764e-01
-2.025440313111546986e-01 2.313990172547636046e-03 9.976860099649731417e-01
-2.045009784735813685e-01 2.195166483597254387e-03 9.978048337479878960e-01
-2.064579256360079274e-01 2.074910993631649304e-03 9.979250892071709345e-01
-2.084148727984344862e-01 1.954180529210473860e-03 9.980458195993938686e-01
-2.103718199608612394e-01 1.846028237984511863e-03 9.981539718745897627e-01
-2.123287671232877982e-01 1.768492353168118862e-03 9.982315078800946262e-01
-2.142857142857143571e-01 1.690956468351728463e-03 9.983090438855994897e-01
-2.162426614481409992e-01 1.579550017901949332e-03 9.984204501787201647e-01
-2.181996086105675581e-01 1.461279553243101294e-03 9.985387204297080377e-01
-2.201565557729943112e-01 1.392150633873482334e-03 9.986078493851791027e-01
-2.221135029354208701e-01 1.406055575733187492e-03 9.985939449014578084e-01
-2.240704500978474289e-01 1.419960517592891783e-03 9.985800404177367362e-01
-2.260273972602740711e-01 1.295494961158989537e-03 9.987045057949412996e-01
-2.279843444227006299e-01 1.157692271111845743e-03 9.988423082443250722e-01
-2.299412915851273831e-01 1.081575014214904845e-03 9.989184253993145246e-01
-2.318982387475539420e-01 1.025672596891779535e-03 9.989743277602016747e-01
-2.338551859099805008e-01 9.753869614072059775e-04 9.990246133170246345e-01
-2.358121330724070597e-01 9.264174809810034154e-04 9.990735827135809322e-01
-2.377690802348338128e-01 8.813376890877762555e-04 9.991186624662440341e-01
-2.397260273972604550e-01 8.368538568538043051e-04 9.991631462660869323e-01
-2.416829745596870138e-01 7.952434297858333896e-04 9.992047566684766347e-01
-2.436399217221135727e-01 7.559555879740218962e-04 9.992440444918440079e-01
-2.455968688845401593e-01 7.188366899691283132e-04 9.992811633772258340e-01
-2.475538160469668847e-01 6.838421910818747590e-04 9.993161578693063873e-01
-2.495107632093934436e-01 6.495821946892292587e-04 9.993504178645357117e-01
-2.514677103718200857e-01 6.168950421897288240e-04 9.993831050216197553e-01
-2.534246575342466445e-01 5.857807335833734551e-04 9.994142193405579633e-01
-2.553816046966732034e-01 5.562756014087948987e-04 9.994437244862116598e-01
-2.573385518590999843e-01 5.286141050357840571e-04 9.994713859824277957e-01
-2.592954990215265432e-01 5.026438018603971922e-04 9.994973562827225155e-01
-2.612524461839531575e-01 4.783646918826364725e-04 9.995216353870957082e-01
-2.632093933463797164e-01 4.557767751024975611e-04 9.995442232955473738e-01
-2.651663405088063308e-01 4.348800515199826265e-04 9.995651200080775123e-01
-2.671232876712330562e-01 4.156745211350899340e-04 9.995843255246864567e-01
-2.690802348336596150e-01 3.981601839478216519e-04 9.996018398453736520e-01
-2.710371819960861739e-01 3.806640809862309183e-04 9.996193359613843032e-01
-2.729941291585128438e-01 3.613840255962869931e-04 9.996386160941372889e-01
-2.749510763209394582e-01 3.427149932717326979e-04 9.996572852219385297e-01
-2.769080234833661280e-01 3.246569840125675989e-04 9.996753433447880255e-01
-2.788649706457926869e-01 3.072099978187916962e-04 9.996927904626855543e-01
-2.808219178082192458e-01 2.903740346904032550e-04 9.997096265756311162e-01
-2.827788649706459156e-01 2.741490946274044438e-04 9.997258516836244890e-01
-2.847358121330725300e-01 2.585351776297922267e-04 9.997414657866663390e-01
-2.866927592954991999e-01 2.462395638291080616e-04 9.997537614559846020e-01
-2.886497064579257588e-01 2.371556748848985784e-04 9.997628452757720829e-01
-2.906066536203523176e-01 2.297456937032267554e-04 9.997702551475540211e-01
-2.925636007827788765e-01 2.240096202840930265e-04 9.997759910713306386e-01
-2.945205479452056019e-01 2.199474546274982588e-04 9.997800530471018243e-01
-2.964774951076322163e-01 2.175591967334420188e-04 9.997824410748673563e-01
-2.984344422700588306e-01 2.168448466019243064e-04 9.997831551546279005e-01
-3.003913894324853895e-01 2.178044042329455553e-04 9.997821952863827910e-01
-3.023483365949119483e-01 1.980914608207323332e-04 9.998019084781150090e-01
-3.043052837573387293e-01 1.699612657950193978e-04 9.998300391517935815e-01
-3.062622309197652881e-01 1.372931060118457065e-04 9.998627079165457454e-01
-3.082191780821919025e-01 1.000869814712099584e-04 9.998999147723726111e-01
-3.101761252446184614e-01 5.834289217311085241e-05 9.999416597192740674e-01
-3.121330724070452423e-01 1.206083811754578641e-05 9.999879427572492263e-01
-3.140900195694718011e-01 -3.875918069547830067e-05 1.000038763886299087e+00
-3.160469667318983600e-01 -9.072956704642316794e-05 1.000090735440947176e+00
-3.180039138943249188e-01 -9.027909931854597586e-05 1.000090285120172950e+00
-3.199608610567515332e-01 -8.080497369662795887e-05 1.000080810994570024e+00
-3.219178082191782031e-01 -6.230719018066738224e-05 1.000062313064137287e+00
-3.238747553816047620e-01 -3.478574877066641438e-05 1.000034791328875405e+00
-3.258317025440315429e-01 1.759350533375812070e-06 9.999982457887837128e-01
-3.277886497064581017e-01 4.732810773145842975e-05 9.999526764438623205e-01
-3.297455968688846606e-01 9.860642259236452808e-05 9.999013974644191949e-01
-3.317025440313113860e-01 1.068363616551688301e-04 9.998931678148945679e-01
-3.336594911937379448e-01 1.104692686460383329e-04 9.998895353385137685e-01
-3.356164383561645037e-01 1.095051435649743374e-04 9.998905000352775740e-01
-3.375733855185910626e-01 1.039439864119751089e-04 9.998960619051848742e-01
-3.395303326810176214e-01 9.378579718704194851e-05 9.999062209482365571e-01
-3.414872798434443468e-01 8.304114701089982536e-05 9.999169662007771908e-01
-3.434442270058709057e-01 7.783330998812872450e-05 9.999221737893877471e-01
-3.454011741682974646e-01 7.184334650505233566e-05 9.999281632721473967e-01
-3.473581213307242455e-01 6.507125656167065883e-05 9.999349346490558066e-01
-3.493150684931508043e-01 5.751704015798282665e-05 9.999424879201133098e-01
-3.512720156555775297e-01 5.083071462170423230e-05 9.999491733462304577e-01
-3.532289628180040886e-01 5.200081210674422846e-05 9.999480035737129402e-01
-3.551859099804306474e-01 5.553383099455482322e-05 9.999444711778231465e-01
-3.571428571428572063e-01 6.142977128513861865e-05 9.999385761585615207e-01
-3.590998043052839872e-01 6.968863297849388003e-05 9.999303185159273966e-01
-3.610567514677105461e-01 7.971541934928940212e-05 9.999202931843435005e-01
-3.630136986301371049e-01 7.718254864810163499e-05 9.999228262452984906e-01
-3.649706457925636638e-01 7.204086564877422785e-05 9.999279678959853701e-01
-3.669275929549902227e-01 6.429037035131021649e-05 9.999357181364035840e-01
-3.688845401174169480e-01 5.393106275570613145e-05 9.999460769665536874e-01
-3.708414872798435069e-01 4.096294286196500850e-05 9.999590443864352363e-01
-3.727984344422702323e-01 3.804973642095380026e-05 9.999619574252622822e-01
-3.747553816046967912e-01 3.843224881357187872e-05 9.999615748746961685e-01
-3.767123287671233500e-01 4.088195517172902790e-05 9.999591251863639840e-01
-3.786692759295501309e-01 4.539885549542394677e-05 9.999546083602659508e-01
-3.806262230919766898e-01 5.198294978465663532e-05 9.999480243964025128e-01
-3.825831702544032487e-01 4.857338887803751629e-05 9.999514338053179241e-01
-3.845401174168298075e-01 3.832841689431921300e-05 9.999616784315634721e-01
-3.864970645792565329e-01 2.466392973082083204e-05 9.999753424751451902e-01
-3.884540117416830918e-01 7.579927387541939704e-06 9.999924259360635226e-01
-3.904109589041096506e-01 -1.292359013551529559e-05 1.000012928814318247e+00
-3.923679060665362095e-01 -1.231478722962765435e-05 1.000012319818827766e+00
-3.943248532289629904e-01 1.297924833015828838e-05 9.999870261166736718e-01
-3.962818003913895493e-01 4.919391427350098406e-05 9.999508120045976778e-01
-3.982387475538162747e-01 9.632921060039479483e-05 9.999036774825992291e-01
-4.001956947162428335e-01 1.543851373108427565e-04 9.998456225506784367e-01
-4.021526418786693924e-01 1.727450829698737832e-04 9.998272630319579024e-01
-4.041095890410959512e-01 1.310776656796041641e-04 9.998689299552829812e-01
-4.060665362035226766e-01 8.941024838933237656e-05 9.999105968786079490e-01
-4.080234833659492910e-01 4.774283109906232378e-05 9.999522638019333609e-01
-4.099804305283758499e-01 1.714444645942213644e-05 9.999828617657541274e-01
-4.119373776908024087e-01 1.643095126301280864e-05 9.999835750376182553e-01
-4.138943248532291341e-01 1.571745606660304717e-05 9.999842883094820500e-01
-4.158512720156556930e-01 1.500396087019328570e-05 9.999850015813462889e-01
-4.178082191780822519e-01 1.447066637759019531e-05 9.999855347742414580e-01
-4.197651663405089772e-01 1.397375544817192408e-05 9.999860316081525813e-01
-4.217221135029355361e-01 1.347684451875365286e-05 9.999865284420637046e-01
-4.236790606653623170e-01 1.295682349324424679e-05 9.999870483828201539e-01
-4.256360078277888759e-01 1.240121933059187484e-05 9.999876039017084883e-01
-4.275929549902154347e-01 1.184561516793950289e-05 9.999881594205966007e-01
-4.295499021526419936e-01 1.129001100528669727e-05 9.999887149394849351e-01
-4.315068493150685525e-01 1.069559756120908381e-05 9.999893092687662799e-01
-4.334637964774952779e-01 1.008129833133478842e-05 9.999899234844034090e-01
-4.354207436399218367e-01 9.448510193271753010e-06 9.999905561894786299e-01
-4.373776908023483956e-01 8.797233147020844940e-06 9.999912073839913873e-01
-4.393346379647749544e-01 8.127467192582931571e-06 9.999918770679422364e-01
-4.412915851272017354e-01 7.439212329955410818e-06 9.999925652413311772e-01
-4.432485322896284607e-01 6.808862323524726701e-06 9.999931955150938023e-01
-4.452054794520550196e-01 7.201502541748314862e-06 9.999928028632464327e-01
-4.471624266144815785e-01 7.853924994066525250e-06 9.999921504468169964e-01
-4.491193737769081373e-01 8.766129680481092590e-06 9.999912382658060483e-01
-4.510763209393348627e-01 9.938116600990282157e-06 9.999900663202131446e-01
-4.530332681017614216e-01 1.136988575559539499e-05 9.999886346100387291e-01
-4.549902152641879804e-01 1.306143714429686478e-05 9.999869431352825799e-01
-4.569471624266145393e-01 1.345550701217562359e-05 9.999865490736030704e-01
-4.589041095890410982e-01 6.665885973991536595e-06 9.999933383089556482e-01
-4.608610567514678791e-01 -2.037691528764245391e-06 1.000002041398245556e+00
-4.628180039138944379e-01 -1.265522549609258973e-05 1.000012658341473237e+00
-4.647749510763211633e-01 -2.518671592799154486e-05 1.000025189138638471e+00
-4.667318982387477222e-01 -3.963216282446327919e-05 1.000039633789741478e+00
-4.686888454011742811e-01 -5.599156618550627483e-05 1.000055992294781593e+00
-4.706457925636010620e-01 -6.818590701693932367e-05 1.000068185895370165e+00
-4.726027397260276208e-01 -6.628416026526417169e-05 1.000066283992190108e+00
-4.745596868884541797e-01 -6.111617171612022080e-05 1.000061115966758063e+00
-4.765166340508807385e-01 -5.268194136950790467e-05 1.000052681819073808e+00
-4.784735812133072974e-01 -4.098146922542592226e-05 1.000040981549137564e+00
-4.804305283757340228e-01 -2.601475528387449040e-05 1.000026015156949111e+00
-4.823874755381605817e-01 -7.781799544854693315e-06 1.000007782642508891e+00
-4.843444227005871405e-01 4.601160907379128404e-06 9.999954019312324860e-01
-4.863013698630138659e-01 6.711162392123576348e-06 9.999932962809490178e-01
-4.882583170254404248e-01 8.821163876868457973e-06 9.999911906306655496e-01
-4.902152641878672057e-01 1.093116536161312276e-05 9.999890849803818593e-01
-4.921722113502937646e-01 1.304116684635778754e-05 9.999869793300987242e-01
-4.941291585127203234e-01 1.515116833110266917e-05 9.999848736798150339e-01
-4.960861056751468823e-01 1.511285143373066256e-05 9.999849131841080929e-01
-4.980430528375736077e-01 8.974283362711468065e-06 9.999910439557997410e-01
-5.000000000000002220e-01 2.835715291692707252e-06 9.999971747274917222e-01
-5.000000000000000000e-01 2.835715291692707252e-06 9.999971747274917222e-01
-4.980430528375733301e-01 2.687031419928423079e-06 9.999973206539627402e-01
-4.960861056751467713e-01 2.784880664225388228e-06 9.999972220449037108e-01
-4.941291585127201569e-01 2.888142858259229104e-06 9.999971183807645492e-01
-4.921722113502935980e-01 2.991674732134895834e-06 9.999970144643511860e-01
-4.902152641878669281e-01 3.106321710327113531e-06 9.999968996063544058e-01
-4.882583170254402583e-01 3.222149053580015965e-06 9.999967835864193022e-01
-4.863013698630136994e-01 3.337976396832267878e-06 9.999966675664844207e-01
-4.843444227005870295e-01 3.453803740084953472e-06 9.999965515465496502e-01
-4.823874755381604706e-01 3.582462903804284685e-06 9.999964228009735612e-01
-4.804305283757338563e-01 3.714171212980789741e-06 9.999962910314825759e-01
-4.784735812133072974e-01 3.845879522157294797e-06 9.999961592619914796e-01
-4.765166340508806275e-01 3.977587831334016694e-06 9.999960274925006054e-01
-4.745596868884539576e-01 4.136498822675509918e-06 9.999958685061349772e-01
-4.726027397260273988e-01 4.306413146128564365e-06 9.999956985106970286e-01
-4.706457925636007844e-01 4.476327469581618812e-06 9.999955285152588580e-01
-4.686888454011742255e-01 4.646241793034456419e-06 9.999953585198206873e-01
-4.667318982387475557e-01 4.816156116487510866e-06 9.999951885243825167e-01
-4.647749510763208858e-01 4.986070439940565313e-06 9.999950185289444571e-01
-4.628180039138943269e-01 5.155984763393619760e-06 9.999948485335063975e-01
-4.608610567514677125e-01 5.325899086846457367e-06 9.999946785380683378e-01
-4.589041095890410982e-01 5.521574149000129522e-06 9.999944827967759409e-01
-4.569471624266144838e-01 5.741028354568772363e-06 9.999942632900795658e-01
-4.549902152641878139e-01 5.960482560137415203e-06 9.999940437833833018e-01
-4.530332681017612551e-01 6.179936765705841203e-06 9.999938242766869267e-01
-4.510763209393345852e-01 6.399390971274700884e-06 9.999936047699906627e-01
-4.491193737769080263e-01 6.618845176843560565e-06 9.999933852632942877e-01
-4.471624266144814119e-01 6.838299382412420246e-06 9.999931657565979126e-01
-4.452054794520548531e-01 7.063993302834159840e-06 9.999929399987050882e-01
-4.432485322896281832e-01 7.325836875609909732e-06 9.999926780246402025e-01
-4.412915851272015133e-01 7.587680448386310145e-06 9.999924160505754278e-01
-4.393346379647749544e-01 7.849524021162710558e-06 9.999921540765108752e-01
-4.373776908023483401e-01 8.111367593938460449e-06 9.999918921024461005e-01
-4.354207436399216702e-01 8.373211166714860862e-06 9.999916301283815478e-01
-4.334637964774951113e-01 8.635054739491044434e-06 9.999913681543168842e-01
-4.315068493150684414e-01 8.896898312267011166e-06 9.999911061802519985e-01
-4.295499021526418826e-01 9.209207358126586182e-06 9.999907937736751684e-01
-4.275929549902152127e-01 9.536218122384396839e-06 9.999904666749817039e-01
-4.256360078277886538e-01 9.863228886641773815e-06 9.999901395762884615e-01
-4.236790606653620395e-01 1.019023965089915079e-05 9.999898124775952191e-01
-4.217221135029353696e-01 1.051725041515696145e-05 9.999894853789017546e-01
-4.197651663405088107e-01 1.084426117941433843e-05 9.999891582802085122e-01
-4.178082191780821408e-01 1.117127194367214908e-05 9.999888311815152697e-01
-4.158512720156555265e-01 1.152581365708319275e-05 9.999884765602642389e-01
-4.138943248532289676e-01 1.193373662014573545e-05 9.999880685740338837e-01
-4.119373776908022977e-01 1.235929519759551565e-05 9.999876429575644821e-01
-4.099804305283757389e-01 1.280248938943144912e-05 9.999871997108562560e-01
-4.080234833659491245e-01 1.326331919565353588e-05 9.999867388339085394e-01
-4.060665362035224546e-01 1.374178461626286013e-05 9.999862603267219985e-01
-4.041095890410958957e-01 1.423788565125855450e-05 9.999857641892964111e-01
-4.021526418786692814e-01 1.475162230064018531e-05 9.999852504216314442e-01
-4.001956947162426670e-01 1.528299456440861993e-05 9.999847190237274308e-01
-3.982387475538159971e-01 1.583200244256342468e-05 9.999841699955844820e-01
-3.962818003913894382e-01 1.639864593510525007e-05 9.999836033372024868e-01
-3.943248532289627684e-01 1.698292504203322874e-05 9.999830190485813342e-01
-3.923679060665362095e-01 1.758483976334714385e-05 9.999824171297211350e-01
-3.904109589041095951e-01 1.820439009904851330e-05 9.999817975806217785e-01
-3.884540117416829808e-01 1.884157604913603602e-05 9.999811604012833754e-01
-3.864970645792563664e-01 1.951509054911758009e-05 9.999804868647249600e-01
-3.845401174168296965e-01 2.021910691116192080e-05 9.999797828082463980e-01
-3.825831702544031376e-01 2.094445919516014880e-05 9.999790574144820088e-01
-3.806262230919765233e-01 2.169114740111313146e-05 9.999783106834314594e-01
-3.786692759295498534e-01 2.245917152902000141e-05 9.999775426150950830e-01
-3.767123287671232945e-01 2.324853157888075866e-05 9.999767532094724354e-01
-3.747553816046966246e-01 2.405922755069648741e-05 9.999759424665638496e-01
-3.727984344422700103e-01 2.489125944446588662e-05 9.999751103863694368e-01
-3.708414872798433959e-01 2.574462726018982364e-05 9.999742569688885307e-01
-3.688845401174168370e-01 2.661933099786829848e-05 9.999733822141220196e-01
-3.669275929549902227e-01 2.751537065750001010e-05 9.999724861220695704e-01
-3.649706457925635528e-01 2.843274623908691005e-05 9.999715686927308500e-01
-3.630136986301369939e-01 2.937145774262704678e-05 9.999706299261061915e-01
-3.610567514677103240e-01 3.033150516812258869e-05 9.999696698221957059e-01
-3.590998043052837096e-01 3.131288851557158422e-05 9.999686883809988380e-01
-3.571428571428571508e-01 3.235709248273197815e-05 9.999676441328915200e-01
-3.551859099804304809e-01 3.343227553656287314e-05 9.999665689078374164e-01
-3.532289628180039220e-01 3.453461560972456539e-05 9.999654665265150788e-01
-3.512720156555772522e-01 3.566411270221640437e-05 9.999643369889239519e-01
-3.493150684931506378e-01 3.682076681403839008e-05 9.999631802950648130e-01
-3.473581213307240789e-01 3.800457794519095621e-05 9.999619964449372178e-01
-3.454011741682974646e-01 3.921554609567366907e-05 9.999607854385412775e-01
-3.434442270058707947e-01 4.045367126548674551e-05 9.999595472758771031e-01
-3.414872798434441803e-01 4.171895345462975184e-05 9.999582819569446945e-01
-3.395303326810176214e-01 4.301139266310312174e-05 9.999569894817439408e-01
-3.375733855185909515e-01 4.433098889090750575e-05 9.999556698502747309e-01
-3.356164383561643372e-01 4.567774213804138596e-05 9.999543230625369539e-01
-3.336594911937377783e-01 4.705165240450606343e-05 9.999529491185311647e-01
-3.317025440313111084e-01 4.845271969030088763e-05 9.999515480182568083e-01
-3.297455968688845496e-01 5.007282194451610248e-05 9.999499278855652484e-01
-3.277886497064578797e-01 5.278346691404457725e-05 9.999472172208838661e-01
-3.258317025440312653e-01 5.567744284102889123e-05 9.999443232274611848e-01
-3.238747553816047065e-01 5.875474972546774338e-05 9.999412459052965385e-01
-3.219178082191780366e-01 6.201538756736200107e-05 9.999379852543905933e-01
-3.199608610567514222e-01 6.545935636671209798e-05 9.999345412747432382e-01
-3.180039138943248078e-01 6.908665612351673306e-05 9.999309139663543622e-01
-3.160469667318982490e-01 7.289728683777720736e-05 9.999271033292240762e-01
-3.140900195694715791e-01 7.689124850949221983e-05 9.999231093633521583e-01
-3.121330724070449647e-01 8.106854113866350520e-05 9.999189320687387195e-01
-3.101761252446184058e-01 8.542916472528932874e-05 9.999145714453836487e-01
-3.082191780821917360e-01 8.997311926937055782e-05 9.999100274932872789e-01
-3.062622309197651216e-01 9.470040477090697559e-05 9.999053002124492773e-01
-3.043052837573385072e-01 9.961102122989858206e-05 9.999003896028697547e-01
-3.023483365949118928e-01 1.047049686463458109e-04 9.998952956645486001e-01
-3.003913894324853340e-01 1.099822470202480116e-04 9.998900183974859246e-01
-2.984344422700586641e-01 1.154428563516058347e-04 9.998845578016819502e-01
-2.964774951076320497e-01 1.210867966404184128e-04 9.998789138771366769e-01
-2.945205479452054353e-01 1.269140678866863964e-04 9.998730866238494386e-01
-2.925636007827788210e-01 1.329246700904100024e-04 9.998670760418209014e-01
-2.906066536203522066e-01 1.391186032515890139e-04 9.998608821310506212e-01
-2.886497064579256477e-01 1.454958673702227805e-04 9.998545048915391531e-01
-2.866927592954989779e-01 1.520564624463119525e-04 9.998479443232859420e-01
-2.847358121330723635e-01 1.588003884798560965e-04 9.998412004262913211e-01
-2.827788649706457491e-01 1.657276454708560796e-04 9.998342732005551792e-01
-2.808219178082191347e-01 1.728382334193106010e-04 9.998271626460776274e-01
-2.788649706457925759e-01 1.801321523252211784e-04 9.998198687628583325e-01
-2.769080234833659615e-01 1.876094021885865108e-04 9.998123915508976278e-01
-2.749510763209392916e-01 1.952699830094076824e-04 9.998047310101954022e-01
-2.729941291585126772e-01 2.031138947876833922e-04 9.997968871407514335e-01
-2.710371819960860629e-01 2.128471842885899801e-04 9.997871538729006247e-01
-2.690802348336594485e-01 2.237310083642069132e-04 9.997762700597083718e-01
-2.671232876712328896e-01 2.349660895733698528e-04 9.997650349893444366e-01
-2.651663405088062753e-01 2.465524279160798832e-04 9.997534486618085969e-01
-2.632093933463796054e-01 2.584900233923354863e-04 9.997415110771010749e-01
-2.612524461839529910e-01 2.707788760021381802e-04 9.997292222352219815e-01
-2.592954990215263766e-01 2.834189857454868806e-04 9.997165821361712057e-01
-2.573385518590997623e-01 2.964103526223824548e-04 9.997035907799487475e-01
-2.553816046966732034e-01 3.097529766328236019e-04 9.996902481665548290e-01
-2.534246575342465335e-01 3.234468577768118396e-04 9.996765542959887840e-01
-2.514677103718199191e-01 3.374919960543465176e-04 9.996625091682513897e-01
-2.495107632093933048e-01 3.518883914654272020e-04 9.996481127833420910e-01
-2.475538160469667182e-01 3.666360440100545435e-04 9.996333651412611099e-01
-2.455968688845400483e-01 3.817349536882283251e-04 9.996182662420086684e-01
-2.436399217221134617e-01 3.971851204999483301e-04 9.996028160855841005e-01
-2.416829745596868473e-01 4.129865444452149922e-04 9.995870146719882943e-01
-2.397260273972602329e-01 4.291392255240280944e-04 9.995708620012205836e-01
-2.377690802348336185e-01 4.456431637363874199e-04 9.995543580732813016e-01
-2.358121330724070319e-01 4.624983590822929688e-04 9.995375028881703372e-01
-2.338551859099803620e-01 4.797048115617458253e-04 9.995202964458874684e-01
-2.318982387475537754e-01 4.972625211747444714e-04 9.995027387464330282e-01
-2.299412915851271610e-01 5.151714879212886903e-04 9.994848297898069056e-01
-2.279843444227005467e-01 5.334317118013806504e-04 9.994665695760091007e-01
-2.260273972602739323e-01 5.520431928150186171e-04 9.994479581050396133e-01
-2.240704500978473457e-01 5.710059309622028071e-04 9.994289953768984436e-01
-2.221135029354206758e-01 5.903199262429334373e-04 9.994096813915855915e-01
-2.201565557729940892e-01 6.133162424262509835e-04 9.993866850844149718e-01
-2.181996086105674748e-01 6.597345975266845266e-04 9.993402667319357668e-01
-2.162426614481408604e-01 7.084032733541763445e-04 9.992915980581681401e-01
-2.142857142857142461e-01 7.593222699087262204e-04 9.992406790631123137e-01
-2.123287671232876039e-01 8.124915871903339373e-04 9.991875097467686206e-01
-2.103718199608609896e-01 8.679112251990001459e-04 9.991320901091366169e-01
-2.084148727984344029e-01 9.255811839347252799e-04 9.990744201502166355e-01
-2.064579256360077886e-01 9.855014633975071707e-04 9.990144998700083434e-01
-2.045009784735811742e-01 1.047672063587346252e-03 9.989523292685120737e-01
-2.025440313111545876e-01 1.112092984504244476e-03 9.988879083457274932e-01
-2.005870841487279177e-01 1.178764226148200107e-03 9.988212371016549351e-01
-1.986301369863013033e-01 1.247685788519214446e-03 9.987523155362937333e-01
-1.966731898238747167e-01 1.318857671617286627e-03 9.986811436496445538e-01
-1.947162426614481023e-01 1.394884581006902192e-03 9.986051167540749285e-01
-1.927592954990214880e-01 1.479963731507928388e-03 9.985200376636604869e-01
-1.908023483365949013e-01 1.568596427120491979e-03 9.984314050365452609e-01
-1.888454011741682315e-01 1.660782667844590364e-03 9.983392188727291394e-01
-1.868884540117415893e-01 1.756522453680225710e-03 9.982434791722127887e-01
-1.849315068493150305e-01 1.855815784627393248e-03 9.981441859349953205e-01
-1.829745596868884161e-01 1.958662660686095146e-03 9.980413391610778451e-01
-1.810176125244617740e-01 2.065063081856336174e-03 9.979349388504592522e-01
-1.790606653620352151e-01 2.175017048138109393e-03 9.978249850031402080e-01
-1.771037181996085452e-01 2.288524559531421310e-03 9.977114776191204903e-01
-1.751467710371819586e-01 2.405585616036265417e-03 9.975944166984003214e-01
-1.731898238747553720e-01 2.526200217652642150e-03 9.974738022409792570e-01
-1.712328767123286744e-01 2.650368364380560615e-03 9.973496342468575193e-01
-1.692759295499021155e-01 2.822140549942317271e-03 9.971778620891142975e-01
-1.673189823874754734e-01 3.055955935380669578e-03 9.969440465630465820e-01
-1.653620352250488590e-01 3.301543457903867700e-03 9.966984588834524317e-01
-1.634050880626222169e-01 3.533028401615717368e-03 9.964669738444623670e-01
-1.614481409001956580e-01 3.761866288246878184e-03 9.962381358897087757e-01
-1.594911937377690436e-01 3.988057117797358386e-03 9.960119450191925461e-01
-1.575342465753424015e-01 4.211600890267167517e-03 9.957884012329130119e-01
-1.555772994129158426e-01 4.464518131066995583e-03 9.955354839656560539e-01
-1.536203522504891728e-01 4.741310992586796058e-03 9.952586910718659308e-01
-1.516634050880625861e-01 5.032291238743743025e-03 9.949677107996685033e-01
-1.497064579256359163e-01 5.337458869537852098e-03 9.946625431490634384e-01
-1.477495107632093296e-01 5.662654552796792320e-03 9.943373474492640529e-01
-1.457925636007827708e-01 6.028464763862771518e-03 9.939715372144952710e-01
-1.438356164383561009e-01 6.419298205795152985e-03 9.935807037495983929e-01
-1.418786692759294865e-01 6.835154878593915906e-03 9.931648470545741958e-01
-1.399217221135028444e-01 7.276034782259080229e-03 9.927239671294223466e-01
-1.379647749510762855e-01 7.755757668338152458e-03 9.922442442240635430e-01
-1.360078277886496712e-01 8.271931919392207927e-03 9.917280699556833001e-01
-1.340508806262230290e-01 8.820388362728987658e-03 9.911796134965302763e-01
-1.320939334637964702e-01 9.401126998348462160e-03 9.905988748466045823e-01
-1.301369863013697725e-01 1.001876665520294585e-02 9.899812351768453311e-01
-1.281800391389432137e-01 1.069278291709539058e-02 9.893072189029913366e-01
-1.262230919765165438e-01 1.141499648256186564e-02 9.885850053266989068e-01
-1.242661448140899433e-01 1.218818567570044767e-02 9.878118161238043093e-01
-1.223091976516633844e-01 1.301512882060926884e-02 9.869848729701444778e-01
-1.203522504892367284e-01 1.389718172422472163e-02 9.861028200576660296e-01
-1.183953033268101279e-01 1.483695765108861836e-02 9.851630441216392420e-01
-1.164383561643834719e-01 1.583738862958786187e-02 9.841626131337251060e-01
-1.144814090019569131e-01 1.690102277617752669e-02 9.830989789772339726e-01
-1.125244618395302570e-01 1.803058099676778381e-02 9.819694207465439195e-01
-1.105675146771036566e-01 1.922933737059201453e-02 9.807706643643885336e-01
-1.086105675146770561e-01 2.049953507895612217e-02 9.795004666483009270e-01
-1.066536203522504000e-01 2.184382589128243402e-02 9.781561758289376574e-01
-1.046966731898238412e-01 2.326486157699312468e-02 9.767351401369557262e-01
-1.027397260273971852e-01 2.478540186645770624e-02 9.752145998389865067e-01
-1.007827788649705847e-01 2.641040130585137202e-02 9.735896003885806671e-01
-9.882583170254401195e-02 2.814035163445546828e-02 9.718596500468669186e-01
-9.686888454011736982e-02 2.998115556052964939e-02 9.700188461051664213e-01
-9.491193737769075545e-02 3.193871579233335811e-02 9.680612858548013344e-01
-9.295499021526411332e-02 3.401810681541361098e-02 9.659818948128456872e-01
-9.099804305283754058e-02 3.622173639445329385e-02 9.637782652270234784e-01
-8.904109589041089845e-02 3.855733756012708069e-02 9.614426640595250539e-01
-8.708414872798424244e-02 4.103042302796081064e-02 9.589695785958363139e-01
-8.512720156555768358e-02 4.364650551348059349e-02 9.563534961214439356e-01
-8.317025440313102758e-02 4.641109773221248347e-02 9.535889039218341523e-01
-8.121330724070446871e-02 4.933011800234325672e-02 9.506698836656449769e-01
-7.925636007827781271e-02 5.240909765073564763e-02 9.475909040263745808e-01
-7.729941291585125385e-02 5.565346664076753491e-02 9.443465350445526818e-01
-7.534246575342459784e-02 5.906878499880175576e-02 9.409312166931738108e-01
-7.338551859099795571e-02 6.266061275120068941e-02 9.373393889452333871e-01
-7.142857142857138297e-02 6.643650198061734624e-02 9.335634997158213100e-01
-6.947162426614474084e-02 7.041177927417992255e-02 9.295882224092515411e-01
-6.751467710371818198e-02 7.458672505845954925e-02 9.254132766025899848e-01
-6.555772994129152598e-02 7.896786560616209094e-02 9.210321360217044173e-01
-6.360078277886486997e-02 8.356172718999289872e-02 9.164382743924646135e-01
-6.164383561643831111e-02 8.837483608265765678e-02 9.116251654407391269e-01
-5.968688845401166204e-02 9.341652516300509579e-02 9.065834763120320661e-01
-5.772994129158509624e-02 9.869363318730597912e-02 9.013063682515183306e-01
-5.577299412915844717e-02 1.042120201831317344e-01 8.957879812240808759e-01
-5.381604696673188831e-02 1.099785534142341675e-01 8.900214479676746837e-01
-5.185909980430523231e-02 1.160001001443659308e-01 8.839999012202532924e-01
-4.990215264187858324e-02 1.222778678993992479e-01 8.777221334567220090e-01
-4.794520547945201744e-02 1.287855876384564335e-01 8.712144137142248113e-01
-4.598825831702536837e-02 1.355478299427261835e-01 8.644521714161859105e-01
-4.403131115459880951e-02 1.425683050569188648e-01 8.574316963190833363e-01
-4.207436399217215350e-02 1.498507232257458854e-01 8.501492781793935638e-01
-4.011741682974550444e-02 1.573987946939174876e-01 8.426012067535947336e-01
-3.816046966731884843e-02 1.652162297061453011e-01 8.347837717981632100e-01
-3.620352250489228957e-02 1.733067385071395961e-01 8.266932630695774664e-01
-3.424657534246573071e-02 1.816617786976275906e-01 8.183382229519402529e-01
-3.228962818003907470e-02 1.902784090931878280e-01 8.097215926219827331e-01
-3.033268101761251584e-02 1.991684463239655756e-01 8.008315554615693665e-01
-2.837573385518577310e-02 2.083343235796227821e-01 7.916656782805211456e-01
-2.641878669275921077e-02 2.177784740498201199e-01 7.822215278886616163e-01
-2.446183953033255823e-02 2.275033309242196489e-01 7.724966710958109939e-01
-2.250489236790599937e-02 2.375113273924819302e-01 7.624886747117929353e-01
-2.054794520547943704e-02 2.478048966442685797e-01 7.521951055464286551e-01
-1.859099804305278450e-02 2.582875055313865742e-01 7.417124967405379632e-01
-1.663405088062613196e-02 2.690046717713578950e-01 7.309953305790679590e-01
-1.467710371819948116e-02 2.799670483071026172e-01 7.200329541191503591e-01
-1.272015655577291883e-02 2.911720592179835032e-01 7.088279432805590918e-01
-1.076320939334635823e-02 3.026171285833648694e-01 6.973828739830667534e-01
-8.806262230919707432e-03 3.142996804826103663e-01 6.857003221464452736e-01
-6.849315068493054028e-03 3.262171389950833111e-01 6.737828636904676927e-01
-4.892367906066402358e-03 3.383557810539199462e-01 6.616442216823309463e-01
-2.935420743639841328e-03 3.506684593968981689e-01 6.493315433881796661e-01
-9.784735812131892252e-04 3.631848334150428181e-01 6.368151694126638063e-01
9.784735812133715880e-04 3.758996770151132871e-01 6.241003258484448812e-01
2.935420743639932401e-03 3.888077641038707455e-01 6.111922387881827401e-01
4.892367906066584504e-03 4.019038685880760853e-01 5.980961343245367878e-01
6.849315068493237041e-03 4.151827643744891994e-01 5.848172385501688719e-01
8.806262230919889578e-03 4.286392253698717014e-01 5.713607775577376202e-01
1.076320939334645017e-02 4.422336588801598078e-01 5.577663440775637582e-01
1.272015655577310271e-02 4.559488196500077195e-01 5.440511833772965211e-01
1.467710371819966331e-02 4.697994866695441307e-01 5.302005164447858299e-01
1.663405088062631584e-02 4.837775685365696132e-01 5.162224346847228418e-01
1.859099804305296838e-02 4.978749738488852383e-01 5.021250295017992693e-01
2.054794520547952724e-02 5.120836112042899124e-01 4.879163923007071579e-01
2.250489236790617978e-02 5.263953892005852619e-01 4.736046144861377205e-01
2.446183953033274211e-02 5.408022164355705819e-01 4.591977874627836131e-01
2.641878669275930097e-02 5.551466052596396583e-01 4.448533987961327263e-01
2.837573385518595351e-02 5.694786951658864504e-01 4.305213090293413813e-01
3.033268101761260604e-02 5.837882175594211187e-01 4.162117867585296005e-01
3.228962818003926205e-02 5.980503398104233259e-01 4.019496646063043244e-01
3.424657534246582091e-02 6.122390231387955239e-01 3.877609813448495979e-01
3.620352250489246998e-02 6.263270226141695041e-01 3.736729818959234617e-01
3.816046966731903578e-02 6.402858871558979592e-01 3.597141173308601170e-01
4.011741682974568485e-02 6.541191417798032370e-01 3.458808626421475130e-01
4.207436399217233391e-02 6.679074805111527846e-01 3.320925238553988912e-01
4.403131115459889972e-02 6.815526926335992997e-01 3.184473116390361680e-01
4.598825831702554878e-02 6.950366006385784168e-01 3.049634034978513375e-01
4.794520547945210764e-02 7.083409624361449719e-01 2.916590415179475260e-01
4.990215264187876365e-02 7.214474713549778873e-01 2.785525323667361608e-01
5.185909980430532251e-02 7.343377561423747313e-01 2.656622472929396350e-01
5.381604696673197852e-02 7.469933809642559375e-01 2.530066221265888093e-01
5.577299412915862759e-02 7.593967913449852780e-01 2.406032114402378574e-01
5.772994129158518645e-02 7.715297495821080709e-01 2.284702529671139293e-01
5.968688845401184245e-02 7.833732656446111831e-01 2.166267366954739426e-01
6.164383561643840131e-02 7.949088143467659684e-01 2.050911878247710096e-01
6.360078277886505038e-02 8.061178183718907819e-01 1.938821836866702064e-01
6.555772994129170639e-02 8.169816482723503137e-01 1.830183537450525422e-01
6.751467710371826525e-02 8.274816224695564770e-01 1.725183795960115729e-01
6.947162426614492126e-02 8.375990072539695186e-01 1.624009949678551779e-01
7.142857142857148012e-02 8.473976903823303708e-01 1.526023118426604319e-01
7.338551859099813612e-02 8.568218867993980803e-01 1.431781154226300645e-01
7.534246575342477825e-02 8.658564618265458535e-01 1.341435403961668271e-01
7.729941291585135099e-02 8.744913142766034264e-01 1.255086879441783543e-01
7.925636007827799312e-02 8.827169260709181176e-01 1.172830761381553621e-01
8.121330724070456586e-02 8.905243622393546055e-01 1.094756399401722591e-01
8.317025440313120799e-02 8.979052709202942628e-01 1.020947312028852860e-01
8.512720156555776685e-02 9.048802295013745889e-01 9.511977255768779005e-02
8.708414872798442286e-02 9.115178558274151799e-01 8.848214622626310311e-02
8.904109589041107886e-02 9.177654544148752258e-01 8.223454763350923624e-02
9.099804305283763772e-02 9.236281122818859046e-01 7.637188976005486463e-02
9.295499021526429373e-02 9.291123369189873138e-01 7.088766511407174065e-02
9.491193737769085259e-02 9.342260562891313569e-01 6.577394573127515187e-02
9.686888454011750860e-02 9.389786188276799672e-01 6.102138317492269981e-02
9.882583170254415073e-02 9.433807934424061070e-01 5.661920853581572238e-02
1.007827788649708067e-01 9.474842341732410134e-01 5.251576774700110473e-02
1.027397260273973656e-01 9.513111266071905270e-01 4.868887521440252997e-02
1.046966731898239245e-01 9.548641876194434719e-01 4.513581406923673767e-02
1.066536203522505805e-01 9.581664557457214570e-01 4.183354576990590268e-02
1.086105675146771393e-01 9.612428740482794609e-01 3.875712724791843117e-02
1.105675146771037953e-01 9.641202901159076077e-01 3.587971090788788509e-02
1.125244618395304513e-01 9.668274560639302795e-01 3.317254462753421729e-02
1.144814090019570102e-01 9.693950285342061157e-01 3.060497175768280356e-02
1.164383561643836523e-01 9.716349310048895127e-01 2.836506910137347529e-02
1.183953033268102251e-01 9.736918712706645884e-01 2.630812871155312552e-02
1.203522504892368672e-01 9.755859060095404267e-01 2.441409392317574895e-02
1.223091976516635232e-01 9.773327560814430992e-01 2.266724389708914267e-02
1.242661448140900821e-01 9.789484307359843651e-01 2.105156940621173006e-02
1.262230919765168213e-01 9.804366884271926708e-01 1.956331187861825097e-02
1.281800391389433802e-01 9.818061484257148974e-01 1.819385197936724402e-02
1.301369863013699391e-01 9.830774527088141923e-01 1.692254780171576628e-02
1.320939334637964979e-01 9.842641155102325179e-01 1.573588510010476976e-02
1.340508806262231678e-01 9.853796318801452125e-01 1.462036881081008738e-02
1.360078277886498932e-01 9.864291075897898553e-01 1.357089315351570243e-02
1.379647749510764798e-01 9.873665042194865737e-01 1.263349657496467930e-02
1.399217221135030387e-01 9.882268273339287479e-01 1.177317347574273823e-02
1.418786692759295975e-01 9.890117242143553478e-01 1.098827656285726942e-02
1.438356164383562397e-01 9.897216835228541676e-01 1.027831716157905431e-02
1.457925636007828818e-01 9.903560353023626028e-01 9.643965215442213551e-03
1.477495107632095517e-01 9.909769032950103140e-01 9.023097130963267029e-03
1.497064579256361105e-01 9.915897309739186705e-01 8.410269441214857783e-03
1.516634050880626694e-01 9.921905896170160055e-01 7.809410852630638972e-03
1.536203522504892283e-01 9.927918325473923389e-01 7.208168070065945274e-03
1.555772994129159814e-01 9.933583094012925496e-01 6.641691380928869959e-03
1.575342465753426235e-01 9.938464113905702835e-01 6.153589480285065298e-03
1.594911937377691824e-01 9.942759690101923287e-01 5.724031924584339730e-03
1.614481409001957413e-01 9.946336844719199100e-01 5.366316481426307121e-03
1.634050880626224944e-01 9.949323903564351035e-01 5.067610585933576134e-03
1.653620352250490533e-01 9.952551317687095001e-01 4.744869246265687179e-03
1.673189823874756121e-01 9.955568470271551895e-01 4.443154079005802275e-03
1.692759295499022543e-01 9.958421788022641108e-01 4.157822417837069018e-03
1.712328767123288131e-01 9.961080550596292937e-01 3.891946282690320232e-03
1.731898238747555663e-01 9.963487341376738859e-01 3.651267314211742269e-03
1.751467710371821251e-01 9.965721299969523272e-01 3.427871563930600003e-03
1.771037181996086840e-01 9.967801480846312234e-01 3.219853582238914151e-03
1.790606653620353539e-01 9.969796185848153192e-01 3.020383140386692471e-03
1.810176125244619127e-01 9.971747676356164103e-01 2.825234077934855002e-03
1.829745596868886381e-01 9.973669427490232664e-01 2.633058885231978185e-03
1.849315068493151970e-01 9.975592731349252063e-01 2.440728339460813707e-03
1.868884540117417559e-01 9.977251471868129329e-01 2.274854192772154775e-03
1.888454011741683425e-01 9.978685489367786765e-01 2.131452395587732970e-03
1.908023483365949846e-01 9.979910855353071319e-01 2.008915792608890853e-03
1.927592954990216267e-01 9.980913714371499879e-01 1.908629945326326561e-03
1.947162426614482966e-01 9.982054676553281380e-01 1.794533878360741411e-03
1.966731898238748555e-01 9.983194569136253360e-01 1.680544877009475854e-03
1.986301369863014143e-01 9.984367702927109400e-01 1.563231879598203731e-03
2.005870841487281397e-01 9.985526713391940090e-01 1.447331243446897675e-03
2.025440313111546986e-01 9.986350150628393596e-01 1.364987506592107037e-03
2.045009784735813685e-01 9.987042475798726393e-01 1.295754852423692920e-03
2.064579256360079274e-01 9.987603688902942922e-01 1.239633280941652288e-03
2.084148727984344862e-01 9.988147600044797736e-01 1.185241917174660944e-03
2.103718199608612394e-01 9.988818115931228370e-01 1.118190261640713678e-03
2.123287671232877982e-01 9.989489538595426321e-01 1.051047961472414104e-03
2.142857142857143571e-01 9.990161868037396031e-01 9.838150166697570177e-04
2.162426614481409992e-01 9.990765081997750041e-01 9.234936610514016091e-04
2.181996086105675581e-01 9.991279533954532388e-01 8.720485490235148525e-04
2.201565557729943112e-01 9.991741715052298023e-01 8.258305620244322555e-04
2.221135029354208701e-01 9.992151625291044725e-01 7.848397000541594559e-04
2.240704500978474289e-01 9.992602933224150608e-01 7.397088907902843631e-04
2.260273972602740711e-01 9.993073743161826616e-01 6.926277539339108745e-04
2.279843444227006299e-01 9.993544116299191149e-01 6.455902161612153689e-04
2.299412915851273831e-01 9.994014052636246426e-01 5.985962774721965453e-04
2.318982387475539420e-01 9.994285315968362005e-01 5.714700086298413369e-04
2.338551859099805008e-01 9.994467139076078643e-01 5.532878834538868321e-04
2.358121330724070597e-01 9.994563556535474014e-01 5.436464351722355461e-04
2.377690802348338128e-01 9.994658263023137312e-01 5.341760763364162765e-04
2.397260273972604550e-01 9.995244836810900368e-01 4.755182733226013918e-04
2.416829745596870138e-01 9.996003260242867228e-01 3.996752497495556153e-04
2.436399217221135727e-01 9.996933533319042331e-01 3.066470056172780796e-04
2.455968688845401593e-01 9.997526584605809230e-01 2.473412584997759355e-04
2.475538160469668847e-01 9.997240059168276405e-01 2.759941557698383265e-04
2.495107632093934436e-01 9.996953533730743580e-01 3.046470530398983322e-04
2.514677103718200857e-01 9.996667008293209644e-01 3.332999503099587715e-04
2.534246575342466445e-01 9.996795605043582444e-01 3.204403745993436928e-04
2.553816046966732034e-01 9.996959138854542015e-01 3.040870714369455288e-04
2.573385518590999843e-01 9.997115288307749648e-01 2.884721919319047350e-04
2.592954990215265432e-01 9.997262853398025673e-01 2.737157346324574098e-04
2.612524461839531575e-01 9.997410383845817261e-01 2.589627414629248631e-04
2.632093933463797164e-01 9.997543982776833094e-01 2.456028524692416108e-04
2.651663405088063308e-01 9.997677581707848926e-01 2.322429634755583585e-04
2.671232876712330562e-01 9.997811180638861428e-01 2.188830744818740220e-04
2.690802348336596150e-01 9.997944779569873930e-01 2.055231854881909865e-04
2.710371819960861739e-01 9.998068272073199481e-01 1.931739437183426639e-04
2.729941291585128438e-01 9.998079500282456289e-01 1.920511808419635234e-04
2.749510763209394582e-01 9.998090728491713097e-01 1.909284179655843829e-04
2.769080234833661280e-01 9.998101956700968795e-01 1.898056550892056760e-04
2.788649706457926869e-01 9.998113184910226714e-01 1.886828922128263187e-04
2.808219178082192458e-01 9.998174690221016681e-01 1.825323898730509507e-04
2.827788649706459156e-01 9.998494941804489944e-01 1.505071094246854865e-04
2.847358121330725300e-01 9.998815193387964317e-01 1.184818289763176370e-04
2.866927592954991999e-01 9.999135444971434250e-01 8.645654852795238952e-05
2.886497064579257588e-01 9.999455696554908624e-01 5.443126807958714210e-05
2.906066536203523176e-01 9.999665684474258187e-01 3.343239740972309137e-05
2.925636007827788765e-01 9.999531811533285408e-01 4.681974801032406409e-05
2.945205479452056019e-01 9.999397938592313739e-01 6.020709861092525365e-05
2.964774951076322163e-01 9.999264065651338740e-01 7.359444921152579269e-05
2.984344422700588306e-01 9.999130192710368181e-01 8.698179981212611489e-05
3.003913894324853895e-01 9.999053007121329051e-01 9.470043206906116409e-05
3.023483365949119483e-01 9.999094684069660399e-01 9.053284591971160443e-05
3.043052837573387293e-01 9.999136361017988417e-01 8.636525977036139425e-05
3.062622309197652881e-01 9.999178037966316435e-01 8.219767362101205142e-05
3.082191780821919025e-01 9.999217147705682374e-01 7.828680594643188176e-05
3.101761252446184614e-01 9.999250494385047983e-01 7.495223883535457980e-05
3.121330724070452423e-01 9.999283841064410261e-01 7.161767172427727784e-05
3.140900195694718011e-01 9.999317187743776980e-01 6.828310461319997589e-05
3.160469667318983600e-01 9.999348990040193286e-01 6.510295444858704705e-05
3.180039138943249188e-01 9.999377073758615175e-01 6.229461068092451322e-05
3.199608610567515332e-01 9.999405157477035955e-01 5.948626691326176254e-05
3.219178082191782031e-01 9.999433241195461175e-01 5.667792314559922870e-05
3.238747553816047620e-01 9.999460444617982446e-01 5.395760806179870570e-05
3.258317025440315429e-01 9.999484429177063483e-01 5.155917600988034824e-05
3.277886497064581017e-01 9.999506942434305268e-01 4.930787262754873258e-05
3.297455968688846606e-01 9.999527984389711133e-01 4.720369791480320820e-05
3.317025440313113860e-01 9.999547555043278857e-01 4.524665187164420878e-05
3.336594911937379448e-01 9.999565654395008441e-01 4.343673449807173431e-05
3.356164383561645037e-01 9.999582282444900994e-01 4.177394579408578480e-05
3.375733855185910626e-01 9.999597439192957626e-01 4.025828575968636025e-05
3.395303326810176214e-01 9.999614891504722269e-01 3.851302880750694622e-05
3.414872798434443468e-01 9.999644499653905783e-01 3.555204539365725870e-05
3.434442270058709057e-01 9.999676287655361318e-01 3.237303740452742926e-05
3.454011741682974646e-01 9.999710255509094425e-01 2.897600484011767473e-05
3.473581213307242455e-01 9.999746403215099555e-01 2.536094770042756144e-05
3.493150684931508043e-01 9.999784730773381147e-01 2.152786598545730623e-05
3.512720156555775297e-01 9.999825238183938092e-01 1.747675969520690910e-05
3.532289628180040886e-01 9.999867925446770389e-01 1.320762882967637004e-05
3.551859099804306474e-01 9.999882148312944086e-01 1.178526269791555468e-05
3.571428571428572063e-01 9.999769139871347301e-01 2.308752692872350493e-05
3.590998043052839872e-01 9.999624505127953089e-01 3.755278400826276598e-05
3.610567514677105461e-01 9.999448244082755899e-01 5.518103393653051893e-05
3.630136986301371049e-01 9.999240356735759061e-01 7.597227671352806480e-05
3.649706457925636638e-01 9.999000843086963686e-01 9.992651233925583729e-05
3.669275929549902227e-01 9.998729703136364222e-01 1.270437408137129690e-04
3.688845401174169480e-01 9.998426936883968441e-01 1.573239621369022789e-04
3.708414872798435069e-01 9.998171738015831922e-01 1.828476238959269792e-04
3.727984344422702323e-01 9.998282130884279528e-01 1.718115527313995080e-04
3.747553816046967912e-01 9.998462153157863241e-01 1.538126687099896413e-04
3.767123287671233500e-01 9.998711804836577510e-01 1.288509718316980298e-04
3.786692759295501309e-01 9.999031085920427886e-01 9.692646209652207127e-05
3.806262230919766898e-01 9.999419996409414368e-01 5.803913950446610258e-05
3.825831702544032487e-01 9.999681715594626041e-01 3.186829114343423149e-05
3.845401174168298075e-01 9.999799183181283802e-01 2.011970519336754235e-05
3.864970645792565329e-01 9.999880886339806985e-01 1.194619903847849926e-05
3.884540117416830918e-01 9.999926825070198921e-01 7.347772678768836954e-06
3.904109589041096506e-01 9.999936999372458502e-01 6.324426114237471225e-06
3.923679060665362095e-01 9.999912558037011845e-01 8.761374563338170107e-06
3.943248532289629904e-01 9.999933900655559871e-01 6.625255830000316773e-06
3.962818003913895493e-01 9.999944463763110747e-01 5.567775249203316471e-06
3.982387475538162747e-01 9.999944247359664473e-01 5.588932820946301838e-06
4.001956947162428335e-01 9.999933251445221050e-01 6.688728545229489716e-06
4.021526418786693924e-01 9.999911476019778256e-01 8.867162422053096946e-06
4.041095890410959512e-01 9.999922950866577676e-01 7.721456575165942457e-06
4.060665362035226766e-01 9.999938897957011408e-01 6.129282851741928509e-06
4.080234833659492910e-01 9.999958877455285000e-01 4.134622828932781047e-06
4.099804305283758499e-01 9.999982889361402894e-01 1.737476506738066390e-06
4.119373776908024087e-01 1.000001093367535621e+00 -1.062156114842432303e-06
4.138943248532291341e-01 9.999995330075281963e-01 4.976045028166377338e-07
4.158512720156556930e-01 9.999965510172414973e-01 3.477395078833249269e-06
4.178082191780822519e-01 9.999923132732995157e-01 7.711553035276192021e-06
4.197651663405089772e-01 9.999868197757025845e-01 1.320007837214557441e-05
4.217221135029355361e-01 9.999800705244507038e-01 1.994297108944150486e-05
4.236790606653623170e-01 9.999864049788352860e-01 1.361063170073366010e-05
4.256360078277888759e-01 9.999975239748907230e-01 2.496517670505580926e-06
4.275929549902154347e-01 1.000012552159791790e+00 -1.252462006825127896e-05
4.295499021526419936e-01 1.000031489533538709e+00 -3.145278151553691955e-05
4.315068493150685525e-01 1.000054336096131591e+00 -5.428796667135101558e-05
4.334637964774952779e-01 1.000045911654414033e+00 -4.586531517365949155e-05
4.354207436399218367e-01 1.000033914633338572e+00 -3.387161909452931878e-05
4.373776908023483956e-01 1.000021917612262667e+00 -2.187792301539914601e-05
4.393346379647749544e-01 1.000009920591187207e+00 -9.884226936268864817e-06
4.412915851272017354e-01 9.999979235701115243e-01 2.109469142861416374e-06
4.432485322896284607e-01 9.999963758652654633e-01 3.658181896379602421e-06
4.452054794520550196e-01 9.999963187447667989e-01 3.716928387205724500e-06
4.471624266144815785e-01 9.999962616242679125e-01 3.775674878031846579e-06
4.491193737769081373e-01 9.999962045037691372e-01 3.834421368858077078e-06
4.510763209393348627e-01 9.999963218531442433e-01 3.717285383008327171e-06
4.530332681017614216e-01 9.999967635970696822e-01 3.273128372949024242e-06
4.549902152641879804e-01 9.999972053409948991e-01 2.828971362889721314e-06
4.569471624266145393e-01 9.999976470849201160e-01 2.384814352830635226e-06
4.589041095890410982e-01 9.999980888288456660e-01 1.940657342771332297e-06
4.608610567514678791e-01 9.999981844130079178e-01 1.844304591584462576e-06
4.628180039138944379e-01 9.999982062174547215e-01 1.822082060046431411e-06
4.647749510763211633e-01 9.999982280219014141e-01 1.799859528508291825e-06
4.667318982387477222e-01 9.999982498263481068e-01 1.777636996970043820e-06
4.686888454011742811e-01 9.999982716307947994e-01 1.755414465431904235e-06
4.706457925636010620e-01 9.999982934352417141e-01 1.733191933893873070e-06
4.726027397260276208e-01 9.999983152396884067e-01 1.710969402355733485e-06
4.745596868884541797e-01 9.999983370441353214e-01 1.688746870817702320e-06
4.765166340508807385e-01 9.999983588485820141e-01 1.666524339279562734e-06
4.784735812133072974e-01 9.999984072247085631e-01 1.617837009756191088e-06
4.804305283757340228e-01 9.999984633835483638e-01 1.561398272009956525e-06
4.823874755381605817e-01 9.999985195423881645e-01 1.504959534263938803e-06
4.843444227005871405e-01 9.999985757012281873e-01 1.448520796517704240e-06
4.863013698630138659e-01 9.999986318600679880e-01 1.392082058771686517e-06
4.882583170254404248e-01 9.999986880189080107e-01 1.335643321025343534e-06
4.902152641878672057e-01 9.999987441777479225e-01 1.279204583279217392e-06
4.921722113502937646e-01 9.999988003365877232e-01 1.222765845532982829e-06
4.941291585127203234e-01 9.999988446736567393e-01 1.178602274440397439e-06
4.960861056751468823e-01 9.999988819987946087e-01 1.141719560640206375e-06
4.980430528375736077e-01 9.999989193239323670e-01 1.104836846840015312e-06
5.000000000000002220e-01 9.999989566490701254e-01 1.067954133040041088e-06
