5.000000000000000000e-01 1.000000000000000000e+00 0.000000000000000000e+00
4.980430528375733301e-01 9.999999986093291993e-01 1.390670867437648887e-09
4.960861056751467713e-01 9.999999981928613391e-01 1.807138660178543475e-09
4.941291585127201569e-01 9.999999978895035557e-01 2.110496756337382121e-09
4.921722113502935980e-01 9.999999975915753181e-01 2.408425277395876810e-09
4.902152641878669281e-01 9.999999973163895550e-01 2.683611052865676991e-09
4.882583170254402583e-01 9.999999970436188601e-01 2.956381669511899617e-09
4.863013698630136994e-01 9.999999967708479431e-01 3.229152286158123070e-09
4.843444227005870295e-01 9.999999964980771372e-01 3.501922902804345695e-09
4.823874755381604706e-01 9.999999961622036970e-01 3.837796303015951573e-09
4.804305283757338563e-01 9.999999958113355847e-01 4.188664424074776619e-09
4.784735812133071864e-01 9.999999954604674723e-01 4.539532545133600839e-09
4.765166340508806275e-01 9.999999951095992490e-01 4.890400666192426712e-09
4.745596868884539576e-01 9.999999947587311366e-01 5.241268787251250931e-09
4.726027397260273988e-01 9.999999944078630243e-01 5.592136908310076805e-09
4.706457925636007844e-01 9.999999940569946899e-01 5.943005029368899370e-09
4.686888454011742255e-01 9.999999937061265776e-01 6.293873150427725243e-09
4.667318982387475557e-01 9.999999931337462122e-01 6.866254146157816389e-09
4.647749510763208858e-01 9.999999924232800819e-01 7.576721089734927871e-09
4.628180039138943269e-01 9.999999917128137294e-01 8.287188033312041008e-09
4.608610567514677125e-01 9.999999910023475991e-01 8.997654976889150837e-09
4.589041095890410982e-01 9.999999902918815797e-01 9.708121920466265628e-09
4.569471624266144838e-01 9.999999895814155604e-01 1.041858886404338042e-08
4.549902152641878139e-01 9.999999888709492080e-01 1.112905580762049025e-08
4.530332681017612551e-01 9.999999881604830776e-01 1.183952275119760338e-08
4.510763209393345852e-01 9.999999874500168362e-01 1.254998969477471156e-08
4.491193737769080263e-01 9.999999867395507058e-01 1.326045663835182635e-08
4.471624266144814119e-01 9.999999860290846865e-01 1.397092358192893783e-08
4.452054794520547421e-01 9.999999853186185561e-01 1.468139052550605262e-08
4.432485322896281832e-01 9.999999846081522037e-01 1.539185746908316080e-08
4.412915851272015133e-01 9.999999838976859623e-01 1.610232441266027559e-08
4.393346379647749544e-01 9.999999831872199429e-01 1.681279135623739038e-08
4.373776908023483401e-01 9.999999824767538126e-01 1.752325829981449855e-08
4.354207436399216702e-01 9.999999812835249635e-01 1.871648483254981783e-08
4.334637964774951113e-01 9.999999784921846935e-01 2.150781207422266098e-08
4.315068493150684414e-01 9.999999757008445345e-01 2.429913931589548759e-08
4.295499021526418826e-01 9.999999729095047085e-01 2.709046655756832082e-08
4.275929549902152127e-01 9.999999701181645495e-01 2.988179379924115736e-08
4.256360078277886538e-01 9.999999673268242795e-01 3.267312104091400713e-08
4.236790606653620395e-01 9.999999645354844535e-01 3.546444828258684367e-08
4.217221135029353696e-01 9.999999617441442945e-01 3.825577552425967359e-08
4.197651663405088107e-01 9.999999589528041355e-01 4.104710276593253660e-08
4.178082191780821408e-01 9.999999561614643095e-01 4.383843000760533343e-08
4.158512720156555820e-01 9.999999533701240395e-01 4.662975724927818320e-08
4.138943248532289676e-01 9.999999505787837695e-01 4.942108449095103297e-08
4.119373776908022977e-01 9.999999477874439435e-01 5.221241173262386289e-08
4.099804305283757389e-01 9.999999449961038955e-01 5.500373897429669281e-08
4.080234833659490690e-01 9.999999422047636255e-01 5.779506621596954920e-08
4.060665362035224546e-01 9.999999394134235775e-01 6.058639345764237912e-08
4.041095890410958957e-01 9.999999366220836405e-01 6.337772069931520904e-08
4.021526418786692814e-01 9.999999338307437036e-01 6.616904794098806543e-08
4.001956947162426670e-01 9.999999310394034335e-01 6.896037518266089535e-08
3.982387475538159971e-01 9.999999282480633855e-01 7.175170242433372527e-08
3.962818003913894382e-01 9.999999254567233375e-01 7.454302966600655519e-08
3.943248532289627684e-01 9.999999226653831785e-01 7.733435690767938511e-08
3.923679060665361540e-01 9.999999198740432416e-01 8.012568414935226797e-08
3.904109589041095951e-01 9.999999170827031936e-01 8.291701139102509789e-08
3.884540117416829252e-01 9.999999142913629235e-01 8.570833863269791458e-08
3.864970645792563664e-01 9.999999115000229866e-01 8.849966587437075773e-08
3.845401174168296965e-01 9.999999087086830496e-01 9.129099311604358765e-08
3.825831702544030821e-01 9.999999059173427796e-01 9.408232035771641757e-08
3.806262230919765233e-01 9.999999031260027316e-01 9.687364759938927396e-08
3.786692759295498534e-01 9.999999003346627946e-01 9.966497484106210388e-08
3.767123287671232945e-01 9.999998975433225246e-01 1.024563020827349603e-07
3.747553816046966246e-01 9.999998947519825876e-01 1.052476293244077770e-07
3.727984344422700103e-01 9.999998919606425396e-01 1.080389565660806069e-07
3.708414872798433959e-01 9.999998757072465772e-01 1.242923471824960281e-07
3.688845401174168370e-01 9.999998439028554564e-01 1.560967420421470511e-07
3.669275929549902227e-01 9.999998120984641137e-01 1.879011369017986829e-07
3.649706457925635528e-01 9.999997802940729930e-01 2.197055317614503676e-07
3.630136986301369384e-01 9.999997484896819833e-01 2.515099266211019995e-07
3.610567514677103240e-01 9.999997166852907515e-01 2.833143214807532077e-07
3.590998043052837096e-01 9.999996848808994088e-01 3.151187163404046278e-07
3.571428571428571508e-01 9.999996530765083991e-01 3.469231112000563655e-07
3.551859099804304809e-01 9.999996212721171673e-01 3.787275060597078914e-07
3.532289628180038665e-01 9.999995894677260466e-01 4.105319009193595761e-07
3.512720156555772522e-01 9.999995576633347039e-01 4.423362957790110491e-07
3.493150684931506378e-01 9.999995258589435831e-01 4.741406906386623633e-07
3.473581213307240789e-01 9.999994940545522404e-01 5.059450854983137833e-07
3.454011741682974090e-01 9.999994622501611197e-01 5.377494803579653093e-07
3.434442270058708502e-01 9.999994304457698879e-01 5.695538752176166234e-07
3.414872798434441803e-01 9.999993986413788782e-01 6.013582700772686788e-07
3.395303326810175659e-01 9.999993668369877575e-01 6.331626649369198871e-07
3.375733855185909515e-01 9.999993350325965258e-01 6.649670597965718365e-07
3.356164383561643372e-01 9.999993032282052940e-01 6.967714546562227271e-07
3.336594911937377783e-01 9.999992714238140623e-01 7.285758495158742531e-07
3.317025440313111084e-01 9.999992396194228306e-01 7.603802443755259908e-07
3.297455968688844941e-01 9.999992078150317099e-01 7.921846392351776226e-07
3.277886497064578797e-01 9.999991760106403671e-01 8.239890340948294661e-07
3.258317025440312653e-01 9.999991442062494684e-01 8.557934289544806744e-07
3.238747553816047065e-01 9.999991124018582367e-01 8.875978238141319886e-07
3.219178082191780366e-01 9.999990805974667829e-01 9.194022186737836204e-07
3.199608610567514777e-01 9.999990487930757732e-01 9.512066135334349346e-07
3.180039138943248078e-01 9.999990169886845415e-01 9.830110083930864605e-07
3.160469667318981379e-01 9.999989851842934208e-01 1.014815403252738198e-06
3.140900195694715791e-01 9.999989533799021890e-01 1.046619798112389724e-06
3.121330724070449647e-01 9.999989215755109573e-01 1.078424192972041250e-06
3.101761252446184058e-01 9.999988897711198366e-01 1.110228587831692564e-06
3.082191780821917360e-01 9.999988579667284938e-01 1.142032982691343878e-06
3.062622309197651216e-01 9.999988261623373731e-01 1.173837377550995616e-06
3.043052837573385072e-01 9.999987943579463634e-01 1.205641772410647565e-06
3.023483365949118928e-01 9.999987625535551317e-01 1.237446167270298668e-06
3.003913894324852785e-01 9.999987307491638999e-01 1.269250562129950194e-06
2.984344422700586641e-01 9.999986989447726682e-01 1.301054956989601508e-06
2.964774951076320497e-01 9.999986671403815475e-01 1.332859351849253034e-06
2.945205479452054353e-01 9.999986353359902047e-01 1.364663746708904560e-06
2.925636007827788210e-01 9.999986035315990840e-01 1.396468141568555662e-06
2.906066536203522066e-01 9.999985717272078523e-01 1.428272536428207612e-06
2.886497064579256477e-01 9.999985399228168426e-01 1.460076931287858926e-06
2.866927592954989779e-01 9.999985081184253888e-01 1.491881326147511087e-06
2.847358121330723080e-01 9.999984763140341570e-01 1.523685721007162613e-06
2.827788649706456936e-01 9.999984445096432584e-01 1.555490115866814139e-06
2.808219178082191347e-01 9.999984127052520266e-01 1.587294510726465665e-06
2.788649706457925204e-01 9.999983809008607949e-01 1.619098905586117191e-06
2.769080234833659060e-01 9.999983490964696742e-01 1.650903300445768293e-06
2.749510763209392916e-01 9.999983172920783314e-01 1.682707695305420031e-06
2.729941291585126772e-01 9.999982854876872107e-01 1.714512090165071345e-06
2.710371819960860629e-01 9.999982536832959790e-01 1.746316485024722659e-06
2.690802348336594485e-01 9.999982218789047472e-01 1.778120879884374397e-06
2.671232876712328341e-01 9.999981900745137375e-01 1.809925274744025711e-06
2.651663405088062198e-01 9.999981582701225058e-01 1.841729669603677449e-06
2.632093933463796054e-01 9.999981264657313851e-01 1.873534064463328551e-06
2.612524461839529355e-01 9.999980946613401533e-01 1.905338459322980501e-06
2.592954990215263211e-01 9.999980628569489216e-01 1.937142854182632027e-06
2.573385518590997623e-01 9.999980310525578009e-01 1.968947249042283552e-06
2.553816046966731479e-01 9.999979992481664581e-01 2.000751643901935078e-06
2.534246575342465335e-01 9.999979674437753374e-01 2.032556038761586604e-06
2.514677103718199191e-01 9.999979356393842167e-01 2.064360433621237707e-06
2.495107632093933048e-01 9.999979038349928739e-01 2.096164828480889656e-06
2.475538160469666626e-01 9.999978720306016422e-01 2.127969223340540759e-06
2.455968688845400483e-01 9.999978402262106325e-01 2.159773618200192708e-06
2.436399217221134617e-01 9.999978084218195118e-01 2.191578013059844657e-06
2.416829745596868473e-01 9.999976784283721720e-01 2.321571461513773401e-06
2.397260273972602329e-01 9.999975408168086943e-01 2.459183026194843988e-06
2.377690802348336185e-01 9.999974032052449946e-01 2.596794590875913729e-06
2.358121330724069764e-01 9.999972655936814059e-01 2.734406155556987704e-06
2.338551859099803620e-01 9.999971279821178172e-01 2.872017720238058291e-06
2.318982387475537754e-01 9.999969903705541174e-01 3.009629284919129302e-06
2.299412915851271055e-01 9.999968527589904177e-01 3.147240849600200313e-06
2.279843444227005189e-01 9.999967151474268290e-01 3.284852414281269630e-06
2.260273972602739045e-01 9.999965775358631292e-01 3.422463978962341064e-06
2.240704500978472902e-01 9.999964399242993185e-01 3.560075543643411228e-06
2.221135029354206758e-01 9.999963023127358408e-01 3.697687108324481815e-06
2.201565557729940892e-01 9.999961647011723631e-01 3.835298673005552403e-06
2.181996086105674748e-01 9.999960270896085524e-01 3.972910237686622990e-06
2.162426614481408604e-01 9.999958894780449636e-01 4.110521802367693577e-06
2.142857142857142461e-01 9.999957518664812639e-01 4.248133367048764165e-06
2.123287671232876039e-01 9.999956142549177862e-01 4.385744931729834752e-06
2.103718199608609618e-01 9.999954766433541975e-01 4.523356496410908727e-06
2.084148727984343474e-01 9.999953390317904978e-01 4.660968061091979315e-06
2.064579256360077331e-01 9.999952014202269091e-01 4.798579625773049902e-06
2.045009784735811464e-01 9.999950638086632093e-01 4.936191190454120489e-06
2.025440313111545321e-01 9.999949261970995096e-01 5.073802755135191077e-06
2.005870841487279177e-01 9.999947885855359209e-01 5.211414319816261664e-06
1.986301369863013033e-01 9.999946509739722211e-01 5.349025884497331404e-06
1.966731898238747167e-01 9.999945133624086324e-01 5.486637449178402839e-06
1.947162426614481023e-01 9.999943757508449327e-01 5.624249013859473426e-06
1.927592954990214602e-01 9.999942381392814550e-01 5.761860578540543166e-06
1.908023483365948458e-01 9.999941005277178663e-01 5.899472143221612906e-06
1.888454011741682315e-01 9.999939629161540555e-01 6.037083707902685188e-06
1.868884540117416448e-01 9.999938253045905778e-01 6.174695272583754928e-06
1.849315068493149750e-01 9.999936876930268781e-01 6.312306837264828057e-06
1.829745596868883606e-01 9.999935500814632894e-01 6.449918401945900338e-06
1.810176125244617740e-01 9.999934124698995896e-01 6.587529966626970078e-06
1.790606653620351596e-01 9.999932052056373921e-01 6.794794229801012661e-06
1.771037181996085452e-01 9.999926322647076926e-01 7.367735160063067799e-06
1.751467710371819031e-01 9.999920593237778821e-01 7.940676090325124632e-06
1.731898238747552887e-01 9.999914863828480716e-01 8.513617020587184006e-06
1.712328767123286744e-01 9.999909134419185941e-01 9.086557950849239991e-06
1.692759295499020877e-01 9.999903405009886725e-01 9.659498881111295977e-06
1.673189823874754734e-01 9.999897675600590841e-01 1.023243981137335027e-05
1.653620352250488590e-01 9.999891946191292735e-01 1.080538074163540625e-05
1.634050880626222724e-01 9.999886216781995740e-01 1.137832167189746224e-05
1.614481409001956025e-01 9.999880487372698745e-01 1.195126260215953008e-05
1.594911937377690159e-01 9.999874757963400640e-01 1.252420353242158607e-05
1.575342465753424015e-01 9.999869028554104755e-01 1.309714446268364714e-05
1.555772994129157316e-01 9.999863299144806650e-01 1.367008539294570143e-05
1.536203522504891450e-01 9.999857569735510765e-01 1.424302632320775911e-05
1.516634050880625306e-01 9.999851840326212660e-01 1.481596725346981340e-05
1.497064579256359163e-01 9.999846110916914554e-01 1.538890818373187447e-05
1.477495107632093296e-01 9.999840381507617559e-01 1.596184911399392876e-05
1.457925636007827153e-01 9.999834652098322785e-01 1.653479004425598305e-05
1.438356164383561009e-01 9.999828922689024679e-01 1.710773097451804073e-05
1.418786692759294865e-01 9.999823193279726574e-01 1.768067190478009502e-05
1.399217221135028999e-01 9.999817463870429579e-01 1.825361283504214931e-05
1.379647749510762300e-01 9.999811734461132584e-01 1.882655376530420699e-05
1.360078277886495879e-01 9.999806005051834479e-01 1.939949469556627822e-05
1.340508806262229735e-01 9.999800275642537484e-01 1.997243562582832913e-05
1.320939334637963869e-01 9.999794546233241599e-01 2.054537655609038342e-05
1.301369863013697725e-01 9.999788816823942383e-01 2.111831748635245126e-05
1.281800391389431582e-01 9.999783087414646499e-01 2.169125841661450216e-05
1.262230919765165438e-01 9.999777358005348393e-01 2.226419934687655646e-05
1.242661448140899433e-01 9.999771628596052508e-01 2.283714027713861752e-05
1.223091976516633428e-01 9.999765899186754403e-01 2.341008120740067520e-05
1.203522504892367284e-01 9.999760169777458518e-01 2.398302213766272950e-05
1.183953033268100863e-01 9.999754440368160413e-01 2.455596306792478379e-05
1.164383561643834719e-01 9.999748710958863418e-01 2.512890399818684147e-05
1.144814090019568714e-01 9.999742981549566423e-01 2.570184492844889237e-05
1.125244618395302570e-01 9.999737252140270538e-01 2.627478585871095683e-05
1.105675146771036566e-01 9.999731522730970212e-01 2.684772678897301450e-05
1.086105675146770005e-01 9.999725793321673217e-01 2.742066771923507896e-05
1.066536203522504417e-01 9.999720063912378443e-01 2.799360864949712309e-05
1.046966731898237857e-01 9.999710039429040576e-01 2.899605640645075676e-05
1.027397260273972268e-01 9.999685752936172678e-01 3.142470320032806833e-05
1.007827788649705292e-01 9.999661466443301450e-01 3.385334999420550186e-05
9.882583170254388705e-02 9.999637179950431332e-01 3.628199678808290151e-05
9.686888454011731431e-02 9.999612893457561213e-01 3.871064358196024018e-05
9.491193737769067218e-02 9.999588606964691095e-01 4.113929037583764661e-05
9.295499021526411332e-02 9.999564320471820977e-01 4.356793716971495140e-05
9.099804305283745731e-02 9.999540033978950859e-01 4.599658396359237815e-05
8.904109589041089845e-02 9.999515747486081851e-01 4.842523075746969649e-05
8.708414872798424244e-02 9.999491460993212844e-01 5.085387755134712325e-05
8.512720156555768358e-02 9.999467174500342725e-01 5.328252434522443481e-05
8.317025440313102758e-02 9.999442888007470387e-01 5.571117113910186835e-05
8.121330724070446871e-02 9.999418601514602489e-01 5.813981793297917991e-05
7.925636007827781271e-02 9.999394315021732371e-01 6.056846472685660667e-05
7.729941291585125385e-02 9.999370028528861143e-01 6.299711152073391145e-05
7.534246575342459784e-02 9.999345742035993245e-01 6.542575831461133144e-05
7.338551859099795571e-02 9.999321455543122017e-01 6.785440510848875142e-05
7.142857142857129971e-02 9.999297169050251899e-01 7.028305190236607653e-05
6.947162426614464370e-02 9.999272882557381781e-01 7.271169869624351007e-05
6.751467710371808484e-02 9.999248596064511663e-01 7.514034549012082163e-05
6.555772994129142883e-02 9.999224309571642655e-01 7.756899228399824161e-05
6.360078277886486997e-02 9.999200023078772537e-01 7.999763907787555317e-05
6.164383561643822090e-02 9.999175736585902419e-01 8.242628587175297315e-05
5.968688845401166204e-02 9.999151450093033411e-01 8.485493266563028472e-05
5.772994129158500604e-02 9.999127163600163293e-01 8.728357945950770470e-05
5.577299412915844717e-02 9.999102877107293175e-01 8.971222625338501626e-05
5.381604696673179117e-02 9.999078590614423057e-01 9.214087304726244979e-05
5.185909980430523231e-02 9.999054304121552939e-01 9.456951984113977491e-05
4.990215264187858324e-02 9.999030017628681710e-01 9.699816663501719489e-05
4.794520547945192723e-02 9.999005731135813813e-01 9.942681342889461487e-05
4.598825831702536837e-02 9.998981444642942584e-01 1.018554602227719264e-04
4.403131115459871237e-02 9.998957158150072466e-01 1.042841070166493735e-04
4.207436399217215350e-02 9.998932871657204569e-01 1.067127538105266851e-04
4.011741682974550444e-02 9.998908585164332230e-01 1.091414006044041051e-04
3.816046966731893864e-02 9.998884298671463222e-01 1.115700473982814166e-04
3.620352250489228957e-02 9.998860012178593104e-01 1.139986941921588366e-04
3.424657534246564050e-02 9.998835725685724096e-01 1.164273409860361482e-04
3.228962818003898450e-02 9.998811439192853978e-01 1.188559877799135682e-04
3.033268101761242563e-02 9.998779230864021095e-01 1.220768196490073999e-04
2.837573385518577310e-02 9.998728791411282124e-01 1.271207673122544141e-04
2.641878669275921077e-02 9.998678351958540933e-01 1.321647149755012657e-04
2.446183953033255823e-02 9.998627912505801962e-01 1.372086626387483341e-04
2.250489236790590569e-02 9.998577473053060771e-01 1.422526103019954025e-04
2.054794520547934683e-02 9.998527033600321801e-01 1.472965579652422540e-04
1.859099804305269429e-02 9.998476594147582830e-01 1.523405056284893224e-04
1.663405088062613196e-02 9.998426154694843859e-01 1.573844532917361740e-04
1.467710371819948116e-02 9.998375715242102668e-01 1.624284009549832966e-04
1.272015655577291883e-02 9.998325275789363697e-01 1.674723486182301481e-04
1.076320939334626803e-02 9.998274836336625837e-01 1.725162962814771894e-04
8.806262230919707432e-03 9.998224396883885756e-01 1.775602439447240409e-04
6.849315068493054028e-03 9.998173957431145675e-01 1.826041916079711364e-04
4.892367906066493431e-03 9.998123517978406705e-01 1.876481392712179880e-04
2.935420743639841328e-03 9.998073078525664403e-01 1.926920869344650564e-04
9.784735812132805150e-04 9.998022639072926543e-01 1.977360345977119079e-04
-9.784735812133715880e-04 9.997934169357149958e-01 2.065830212955534662e-04
-2.935420743640114981e-03 9.997841358559762526e-01 2.158641176078099030e-04
-4.892367906066675577e-03 9.997748547762370652e-01 2.251452139200659603e-04
-6.849315068493328114e-03 9.997655736964983220e-01 2.344263102323223972e-04
-8.806262230919889578e-03 9.997562926167595787e-01 2.437074065445784545e-04
-1.076320939334654038e-02 9.997470115370206134e-01 2.529885028568349455e-04
-1.272015655577310271e-02 9.997377304572816481e-01 2.622695991690910029e-04
-1.467710371819975351e-02 9.997284493775429048e-01 2.715506954813474939e-04
-1.663405088062631584e-02 9.997191682978041616e-01 2.808317917936034428e-04
-1.859099804305296838e-02 9.997098872180649742e-01 2.901128881058599339e-04
-2.054794520547952724e-02 9.997006061383262310e-01 2.993939844181159912e-04
-2.250489236790617978e-02 9.996913250585874877e-01 3.086750807303724822e-04
-2.446183953033274211e-02 9.996820439788487445e-01 3.179561770426284854e-04
-2.641878669275939465e-02 9.996727628991095571e-01 3.272372733548849222e-04
-2.837573385518604718e-02 9.996634818193708139e-01 3.365183696671414674e-04
-3.033268101761260604e-02 9.996509133042492667e-01 3.490868890347038444e-04
-3.228962818003926205e-02 9.996349530181856124e-01 3.650471666263945024e-04
-3.424657534246582091e-02 9.996189927321216251e-01 3.810074442180846183e-04
-3.620352250489246998e-02 9.996030324460576377e-01 3.969677218097752763e-04
-3.816046966731912599e-02 9.995870721599936504e-01 4.129279994014652296e-04
-4.011741682974577505e-02 9.995711118739296630e-01 4.288882769931560502e-04
-4.207436399217233391e-02 9.995551515878660087e-01 4.448485545848461118e-04
-4.403131115459898992e-02 9.995391913018020213e-01 4.608088321765367698e-04
-4.598825831702554878e-02 9.995232310157382560e-01 4.767691097682267773e-04
-4.794520547945220479e-02 9.995072707296741576e-01 4.927293873599177063e-04
-4.990215264187876365e-02 9.994913104436102813e-01 5.086896649516075512e-04
-5.185909980430541272e-02 9.994753501575464050e-01 5.246499425432982634e-04
-5.381604696673206872e-02 9.994593898714823066e-01 5.406102201349889756e-04
-5.577299412915862759e-02 9.994434295854184302e-01 5.565704977266790372e-04
-5.772994129158528359e-02 9.994215639074129909e-01 5.784361702638148636e-04
-5.968688845401184245e-02 9.993969417671679789e-01 6.030583064422414402e-04
-6.164383561643849152e-02 9.993723196269230780e-01 6.276804426206691011e-04
-6.360078277886505038e-02 9.993476974866783991e-01 6.523025787990955693e-04
-6.555772994129170639e-02 9.993230753464334981e-01 6.769247149775234470e-04
-6.751467710371826525e-02 9.992984532061885972e-01 7.015468511559498068e-04
-6.947162426614492126e-02 9.992738310659436962e-01 7.261689873343774677e-04
-7.142857142857148012e-02 9.992492089256989063e-01 7.507911235128041528e-04
-7.338551859099813612e-02 9.992245867854538943e-01 7.754132596912318137e-04
-7.534246575342477825e-02 9.991999646452089934e-01 8.000353958696583903e-04
-7.729941291585143426e-02 9.991753425049643145e-01 8.246575320480860512e-04
-7.925636007827809026e-02 9.991425392308084241e-01 8.574608037311146416e-04
-8.121330724070464913e-02 9.991070562768611385e-01 8.929437557276988366e-04
-8.317025440313130513e-02 9.990715733229139639e-01 9.284267077242849830e-04
-8.512720156555786399e-02 9.990360903689667893e-01 9.639096597208693948e-04
-8.708414872798452000e-02 9.990006074150195037e-01 9.993926117174553245e-04
-8.904109589041107886e-02 9.989651244610723291e-01 1.034875563714039845e-03
-9.099804305283773487e-02 9.989296415071251545e-01 1.070358515710625666e-03
-9.295499021526429373e-02 9.988941585531778689e-01 1.105841467707210186e-03
-9.491193737769093586e-02 9.988586755992308053e-01 1.141324419703796007e-03
-9.686888454011750860e-02 9.988143061275458479e-01 1.185693889433243886e-03
-9.882583170254415073e-02 9.987669568210721938e-01 1.233043193949944286e-03
-1.007827788649707096e-01 9.987196075145987617e-01 1.280392498466641649e-03
-1.027397260273973656e-01 9.986722582081251076e-01 1.327741802983341832e-03
-1.046966731898240216e-01 9.986249089016516756e-01 1.375091107500042015e-03
-1.066536203522505805e-01 9.985775595951780215e-01 1.422440412016739812e-03
-1.086105675146772365e-01 9.985302102887047004e-01 1.469789716533439995e-03
-1.105675146771037953e-01 9.984768946595474759e-01 1.523105343058666402e-03
-1.125244618395304513e-01 9.984161027443454461e-01 1.583897254782825822e-03
-1.144814090019570935e-01 9.983553108291434164e-01 1.644689166506982207e-03
-1.164383561643837495e-01 9.982945189139412756e-01 1.705481078231141194e-03
-1.183953033268103083e-01 9.982337269987391348e-01 1.766272989955297579e-03
-1.203522504892369643e-01 9.981729350835372161e-01 1.827064901679456782e-03
-1.223091976516635232e-01 9.981115034821901322e-01 1.888496499463806176e-03
-1.242661448140901792e-01 9.980360182276637460e-01 1.963981748570387161e-03
-1.262230919765167381e-01 9.979605329731371377e-01 2.039466997676964675e-03
-1.281800391389433802e-01 9.978850477186103074e-01 2.114952246783545660e-03
-1.301369863013700501e-01 9.978095624640836991e-01 2.190437495890127078e-03
-1.320939334637966089e-01 9.977340772095570909e-01 2.265922744996705027e-03
-1.340508806262232511e-01 9.976507573113442273e-01 2.349242639884553414e-03
-1.360078277886498099e-01 9.975584100317367309e-01 2.441589918581096690e-03
-1.379647749510764798e-01 9.974660627521290124e-01 2.533937197277643435e-03
-1.399217221135030387e-01 9.973737154725215159e-01 2.626284475974186711e-03
-1.418786692759296808e-01 9.972813681929137974e-01 2.718631754670734323e-03
-1.438356164383562397e-01 9.971813396934399165e-01 2.818660253956024354e-03
-1.457925636007828818e-01 9.970716775268455567e-01 2.928322421267796384e-03
-1.477495107632094684e-01 9.969620153602511969e-01 3.037984588579564077e-03
-1.497064579256361938e-01 9.968523531936568371e-01 3.147646755891336107e-03
-1.516634050880628637e-01 9.967426910270624774e-01 3.257308923203108570e-03
-1.536203522504894226e-01 9.966153452878470098e-01 3.384654663317527602e-03
-1.555772994129160647e-01 9.964873456301512888e-01 3.512654321918847085e-03
-1.575342465753426235e-01 9.963593459724555679e-01 3.640653980520162231e-03
-1.594911937377692657e-01 9.962313463147598469e-01 3.768653639121481713e-03
-1.614481409001958245e-01 9.960856038858743045e-01 3.914396069013351999e-03
-1.634050880626224944e-01 9.959385870832637710e-01 4.061412872637479993e-03
-1.653620352250490533e-01 9.957915702806532376e-01 4.208429676261601915e-03
-1.673189823874756954e-01 9.956374060402013448e-01 4.362593915500055652e-03
-1.692759295499022543e-01 9.954669374603761778e-01 4.533062489031260828e-03
-1.712328767123289242e-01 9.952964688805510107e-01 4.703531062562472942e-03
-1.731898238747554830e-01 9.951260003007258437e-01 4.873999636093676383e-03
-1.751467710371821251e-01 9.949419094546367859e-01 5.058090482892114645e-03
-1.771037181996087673e-01 9.947513061305908177e-01 5.248693810995746709e-03
-1.790606653620353539e-01 9.945607028065447386e-01 5.439297139099370099e-03
-1.810176125244619960e-01 9.943573359481530094e-01 5.642663996784706010e-03
-1.829745596868885549e-01 9.941396861509490535e-01 5.860313787951194550e-03
-1.849315068493151970e-01 9.939220363537450975e-01 6.077963579117691764e-03
-1.868884540117418669e-01 9.936984332230984762e-01 6.301566706479876968e-03
-1.888454011741685090e-01 9.934585085914983127e-01 6.541491342342780832e-03
-1.908023483365950679e-01 9.932185839598983712e-01 6.781415978205671685e-03
-1.927592954990217378e-01 9.929675529928635447e-01 7.032446939034157213e-03
-1.947162426614482966e-01 9.927014998658014733e-01 7.298500045729442234e-03
-1.966731898238749388e-01 9.924354467387395129e-01 7.564553152424742868e-03
-1.986301369863014976e-01 9.921522771774553551e-01 7.847722697868082450e-03
-2.005870841487281397e-01 9.918568580045326044e-01 8.143141858188620436e-03
-2.025440313111548096e-01 9.915614388316098538e-01 8.438561018509158421e-03
-2.045009784735813685e-01 9.912526035777566857e-01 8.747396265534456566e-03
-2.064579256360080106e-01 9.909302706781254466e-01 9.069729164147367906e-03
-2.084148727984345695e-01 9.905978265421575557e-01 9.402173303448915082e-03
-2.103718199608612394e-01 9.902552711698525689e-01 9.744728683439132788e-03
-2.123287671232877982e-01 9.899026045612112634e-01 1.009739530411798633e-02
-2.142857142857144404e-01 9.895393347498500081e-01 1.046066513065939223e-02
-2.162426614481409992e-01 9.891560924024774826e-01 1.084390747333157864e-02
-2.181996086105676413e-01 9.887596923627540724e-01 1.124030750522024731e-02
-2.201565557729942280e-01 9.883501346306802215e-01 1.164986522632536006e-02
-2.221135029354208701e-01 9.879274192062550419e-01 1.207258063664696027e-02
-2.240704500978475122e-01 9.874915460894793107e-01 1.250845373618500456e-02
-2.260273972602741821e-01 9.870389527605291091e-01 1.296104704982684735e-02
-2.279843444227008242e-01 9.865650138313972750e-01 1.343498597215402393e-02
-2.299412915851273831e-01 9.860747534408957904e-01 1.392524635721308773e-02
-2.318982387475540252e-01 9.855681715890249883e-01 1.443182820500408386e-02
-2.338551859099806118e-01 9.850452682757844247e-01 1.495473151552695855e-02
-2.358121330724072540e-01 9.845060435011749878e-01 1.549395628878176730e-02
-2.377690802348338128e-01 9.839426534486379605e-01 1.605734633524733002e-02
-2.397260273972604550e-01 9.833563541552678977e-01 1.664364561880306986e-02
-2.416829745596870138e-01 9.827501520549247749e-01 1.724984770791841010e-02
-2.436399217221136837e-01 9.821240471476091471e-01 1.787595260259342012e-02
-2.455968688845402426e-01 9.814780394333206814e-01 1.852196030282803746e-02
-2.475538160469668847e-01 9.808121059269767628e-01 1.918789379371999698e-02
-2.495107632093934436e-01 9.801166578042708188e-01 1.988334190582016422e-02
-2.514677103718200857e-01 9.793966373855128582e-01 2.060336231560007392e-02
-2.534246575342467556e-01 9.786513464247754701e-01 2.134865326944143660e-02
-2.553816046966733144e-01 9.778800866761321320e-01 2.211991301372597668e-02
-2.573385518590999843e-01 9.770821598936558772e-01 2.291783979483552613e-02
-2.592954990215265432e-01 9.762568678314188508e-01 2.374313185915176427e-02
-2.612524461839531575e-01 9.754035122434948635e-01 2.459648745305652653e-02
-2.632093933463798274e-01 9.745213948839561713e-01 2.547860482293148876e-02
-2.651663405088064973e-01 9.736098175068761407e-01 2.639018221515850027e-02
-2.671232876712330562e-01 9.726680818663275829e-01 2.733191787611921608e-02
-2.690802348336597261e-01 9.716954897163836424e-01 2.830451005219549593e-02
-2.710371819960862849e-01 9.706880789426002298e-01 2.931192084288215816e-02
-2.729941291585128993e-01 9.696453172660441933e-01 3.035468252835051353e-02
-2.749510763209394582e-01 9.685679888205509513e-01 3.143201098221603401e-02
-2.769080234833661280e-01 9.674552499258239902e-01 3.254474988454304774e-02
-2.788649706457926869e-01 9.663062569015677949e-01 3.369374291539573019e-02
-2.808219178082193568e-01 9.651201660674862959e-01 3.487983375483841297e-02
-2.827788649706459712e-01 9.638961337432838672e-01 3.610386608293529587e-02
-2.847358121330726410e-01 9.626333162486639949e-01 3.736668357975062721e-02
-2.866927592954990889e-01 9.613308699033316085e-01 3.866912992534854432e-02
-2.886497064579257588e-01 9.599879510269901939e-01 4.001204879979350371e-02
-2.906066536203524286e-01 9.586015331561116293e-01 4.139846667039692729e-02
-2.925636007827790430e-01 9.571686190075017198e-01 4.283138082408351199e-02
-2.945205479452055464e-01 9.556910299861590685e-01 4.430896985072040051e-02
-2.964774951076322163e-01 9.541677832898568523e-01 4.583221655255846627e-02
-2.984344422700589416e-01 9.525978961163689140e-01 4.740210373184822190e-02
-3.003913894324856115e-01 9.509803856634687635e-01 4.901961419084029103e-02
-3.023483365949122259e-01 9.493142691289300217e-01 5.068573073178535282e-02
-3.043052837573387293e-01 9.475985637105264203e-01 5.240143615693386436e-02
-3.062622309197653436e-01 9.458322866060314693e-01 5.416771326853676849e-02
-3.082191780821920135e-01 9.440144550132190115e-01 5.598554486884455006e-02
-3.101761252446186834e-01 9.421435715112845832e-01 5.785642837832407487e-02
-3.121330724070451312e-01 9.402161349086932685e-01 5.978386498676822869e-02
-3.140900195694718011e-01 9.382332328214391115e-01 6.176676707965965407e-02
-3.160469667318984155e-01 9.361937980268199011e-01 6.380620187966587475e-02
-3.180039138943250854e-01 9.340967633021319827e-01 6.590323660945469897e-02
-3.199608610567515332e-01 9.319410614246737001e-01 6.805893849169358800e-02
-3.219178082191782031e-01 9.297256251717417319e-01 7.027437474905073866e-02
-3.238747553816049285e-01 9.274493873206333117e-01 7.255061260419358449e-02
-3.258317025440315429e-01 9.251112806486461171e-01 7.488871927978993370e-02
-3.277886497064582683e-01 9.227102379330773818e-01 7.728976199850753903e-02
-3.297455968688846606e-01 9.202451919512242284e-01 7.975480798301384788e-02
-3.317025440313113860e-01 9.177160289465500220e-01 8.228397098970274826e-02
-3.336594911937379448e-01 9.151210673036975773e-01 8.487893263396650845e-02
-3.356164383561646702e-01 9.124592110456808403e-01 8.754078889275876407e-02
-3.375733855185910626e-01 9.097294184476635293e-01 9.027058149087821559e-02
-3.395303326810177880e-01 9.069306477848080306e-01 9.306935215312445164e-02
-3.414872798434443468e-01 9.040618573322778406e-01 9.593814260429625596e-02
-3.434442270058711277e-01 9.011220053652363449e-01 9.887799456919266206e-02
-3.454011741682974646e-01 8.981100501588461515e-01 1.018899497726124814e-01
-3.473581213307242455e-01 8.950249499882700910e-01 1.049750499393551917e-01
-3.493150684931508043e-01 8.918656631286719927e-01 1.081343367942197015e-01
-3.512720156555775297e-01 8.886350827989208945e-01 1.113649171197358123e-01
-3.532289628180040886e-01 8.853312254663294745e-01 1.146687744482093596e-01
-3.551859099804306474e-01 8.819517789679340858e-01 1.180482209421017115e-01
-3.571428571428574283e-01 8.784958458768609146e-01 1.215041540283019472e-01
-3.590998043052839872e-01 8.749625287662363693e-01 1.250374711336981470e-01
-3.610567514677107126e-01 8.713509302091867470e-01 1.286490696851787241e-01
-3.630136986301371049e-01 8.676601527788394552e-01 1.323398471096318141e-01
-3.649706457925638303e-01 8.638892990483193479e-01 1.361107008339463853e-01
-3.669275929549903892e-01 8.600374715907539436e-01 1.399625282850106012e-01
-3.688845401174171146e-01 8.561037729792693174e-01 1.438962268897129304e-01
-3.708414872798435069e-01 8.520900924855980829e-01 1.479099073774921558e-01
-3.727984344422702323e-01 8.479974096328353195e-01 1.520025902260459527e-01
-3.747553816046967912e-01 8.438225786019574182e-01 1.561774212534812745e-01
-3.767123287671235721e-01 8.395650512855332703e-01 1.604349485673878251e-01
-3.786692759295501309e-01 8.352242997417659298e-01 1.647757001097315543e-01
-3.806262230919766898e-01 8.307998161944907256e-01 1.692001836568531037e-01
-3.825831702544032487e-01 8.262911130331749288e-01 1.737088868194704705e-01
-3.845401174168299741e-01 8.216977228129190847e-01 1.783022770426760939e-01
-3.864970645792565329e-01 8.170191982544565690e-01 1.829808016059385478e-01
-3.884540117416830918e-01 8.122551122441531435e-01 1.877448876231015140e-01
-3.904109589041098727e-01 8.074077239359347402e-01 1.925922759380884752e-01
-3.923679060665364315e-01 8.024848315761112794e-01 1.975151682975426481e-01
-3.943248532289631569e-01 7.974797708396865747e-01 2.025202290322917209e-01
-3.962818003913895493e-01 7.923928667438734363e-01 2.076071331247696938e-01
-3.982387475538162747e-01 7.872245037602908502e-01 2.127754961029776348e-01
-4.001956947162428335e-01 7.819751258149680861e-01 2.180248740404802654e-01
-4.021526418786695589e-01 7.766452362883409233e-01 2.233547635564087641e-01
-4.041095890410961178e-01 7.712353980152535371e-01 2.287646018154594341e-01
-4.060665362035226766e-01 7.657462332849590547e-01 2.342537665278934811e-01
-4.080234833659492910e-01 7.601784238411162242e-01 2.398215759495393451e-01
-4.099804305283760164e-01 7.545324646206255093e-01 2.454675351432177022e-01
-4.119373776908025753e-01 7.487824418387003522e-01 2.512175579213604681e-01
-4.138943248532291341e-01 7.429466326692752975e-01 2.570533670910484236e-01
-4.158512720156556930e-01 7.370245210964783134e-01 2.629754786690509105e-01
-4.178082191780824184e-01 7.310155654051769814e-01 2.689844343714604680e-01
-4.197651663405089772e-01 7.249191981809779417e-01 2.750808016136953027e-01
-4.217221135029355361e-01 7.187348263102255608e-01 2.812651735104979567e-01
-4.236790606653620950e-01 7.124618309800014870e-01 2.875381688759377496e-01
-4.256360078277888759e-01 7.060995676781276487e-01 2.939004322234070599e-01
-4.275929549902154347e-01 6.996473661931639221e-01 3.003526337656236000e-01
-4.295499021526421601e-01 6.931045306144079099e-01 3.068954694146307505e-01
-4.315068493150687190e-01 6.865207093830318907e-01 3.134792906915762067e-01
-4.334637964774952779e-01 6.798796174208796561e-01 3.201203826881404702e-01
-4.354207436399220033e-01 6.731719899184407385e-01 3.268280102219547345e-01
-4.373776908023486176e-01 6.664007444732613639e-01 3.335992556941833609e-01
-4.393346379647751765e-01 6.595689838170102348e-01 3.404310163717676474e-01
-4.412915851272017354e-01 6.526799958154767545e-01 3.473200043874290488e-01
-4.432485322896284607e-01 6.457372534685739129e-01 3.542627467396651242e-01
-4.452054794520550196e-01 6.387444149103352897e-01 3.612555852927518685e-01
-4.471624266144815785e-01 6.317053234089178293e-01 3.682946767767426577e-01
-4.491193737769081373e-01 6.246240073665967341e-01 3.753759927874712465e-01
-4.510763209393348627e-01 6.174596731784315340e-01 3.825403269617411728e-01
-4.530332681017614216e-01 6.102013480654122635e-01 3.897986520880339922e-01
-4.549902152641882025e-01 6.028802231763747965e-01 3.971197769953090928e-01
-4.569471624266145393e-01 5.954962121283724485e-01 4.045037880678739040e-01
-4.589041095890413202e-01 5.880491345479390564e-01 4.119508656806650793e-01
-4.608610567514678791e-01 5.805387160710927530e-01 4.194612841992443331e-01
-4.628180039138946045e-01 5.729645883433351905e-01 4.270354119798013270e-01
-4.647749510763211633e-01 5.653262890196486534e-01 4.346737113691521159e-01
-4.667318982387477222e-01 5.576232617644982792e-01 4.423767387047418120e-01
-4.686888454011745031e-01 5.498548562518323912e-01 4.501451443146409770e-01
-4.706457925636010620e-01 5.420510276250165571e-01 4.579489730291674832e-01
-4.726027397260276208e-01 5.342706414684719185e-01 4.657293592108176505e-01
-4.745596868884541797e-01 5.264626630954709618e-01 4.735373375950917008e-01
-4.765166340508809051e-01 5.186319730529322936e-01 4.813680276320563278e-01
-4.784735812133074639e-01 5.107837020604202305e-01 4.892162985989229607e-01
-4.804305283757341893e-01 5.029232310101452441e-01 4.970767696000475966e-01
-4.823874755381605817e-01 4.950561909669651817e-01 5.049438095669296356e-01
-4.843444227005873071e-01 4.871884631683824352e-01 5.128115372582155995e-01
-4.863013698630138659e-01 4.793261790245473275e-01 5.206738212596937476e-01
-4.882583170254406468e-01 4.714757201182566693e-01 5.285242799842972961e-01
-4.902152641878670392e-01 4.636281759552908222e-01 5.363718239370169893e-01
-4.921722113502937646e-01 4.556012257688974998e-01 5.443987740651601293e-01
-4.941291585127203234e-01 4.475402688165520670e-01 5.524597309701361203e-01
-4.960861056751470488e-01 4.394450806929482978e-01 5.605549190592731268e-01
-4.980430528375734411e-01 4.313154369927811871e-01 5.686845627398979808e-01
-5.000000000000002220e-01 4.231511133107431766e-01 5.768488864193395127e-01
-5.000000000000000000e-01 4.231511133107431766e-01 5.768488864193395127e-01
-4.980430528375733301e-01 4.168425298187665717e-01 5.831574701260314741e-01
-4.960861056751467713e-01 4.123390650795931700e-01 5.876609349051791220e-01
-4.941291585127201569e-01 4.085774012182039061e-01 5.914225994556178145e-01
-4.921722113502935980e-01 4.054052103258294348e-01 5.945947906037100106e-01
-4.902152641878669281e-01 4.025870917803230919e-01 5.974129091681205095e-01
-4.882583170254402583e-01 4.001419141901748633e-01 5.998580865366702763e-01
-4.863013698630136994e-01 3.980646860149117394e-01 6.019353145957966333e-01
-4.843444227005870295e-01 3.963544781579129150e-01 6.036455224135388598e-01
-4.823874755381604706e-01 3.949014137175039796e-01 6.050985868125271505e-01
-4.804305283757338563e-01 3.937031990920181745e-01 6.062968013935416955e-01
-4.784735812133071864e-01 3.927766158505488492e-01 6.072233845939778440e-01
-4.765166340508806275e-01 3.921216639930955039e-01 6.078783364138349299e-01
-4.745596868884539576e-01 3.916416857669460239e-01 6.083583144847720670e-01
-4.726027397260273988e-01 3.913459025916832812e-01 6.086540973987539793e-01
-4.706457925636007844e-01 3.912652802219577231e-01 6.087347194399127526e-01
-4.686888454011742255e-01 3.913998186577690719e-01 6.086001806082479426e-01
-4.667318982387475557e-01 3.916657456511938307e-01 6.083342532846549577e-01
-4.647749510763208858e-01 3.920479721123526495e-01 6.079520265829638781e-01
-4.628180039138943269e-01 3.925876370068214216e-01 6.074123614722992670e-01
-4.608610567514677125e-01 3.932847403346000359e-01 6.067152579526606804e-01
-4.589041095890410982e-01 3.940923900504639255e-01 6.059076080855281266e-01
-4.569471624266144838e-01 3.949844988987514793e-01 6.050154991356063716e-01
-4.549902152641878139e-01 3.959949746855279118e-01 6.040050232850766587e-01
-4.530332681017612551e-01 3.971238174107932783e-01 6.028761805339380997e-01
-4.510763209393345852e-01 3.983557583279051517e-01 6.016442396351364685e-01
-4.491193737769080263e-01 3.996667101542631939e-01 6.003332878812160933e-01
-4.471624266144814119e-01 4.010654033805091112e-01 5.989345947779312063e-01
-4.452054794520547421e-01 4.025462899018236174e-01 5.974537084323907621e-01
-4.432485322896281832e-01 4.041040832665757088e-01 5.958959152658571679e-01
-4.412915851272015133e-01 4.057339016936154508e-01 5.942660969785988900e-01
-4.393346379647749544e-01 4.074299578620397821e-01 5.925700409236686061e-01
-4.373776908023483401e-01 4.091868306509476860e-01 5.908131682084076797e-01
-4.354207436399216702e-01 4.110019534126503893e-01 5.889980454867069781e-01
-4.334637964774951113e-01 4.128822173801968143e-01 5.871177815971979630e-01
-4.315068493150684414e-01 4.148178227770549786e-01 5.851821762725391007e-01
-4.295499021526418826e-01 4.168053732892926799e-01 5.831946258271207828e-01
-4.275929549902152127e-01 4.188414726029782154e-01 5.811585265753327345e-01
-4.256360078277886538e-01 4.209227244041796601e-01 5.790772748315650142e-01
-4.236790606653620395e-01 4.230457323789651447e-01 5.769542669102079024e-01
-4.217221135029353696e-01 4.252071002134026334e-01 5.747928991256512354e-01
-4.197651663405088107e-01 4.274037519058520584e-01 5.725962474802699376e-01
-4.178082191780821408e-01 4.296414276097820784e-01 5.703585718289281292e-01
-4.158512720156555820e-01 4.319109986427699388e-01 5.680890008495655952e-01
-4.138943248532289676e-01 4.342095421329857374e-01 5.657904574148788779e-01
-4.119373776908022977e-01 4.365341352085994053e-01 5.634658643975642978e-01
-4.099804305283757389e-01 4.388818549977812067e-01 5.611181446703180642e-01
-4.080234833659490690e-01 4.412497786287006285e-01 5.587502211058361645e-01
-4.060665362035224546e-01 4.436349832295282125e-01 5.563650165768156963e-01
-4.041095890410958957e-01 4.460345459284335012e-01 5.539654539559518698e-01
-4.021526418786692814e-01 4.484649833755601778e-01 5.515350165663066573e-01
-4.001956947162426670e-01 4.509148342147846211e-01 5.490851657770201566e-01
-3.982387475538159971e-01 4.533791393699471151e-01 5.466208606680149629e-01
-3.962818003913894382e-01 4.558558589207470368e-01 5.441441411592020660e-01
-3.943248532289627684e-01 4.583429529468831531e-01 5.416570471704926781e-01
-3.923679060665361540e-01 4.608383815280542861e-01 5.391616186217972340e-01
-3.904109589041095951e-01 4.633401047439594245e-01 5.366598954330272786e-01
-3.884540117416829252e-01 4.658460826742974459e-01 5.341539175240934689e-01
-3.864970645792563664e-01 4.683684668180072563e-01 5.316315334241259460e-01
-3.845401174168296965e-01 4.709048565777514961e-01 5.290951437293476278e-01
-3.825831702544030821e-01 4.734478595480156038e-01 5.265521408341502507e-01
-3.806262230919765233e-01 4.759962967200529471e-01 5.240037037486167115e-01
-3.786692759295498534e-01 4.785489890851168937e-01 5.214510114828295739e-01
-3.767123287671232945e-01 4.811047576344613663e-01 5.188952430468715127e-01
-3.747553816046966246e-01 4.836624233593397881e-01 5.163375774508252025e-01
-3.727984344422700103e-01 4.862208072510056933e-01 5.137791937047733182e-01
-3.708414872798433959e-01 4.887827858260522795e-01 5.112172152380409784e-01
-3.688845401174168370e-01 4.913501348797451040e-01 5.086498662163214668e-01
-3.669275929549902227e-01 4.939181373324454394e-01 5.060818637689372679e-01
-3.649706457925635528e-01 4.964859737713531729e-01 5.035140273051108561e-01
-3.630136986301369384e-01 4.990528247836684139e-01 5.009471762340644840e-01
-3.610567514677103240e-01 5.016178709565909388e-01 4.983821299650213477e-01
-3.590998043052837096e-01 5.041802928773212455e-01 4.958197079072032554e-01
-3.571428571428571508e-01 5.067392711330589439e-01 4.932607294698325151e-01
-3.551859099804304809e-01 5.092941843193119489e-01 4.907058160882992182e-01
-3.532289628180038665e-01 5.118447607136298316e-01 4.881552395768339880e-01
-3.512720156555772522e-01 5.143898244291793542e-01 4.856101757566271271e-01
-3.493150684931506378e-01 5.169286261782235492e-01 4.830713739240473092e-01
-3.473581213307240789e-01 5.194604216605830382e-01 4.805395783887740357e-01
-3.454011741682974090e-01 5.219844715636371424e-01 4.780155284737971355e-01
-3.434442270058708502e-01 5.245000415623217727e-01 4.754999585154168207e-01
-3.414872798434441803e-01 5.270064023191323166e-01 4.729935978632444638e-01
-3.395303326810175659e-01 5.295026031738763184e-01 4.704973971716475689e-01
-3.375733855185909515e-01 5.319848238361637449e-01 4.680151764872979014e-01
-3.356164383561643372e-01 5.344541515738527870e-01 4.655458487066908013e-01
-3.336594911937377783e-01 5.369095966043265777e-01 4.630904036047328587e-01
-3.317025440313111084e-01 5.393501539136523748e-01 4.606498461868347993e-01
-3.297455968688844941e-01 5.417748032565812277e-01 4.582251966889132055e-01
-3.277886497064578797e-01 5.441825091565488659e-01 4.558174905773891283e-01
-3.258317025440312653e-01 5.465722209056740333e-01 4.534277785491886426e-01
-3.238747553816047065e-01 5.489428725647598206e-01 4.510571265317434575e-01
-3.219178082191780366e-01 5.512998747038544423e-01 4.487001242908559284e-01
-3.199608610567514777e-01 5.536395017144213337e-01 4.463604972805589877e-01
-3.180039138943248078e-01 5.559605833459890789e-01 4.440394157339803138e-01
-3.160469667318981379e-01 5.582626375147977660e-01 4.417373617544763098e-01
-3.140900195694715791e-01 5.605452108401350886e-01 4.394547887439040346e-01
-3.121330724070449647e-01 5.628078786443345694e-01 4.371921214026213143e-01
-3.101761252446184058e-01 5.650502449527772253e-01 4.349497557294864647e-01
-3.082191780821917360e-01 5.672719424938885702e-01 4.327280590218591794e-01
-3.062622309197651216e-01 5.694760171351944678e-01 4.305239848594394347e-01
-3.043052837573385072e-01 5.716621022162056143e-01 4.283378999413327559e-01
-3.023483365949118928e-01 5.738291405016130442e-01 4.261708616662962523e-01
-3.003913894324852785e-01 5.759773201328535208e-01 4.240226818493459393e-01
-2.984344422700586641e-01 5.781068883742406239e-01 4.218931131789552813e-01
-2.964774951076320497e-01 5.802181516129648609e-01 4.197818492170523608e-01
-2.945205479452054353e-01 5.823114753590932224e-01 4.176885243990229313e-01
-2.925636007827788210e-01 5.843872842455692940e-01 4.156127140337074755e-01
-2.906066536203522066e-01 5.864475787965011122e-01 4.135524183903922513e-01
-2.886497064579256477e-01 5.884939102857245086e-01 4.115060866983049070e-01
-2.866927592954989779e-01 5.905259481070141980e-01 4.094740489685763651e-01
-2.847358121330723080e-01 5.925446336490489685e-01 4.074553638976802228e-01
-2.827788649706456936e-01 5.945509870332529312e-01 4.054490114567360637e-01
-2.808219178082191347e-01 5.965461071137931892e-01 4.034538928915096800e-01
-2.788649706457925204e-01 5.985311714775820580e-01 4.014688307224130726e-01
-2.769080234833659060e-01 6.005074364442760659e-01 3.994925687445042284e-01
-2.749510763209392916e-01 6.024686002469962220e-01 3.975314077914137156e-01
-2.729941291585126772e-01 6.043994189458745669e-01 3.956005896305258007e-01
-2.710371819960860629e-01 6.063126158392234677e-01 3.936873926524295797e-01
-2.690802348336594485e-01 6.082074181507939326e-01 3.917925894537223064e-01
-2.671232876712328341e-01 6.100829655940409602e-01 3.899170401257158747e-01
-2.651663405088062198e-01 6.119383103721218742e-01 3.880616922544355418e-01
-2.632093933463796054e-01 6.137724171778980997e-01 3.862275809206209276e-01
-2.612524461839529355e-01 6.155841631939329428e-01 3.844158286997250706e-01
-2.592954990215263211e-01 6.173731219341245247e-01 3.826268626452171695e-01
-2.573385518590997623e-01 6.191450023045672602e-01 3.808549803698979552e-01
-2.553816046966731479e-01 6.208949074698453252e-01 3.791050738915799356e-01
-2.534246575342465335e-01 6.226223270715905977e-01 3.773776536855086849e-01
-2.514677103718199191e-01 6.243267507514345116e-01 3.756732302269296109e-01
-2.495107632093933048e-01 6.260076681510080565e-01 3.739923139910880101e-01
-2.475538160469666626e-01 6.276645689119426663e-01 3.723354154532294569e-01
-2.455968688845400483e-01 6.292969426758697749e-01 3.707030450885989703e-01
-2.436399217221134617e-01 6.309042790844210380e-01 3.690957133724422357e-01
-2.416829745596868473e-01 6.324884507620658347e-01 3.675115425521984225e-01
-2.397260273972602329e-01 6.340476094461163781e-01 3.659523839521726662e-01
-2.377690802348336185e-01 6.355811872577031840e-01 3.644188056947135212e-01
-2.358121330724069764e-01 6.370887714232424948e-01 3.629112204554971743e-01
-2.338551859099803620e-01 6.385699491691498864e-01 3.614300409101993683e-01
-2.318982387475537754e-01 6.400243077218411569e-01 3.599756797344961790e-01
-2.299412915851271055e-01 6.414514343077319936e-01 3.585485496040633491e-01
-2.279843444227005189e-01 6.428509161532384164e-01 3.571490631945769545e-01
-2.260273972602739045e-01 6.442596723031090988e-01 3.557403045540907249e-01
-2.240704500978472902e-01 6.456689311081170723e-01 3.543310445194994829e-01
-2.221135029354206758e-01 6.470690745640450547e-01 3.529309002103506732e-01
-2.201565557729940892e-01 6.484616810044862012e-01 3.515382933653205533e-01
-2.181996086105674748e-01 6.498483287630336669e-01 3.501516457230855472e-01
-2.162426614481408604e-01 6.512305961732809401e-01 3.487693790223220791e-01
-2.142857142857142461e-01 6.526100615688207318e-01 3.473899150017063508e-01
-2.123287671232876039e-01 6.539883032832465304e-01 3.460116753999147310e-01
-2.103718199608609618e-01 6.553668996501514910e-01 3.446330819556236436e-01
-2.084148727984343474e-01 6.567474290031287687e-01 3.432525564075095681e-01
-2.064579256360077331e-01 6.581314696757718519e-01 3.418685204942485401e-01
-2.045009784735811464e-01 6.594984551018342467e-01 3.405015396841317710e-01
-2.025440313111545321e-01 6.608130345504337200e-01 3.391869628288332050e-01
-2.005870841487279177e-01 6.621153500172478612e-01 3.378846500428017707e-01
-1.986301369863013033e-01 6.634052211587031511e-01 3.365947816489444078e-01
-1.966731898238747167e-01 6.646824676312274027e-01 3.353175379701683889e-01
-1.947162426614481023e-01 6.659469090912475409e-01 3.340530993293799877e-01
-1.927592954990214602e-01 6.671983651951902683e-01 3.328016460494864215e-01
-1.908023483365948458e-01 6.684366555994836201e-01 3.315633584533946854e-01
-1.888454011741682315e-01 6.696615999605541880e-01 3.303384168640114416e-01
-1.868884540117416448e-01 6.708730179348294520e-01 3.291270016042436852e-01
-1.849315068493149750e-01 6.720707291787362259e-01 3.279292929969984116e-01
-1.829745596868883606e-01 6.732545533487017675e-01 3.267454713651825049e-01
-1.810176125244617740e-01 6.744209006218484515e-01 3.255791255157393094e-01
-1.790606653620351596e-01 6.755717566258347961e-01 3.244282704326176825e-01
-1.771037181996085452e-01 6.767071606698586983e-01 3.232928668500729685e-01
-1.751467710371819031e-01 6.778268555618673918e-01 3.221731719170594643e-01
-1.731898238747552887e-01 6.789305841098072225e-01 3.210694427825309116e-01
-1.712328767123286744e-01 6.800180891216258683e-01 3.199819365954416073e-01
-1.692759295499020877e-01 6.810891134052696749e-01 3.189109105047455150e-01
-1.673189823874754734e-01 6.821433997686865425e-01 3.178566216593968763e-01
-1.653620352250488590e-01 6.831806910198223726e-01 3.168193272083495993e-01
-1.634050880626222724e-01 6.842007299666247322e-01 3.157992843005578143e-01
-1.614481409001956025e-01 6.852032594170409663e-01 3.147967500849757627e-01
-1.594911937377690159e-01 6.862009315306276669e-01 3.137990739306256716e-01
-1.575342465753424015e-01 6.871987100019414374e-01 3.128012927354815176e-01
-1.555772994129157316e-01 6.881854488591583330e-01 3.118145511025887662e-01
-1.536203522504891450e-01 6.891614518253788013e-01 3.108385453340374860e-01
-1.516634050880625306e-01 6.901270226237039562e-01 3.098729717319178567e-01
-1.497064579256359163e-01 6.910824649772348005e-01 3.089175265983200580e-01
-1.477495107632093296e-01 6.920280826090713377e-01 3.079719062353342141e-01
-1.457925636007827153e-01 6.929641792423154589e-01 3.070358069450507266e-01
-1.438356164383561009e-01 6.938910586000672787e-01 3.061089250295591646e-01
-1.418786692759294865e-01 6.948090244054276887e-01 3.051909567909503185e-01
-1.399217221135028999e-01 6.957183803814974699e-01 3.042815985313138682e-01
-1.379647749510762300e-01 6.966201627268504559e-01 3.033798141312119556e-01
-1.360078277886495879e-01 6.975231824270959891e-01 3.024767932567502537e-01
-1.340508806262229735e-01 6.984209811885835339e-01 3.015789937287761124e-01
-1.320939334637963869e-01 6.993140609978367728e-01 3.006859136005575750e-01
-1.301369863013697725e-01 7.002029238413800538e-01 2.997970509253627958e-01
-1.281800391389431582e-01 7.010880717057375033e-01 2.989119037564599290e-01
-1.262230919765165438e-01 7.019700065774328035e-01 2.980299701471171847e-01
-1.242661448140899433e-01 7.028492304429905246e-01 2.971507481506028836e-01
-1.223091976516633428e-01 7.037262452889345710e-01 2.962737358201851245e-01
-1.203522504892367284e-01 7.046015531017888467e-01 2.953984312091320064e-01
-1.183953033268100863e-01 7.054756558680778111e-01 2.945243323707117389e-01
-1.164383561643834719e-01 7.063490555743252575e-01 2.936509373581927540e-01
-1.144814090019568714e-01 7.072039040133060173e-01 2.927960923131288640e-01
-1.125244618395302570e-01 7.080441776229742246e-01 2.919558212360098270e-01
-1.105675146771036566e-01 7.088776952456949942e-01 2.911223061637833731e-01
-1.086105675146770005e-01 7.097043811550431958e-01 2.902956227963815472e-01
-1.066536203522504417e-01 7.105241596245932545e-01 2.894758468337363388e-01
-1.046966731898237857e-01 7.113369549279209281e-01 2.886630539757796265e-01
-1.027397260273972268e-01 7.121426913385999757e-01 2.878573199224432333e-01
-1.007827788649705292e-01 7.129412931302052669e-01 2.870587203736591486e-01
-9.882583170254388705e-02 7.137326845763123373e-01 2.862673310293594175e-01
-9.686888454011731431e-02 7.145167899504947240e-01 2.854832275894756966e-01
-9.491193737769067218e-02 7.152935335263284067e-01 2.847064857539401972e-01
-9.295499021526411332e-02 7.160613842884804292e-01 2.839386364142381103e-01
-9.099804305283745731e-02 7.168166005112255323e-01 2.831834210243600047e-01
-8.904109589041089845e-02 7.175626374721567613e-01 2.824373845164304120e-01
-8.708414872798424244e-02 7.182992939409684752e-01 2.817007280858664919e-01
-8.512720156555768358e-02 7.190263686873529236e-01 2.809736529280862372e-01
-8.317025440313102758e-02 7.197436604810043548e-01 2.802563602385069186e-01
-8.121330724070446871e-02 7.204509680916155734e-01 2.795490512125461402e-01
-7.925636007827781271e-02 7.211480902888796063e-01 2.788519270456214505e-01
-7.729941291585125385e-02 7.218348258424909236e-01 2.781651889331505645e-01
-7.534246575342459784e-02 7.225109735221421081e-01 2.774890380705508641e-01
-7.338551859099795571e-02 7.231763320975267417e-01 2.768236756532401754e-01
-7.142857142857129971e-02 7.238307003383380733e-01 2.761693028766358804e-01
-6.947162426614464370e-02 7.244928827933508897e-01 2.755071176384669140e-01
-6.751467710371808484e-02 7.251524319294362364e-01 2.748475660992171776e-01
-6.555772994129142883e-02 7.258065512484981330e-01 2.741934443832547696e-01
-6.360078277886486997e-02 7.264555044545744078e-01 2.735444888123561014e-01
-6.164383561643822090e-02 7.270995552517005578e-01 2.729004357082966958e-01
-5.968688845401166204e-02 7.277389673439136342e-01 2.722610213928531309e-01
-5.772994129158500604e-02 7.283740044352509102e-01 2.716259821878012071e-01
-5.577299412915844717e-02 7.290049302297483269e-01 2.709950544149168916e-01
-5.381604696673179117e-02 7.296320084314427135e-01 2.703679743959762627e-01
-5.185909980430523231e-02 7.302555027443708990e-01 2.697444784527555095e-01
-4.990215264187858324e-02 7.308756768725699349e-01 2.691243029070307657e-01
-4.794520547945192723e-02 7.314927945200755399e-01 2.685071840805777210e-01
-4.598825831702536837e-02 7.321071193909249875e-01 2.678928582951726201e-01
-4.403131115459871237e-02 7.327189151891553287e-01 2.672810618725914855e-01
-4.207436399217215350e-02 7.333284456188022826e-01 2.666715311346103956e-01
-4.011741682974550444e-02 7.339359743839033445e-01 2.660640024030054285e-01
-3.816046966731893864e-02 7.345417651884946775e-01 2.654582119995526068e-01
-3.620352250489228957e-02 7.351460817366134437e-01 2.648538962460277313e-01
-3.424657534246564050e-02 7.357491877322958063e-01 2.642507914642072686e-01
-3.228962818003898450e-02 7.363513468795787054e-01 2.636486339758670194e-01
-3.033268101761242563e-02 7.369528228824984151e-01 2.630471601027831730e-01
-2.837573385518577310e-02 7.375538794450925417e-01 2.624461061667314188e-01
-2.641878669275921077e-02 7.381542592285557092e-01 2.618457294671811542e-01
-2.446183953033255823e-02 7.387263051937862368e-01 2.612736835779980171e-01
-2.250489236790590569e-02 7.392945860043118600e-01 2.607054029004194917e-01
-2.054794520547934683e-02 7.398591589455185691e-01 2.601408301490627517e-01
-1.859099804305269429e-02 7.404200813027921324e-01 2.595799080385452484e-01
-1.663405088062613196e-02 7.409774103615185403e-01 2.590225792834841556e-01
-1.467710371819948116e-02 7.415312034070840053e-01 2.584687865984965360e-01
-1.272015655577291883e-02 7.420815177248745176e-01 2.579184726982000075e-01
-1.076320939334626803e-02 7.426284106002762897e-01 2.573715802972116329e-01
-8.806262230919707432e-03 7.431719393186752010e-01 2.568280521101488079e-01
-6.849315068493054028e-03 7.437121611654571307e-01 2.562878308516286507e-01
-4.892367906066493431e-03 7.442491334260086244e-01 2.557508592362683353e-01
-2.935420743639841328e-03 7.447829133857156725e-01 2.552170799786854793e-01
-9.784735812132805150e-04 7.453135583299637101e-01 2.546864357934972012e-01
9.784735812133715880e-04 7.458411255441395049e-01 2.541588693953206191e-01
2.935420743640114981e-03 7.463656723136284921e-01 2.536343234987731288e-01
4.892367906066675577e-03 7.468872559238175501e-01 2.531127408184721261e-01
6.849315068493328114e-03 7.474059336600920034e-01 2.525940640690345074e-01
8.806262230919889578e-03 7.479217628078382862e-01 2.520782359650780569e-01
1.076320939334654038e-02 7.484348006524421670e-01 2.515651992212194488e-01
1.272015655577310271e-02 7.489437155841336402e-01 2.510562852080978624e-01
1.467710371819975351e-02 7.494469476882466008e-01 2.505530535619389654e-01
1.663405088062631584e-02 7.499469436881336382e-01 2.500530579707978540e-01
1.859099804305296838e-02 7.504437329292029668e-01 2.495562690844591591e-01
2.054794520547952724e-02 7.509373447568630233e-01 2.490626575527075115e-01
2.250489236790617978e-02 7.514278085165219112e-01 2.485721940253273754e-01
2.446183953033274211e-02 7.519151535535872899e-01 2.480848491521033816e-01
2.641878669275939465e-02 7.523994092134679290e-01 2.476005935828202720e-01
2.837573385518604718e-02 7.528806048415712660e-01 2.471193979672624552e-01
3.033268101761260604e-02 7.533587697833057373e-01 2.466412329552147287e-01
3.228962818003926205e-02 7.538339333840797796e-01 2.461660691964615011e-01
3.424657534246582091e-02 7.543061249893008302e-01 2.456938773407875420e-01
3.620352250489246998e-02 7.547753739443774368e-01 2.452246280379772880e-01
3.816046966731912599e-02 7.552417095947177028e-01 2.447582919378155641e-01
4.011741682974577505e-02 7.557051612857297318e-01 2.442948396900868069e-01
4.207436399217233391e-02 7.561657583628214052e-01 2.438342419445757026e-01
4.403131115459898992e-02 7.566235301714012706e-01 2.433764693510667709e-01
4.598825831702554878e-02 7.570785060568772096e-01 2.429214925593446428e-01
4.794520547945220479e-02 7.575307153646571034e-01 2.424692822191939490e-01
4.990215264187876365e-02 7.579801874401490558e-01 2.420198089803993202e-01
5.185909980430541272e-02 7.584284761794793939e-01 2.415715197428937033e-01
5.381604696673206872e-02 7.588751015439920700e-01 2.411248942729384837e-01
5.577299412915862759e-02 7.593194323974683524e-01 2.406805633549869705e-01
5.772994129158528359e-02 7.597615146999641134e-01 2.402384810329031839e-01
5.968688845401184245e-02 7.602013944115368904e-01 2.397986013505509217e-01
6.164383561643849152e-02 7.606391174922428888e-01 2.393608783517941485e-01
6.360078277886505038e-02 7.610747299021389800e-01 2.389252660804965789e-01
6.555772994129170639e-02 7.615082776012818133e-01 2.384917185805223716e-01
6.751467710371826525e-02 7.619398065497280381e-01 2.380601898957352691e-01
6.947162426614492126e-02 7.623693627075340817e-01 2.376306340699991526e-01
7.142857142857148012e-02 7.627969920347577037e-01 2.372030051471779033e-01
7.338551859099813612e-02 7.632227404914542213e-01 2.367772571711354024e-01
7.534246575342477825e-02 7.636466540376815049e-01 2.363533441857356698e-01
7.729941291585143426e-02 7.640687786334956488e-01 2.359312202348424758e-01
7.925636007827809026e-02 7.644891602389538576e-01 2.355108393623197016e-01
8.121330724070464913e-02 7.649078448141118924e-01 2.350921556120313671e-01
8.317025440313130513e-02 7.653248783190275129e-01 2.346751230278412703e-01
8.512720156555786399e-02 7.657403067137567021e-01 2.342596956536132646e-01
8.708414872798452000e-02 7.661541759583566646e-01 2.338458275332112868e-01
8.904109589041107886e-02 7.665665172191434840e-01 2.334334874994966613e-01
9.099804305283773487e-02 7.669738514587803868e-01 2.330261534635769127e-01
9.295499021526429373e-02 7.673792360064688456e-01 2.326207690656467153e-01
9.491193737769093586e-02 7.677826912651344315e-01 2.322173138985068053e-01
9.686888454011750860e-02 7.681842376377038262e-01 2.318157675549580021e-01
9.882583170254415073e-02 7.685838955271024897e-01 2.314161096278007090e-01
1.007827788649707096e-01 7.689816853362567706e-01 2.310183197098359398e-01
1.027397260273973656e-01 7.693776274680925731e-01 2.306223773938641530e-01
1.046966731898240216e-01 7.697717423255363567e-01 2.302282622726860573e-01
1.066536203522505805e-01 7.701640503115133596e-01 2.298359539391024997e-01
1.086105675146772365e-01 7.705545718289503743e-01 2.294454319859139391e-01
1.105675146771037953e-01 7.709433272807730830e-01 2.290566760059212226e-01
1.125244618395304513e-01 7.713303370699073902e-01 2.286696655919249754e-01
1.144814090019570935e-01 7.717156215992796442e-01 2.282843803367258229e-01
1.164383561643837495e-01 7.720992012718159714e-01 2.279007998331246121e-01
1.183953033268103083e-01 7.724810964904420540e-01 2.275189036739218573e-01
1.203522504892369643e-01 7.728613276580841296e-01 2.271386714519183503e-01
1.223091976516635232e-01 7.732399151776683244e-01 2.267600827599146884e-01
1.242661448140901792e-01 7.736168794521205427e-01 2.263831171907116913e-01
1.262230919765167381e-01 7.739922408843669110e-01 2.260077543371099840e-01
1.281800391389433802e-01 7.743671509678038412e-01 2.256328431265381684e-01
1.301369863013700501e-01 7.747431122444672358e-01 2.252568815697208460e-01
1.320939334637966089e-01 7.751180714444922959e-01 2.248819221528994827e-01
1.340508806262232511e-01 7.754920746584978986e-01 2.245079187908359808e-01
1.360078277886498099e-01 7.758651679771035869e-01 2.241348253982921035e-01
1.379647749510764798e-01 7.762373974909277941e-01 2.237625958900297252e-01
1.399217221135030387e-01 7.766088092905908402e-01 2.233911841808106091e-01
1.418786692759296808e-01 7.769794494667103812e-01 2.230205441853966297e-01
1.438356164383562397e-01 7.773493641099069595e-01 2.226506298185496058e-01
1.457925636007828818e-01 7.777185993107984530e-01 2.222813949950313561e-01
1.477495107632094684e-01 7.780872011600046267e-01 2.219127936296037551e-01
1.497064579256361938e-01 7.784552157481444690e-01 2.215447796370285938e-01
1.516634050880628637e-01 7.788226891658376339e-01 2.211773069320677187e-01
1.536203522504894226e-01 7.791896675037023323e-01 2.208103294294830321e-01
1.555772994129160647e-01 7.795561968523583296e-01 2.204438010440362139e-01
1.575342465753426235e-01 7.799223233024241697e-01 2.200776756904892495e-01
1.594911937377692657e-01 7.802880929445197289e-01 2.197119072836039022e-01
1.614481409001958245e-01 7.806535518692633291e-01 2.193464497381418798e-01
1.634050880626224944e-01 7.810187461672746245e-01 2.189812569688652788e-01
1.653620352250490533e-01 7.813837219291728253e-01 2.186162828905357236e-01
1.673189823874756954e-01 7.817491253511865690e-01 2.182508805541613639e-01
1.692759295499022543e-01 7.821148235441931496e-01 2.178851830803608114e-01
1.712328767123289242e-01 7.824805842834661185e-01 2.175194230508505910e-01
1.731898238747554830e-01 7.828464603540150613e-01 2.171535476775445228e-01
1.751467710371821251e-01 7.832125045408506736e-01 2.167875041723567597e-01
1.771037181996087673e-01 7.835787696289808757e-01 2.164212397472012328e-01
1.790606653620353539e-01 7.839453084034164743e-01 2.160547016139919840e-01
1.810176125244619960e-01 7.843121736491667217e-01 2.156878369846429444e-01
1.829745596868885549e-01 7.846794181512410926e-01 2.153205930710682114e-01
1.849315068493151970e-01 7.850470946946495054e-01 2.149529170851816884e-01
1.868884540117418669e-01 7.854152560644012127e-01 2.145847562388973062e-01
1.888454011741685090e-01 7.857839550455061328e-01 2.142160577441292457e-01
1.908023483365950679e-01 7.861532444229735184e-01 2.138467688127914657e-01
1.927592954990217378e-01 7.865231769818130658e-01 2.134768366567978137e-01
1.947162426614482966e-01 7.868938055070346937e-01 2.131062084880623875e-01
1.966731898238749388e-01 7.872651827836472105e-01 2.127348315184992011e-01
1.986301369863014976e-01 7.876373615966612007e-01 2.123626529600221580e-01
2.005870841487281397e-01 7.880103947310856949e-01 2.119896200245453555e-01
2.025440313111548096e-01 7.883843349719303895e-01 2.116156799239826969e-01
2.045009784735813685e-01 7.887592351042048699e-01 2.112407798702483075e-01
2.064579256360080106e-01 7.891351479129188329e-01 2.108648670752561460e-01
2.084148727984345695e-01 7.895121261830816417e-01 2.104878887509201157e-01
2.103718199608612394e-01 7.898902226997033260e-01 2.101097921091542586e-01
2.123287671232877982e-01 7.902694902477931382e-01 2.097305243618725890e-01
2.142857142857144404e-01 7.906499816123603308e-01 2.093500327209890932e-01
2.162426614481409992e-01 7.910317495784151554e-01 2.089682643984177579e-01
2.181996086105676413e-01 7.914148469309669753e-01 2.085851666060726528e-01
2.201565557729942280e-01 7.917993264550255983e-01 2.082006865558676534e-01
2.221135029354208701e-01 7.921852409355999436e-01 2.078147714597167739e-01
2.240704500978475122e-01 7.925726431577005959e-01 2.074273685295340564e-01
2.260273972602741821e-01 7.929615859063361416e-01 2.070384249772335705e-01
2.279843444227008242e-01 7.933521219665167212e-01 2.066478880147291641e-01
2.299412915851273831e-01 7.937443041232521423e-01 2.062557048539348792e-01
2.318982387475540252e-01 7.941381851615512133e-01 2.058618227067647022e-01
2.338551859099806118e-01 7.945338178664245188e-01 2.054661887851327862e-01
2.358121330724072540e-01 7.949312550228810892e-01 2.050687503009528956e-01
2.377690802348338128e-01 7.953305494159306210e-01 2.046694544661391835e-01
2.397260273972604550e-01 7.957317538305822557e-01 2.042682484926055531e-01
2.416829745596870138e-01 7.961349210518466890e-01 2.038650795922660741e-01
2.436399217221136837e-01 7.965490271628106189e-01 2.034509721716840636e-01
2.455968688845402426e-01 7.969859107054726444e-01 2.030140883365713078e-01
2.475538160469668847e-01 7.974273554416833054e-01 2.025726433132210569e-01
2.495107632093934436e-01 7.978734857031737349e-01 2.021265127707760900e-01
2.514677103718200857e-01 7.983244258216757316e-01 2.016755723783793253e-01
2.534246575342467556e-01 7.987803001289199845e-01 2.012196978051735974e-01
2.553816046966733144e-01 7.992412329566382923e-01 2.007587647203017966e-01
2.573385518590999843e-01 7.997073486365622319e-01 2.002926487929068688e-01
2.592954990215265432e-01 8.001787715004230472e-01 1.998212256921315655e-01
2.612524461839531575e-01 8.006556258799517600e-01 1.993443710871188324e-01
2.632093933463798274e-01 8.011380361068802802e-01 1.988619606470115042e-01
2.651663405088064973e-01 8.016261265129397406e-01 1.983738700409524713e-01
2.671232876712330562e-01 8.021200214298618292e-01 1.978799749380846240e-01
2.690802348336597261e-01 8.026198451893773456e-01 1.973801510075507970e-01
2.710371819960862849e-01 8.031257221232178667e-01 1.968742739184938806e-01
2.729941291585128993e-01 8.036377765631156356e-01 1.963622193400567095e-01
2.749510763209394582e-01 8.041561328408007858e-01 1.958438629413822296e-01
2.769080234833661280e-01 8.046809152880054494e-01 1.953190803916131923e-01
2.788649706457926869e-01 8.052122482364609812e-01 1.947877473598926268e-01
2.808219178082193568e-01 8.057502560178986251e-01 1.942497395153632844e-01
2.827788649706459712e-01 8.062950629640499578e-01 1.937049325271680833e-01
2.847358121330726410e-01 8.068467934066458902e-01 1.931532020644498027e-01
2.866927592954990889e-01 8.074055716774182212e-01 1.925944237963515826e-01
2.886497064579257588e-01 8.079715221080985277e-01 1.920284733920159526e-01
2.906066536203524286e-01 8.085447690304179424e-01 1.914552265205859971e-01
2.925636007827790430e-01 8.091254367761075983e-01 1.908745588512045233e-01
2.945205479452055464e-01 8.097136496768994052e-01 1.902863460530144768e-01
2.964774951076322163e-01 8.103095320645241628e-01 1.896904637951584705e-01
2.984344422700589416e-01 8.109132082707138922e-01 1.890867877467796720e-01
3.003913894324856115e-01 8.115248026271997261e-01 1.884751935770208608e-01
3.023483365949122259e-01 8.121444394657126864e-01 1.878555569550248716e-01
3.043052837573387293e-01 8.127722431179851270e-01 1.872277535499346779e-01
3.062622309197653436e-01 8.134083379157470706e-01 1.865916590308929202e-01
3.082191780821920135e-01 8.140528481907314262e-01 1.859471490670427940e-01
3.101761252446186834e-01 8.147058982746684386e-01 1.852940993275268289e-01
3.121330724070451312e-01 8.153676124992899066e-01 1.846323854814881371e-01
3.140900195694718011e-01 8.160831567972184342e-01 1.839168412200588021e-01
3.160469667318984155e-01 8.168160077010310216e-01 1.831839903183762885e-01
3.180039138943250854e-01 8.175620748748551048e-01 1.824379231484763442e-01
3.199608610567515332e-01 8.183215908356327173e-01 1.816784071933850164e-01
3.219178082191782031e-01 8.190947881003066700e-01 1.809052099361281307e-01
3.238747553816049285e-01 8.198818991858193295e-01 1.801180988597316790e-01
3.258317025440315429e-01 8.206831566091133956e-01 1.793168414472218197e-01
3.277886497064582683e-01 8.214987928871309020e-01 1.785012051816243783e-01
3.297455968688846606e-01 8.223290405368142153e-01 1.776709575459654300e-01
3.317025440313113860e-01 8.231741320751064794e-01 1.768258660232708557e-01
3.336594911937379448e-01 8.240343000189497280e-01 1.759656980965666473e-01
3.356164383561646702e-01 8.249097768852866608e-01 1.750902212488789078e-01
3.375733855185910626e-01 8.258007951910595335e-01 1.741992029632335459e-01
3.395303326810177880e-01 8.267075874532112678e-01 1.732924107226564980e-01
3.414872798434443468e-01 8.276303861886835644e-01 1.723696120101737006e-01
3.434442270058711277e-01 8.285694239144194562e-01 1.714305743088113398e-01
3.454011741682974646e-01 8.295249331473617538e-01 1.704750651015952689e-01
3.473581213307242455e-01 8.304971464044518248e-01 1.695028518715514521e-01
3.493150684931508043e-01 8.314862962026334792e-01 1.685137021017058534e-01
3.512720156555775297e-01 8.324926150588483065e-01 1.675073832750845204e-01
3.532289628180040886e-01 8.335163354900390065e-01 1.664836628747134450e-01
3.551859099804306474e-01 8.345576900131479459e-01 1.654423083836186192e-01
3.571428571428574283e-01 8.356169111451179354e-01 1.643830872848259794e-01
3.590998043052839872e-01 8.367080512798241720e-01 1.632919471657939270e-01
3.610567514677107126e-01 8.378333971577518469e-01 1.621666012832361781e-01
3.630136986301371049e-01 8.389806407758466644e-01 1.610193576570849161e-01
3.649706457925638303e-01 8.401501299544484880e-01 1.598498684668127057e-01
3.669275929549903892e-01 8.413422125138981800e-01 1.586577858918922779e-01
3.688845401174171146e-01 8.425572362745357147e-01 1.574427621117965304e-01
3.708414872798435069e-01 8.437955490567012884e-01 1.562044493059981665e-01
3.727984344422702323e-01 8.450574986807353195e-01 1.549424996539698340e-01
3.747553816046967912e-01 8.463434329669778933e-01 1.536565653351844585e-01
3.767123287671235721e-01 8.476536997357689840e-01 1.523462985291146876e-01
3.786692759295501309e-01 8.489886468074493431e-01 1.510113514152333081e-01
3.806262230919766898e-01 8.503486220023591668e-01 1.496513761730132175e-01
3.825831702544032487e-01 8.517339731408379855e-01 1.482660249819268972e-01
3.845401174168299741e-01 8.531450480432265504e-01 1.468549500214472447e-01
3.864970645792565329e-01 8.545821945298652800e-01 1.454178034710469913e-01
3.884540117416830918e-01 8.560457604210938154e-01 1.439542375101990623e-01
3.904109589041098727e-01 8.575360935372531301e-01 1.424639043183759668e-01
3.923679060665364315e-01 8.590535416986831985e-01 1.409464560750505191e-01
3.943248532289631569e-01 8.605984527257238836e-01 1.394015449596955891e-01
3.962818003913895493e-01 8.621711744387154930e-01 1.378288231517839635e-01
3.982387475538162747e-01 8.637720546579990000e-01 1.362279428307881513e-01
4.001956947162428335e-01 8.654014412039134907e-01 1.345985561761810501e-01
4.021526418786695589e-01 8.670596818968003827e-01 1.329403153674354465e-01
4.041095890410961178e-01 8.687408516066693620e-01 1.312591455452743472e-01
4.060665362035226766e-01 8.703938573317805405e-01 1.296061398008093724e-01
4.080234833659492910e-01 8.720687980254049343e-01 1.279311990939662191e-01
4.099804305283760164e-01 8.737656965958888744e-01 1.262343005167771981e-01
4.119373776908025753e-01 8.754845759515789139e-01 1.245154211612744116e-01
4.138943248532291341e-01 8.772254590008212727e-01 1.227745381194902119e-01
4.158512720156556930e-01 8.789883686519632811e-01 1.210116284834563682e-01
4.178082191780824184e-01 8.807733278133504928e-01 1.192266693452051773e-01
4.197651663405089772e-01 8.825803593933301272e-01 1.174196377967688387e-01
4.217221135029355361e-01 8.844094863002485152e-01 1.155905109301796352e-01
4.236790606653620950e-01 8.862607314424517657e-01 1.137392658374693777e-01
4.256360078277888759e-01 8.881341177282869870e-01 1.118658796106703074e-01
4.275929549902154347e-01 8.900296680661005100e-01 1.099703293418146655e-01
4.295499021526421601e-01 8.919474053642384437e-01 1.080525921229344988e-01
4.315068493150687190e-01 8.938873525310477852e-01 1.061126450460622289e-01
4.334637964774952779e-01 8.958495324748748656e-01 1.041504652032295142e-01
4.354207436399220033e-01 8.978018874549624773e-01 1.021981103002799485e-01
4.373776908023486176e-01 8.997348790768715521e-01 1.002651187215125445e-01
4.393346379647751765e-01 9.016780815138587535e-01 9.832191632655930269e-02
4.412915851272017354e-01 9.036309039865133563e-01 9.636909389453449104e-02
4.432485322896284607e-01 9.055927557154241914e-01 9.440724220455294635e-02
4.452054794520550196e-01 9.075630459211798673e-01 9.243695203572924179e-02
4.471624266144815785e-01 9.095411838243692149e-01 9.045881416717815870e-02
4.491193737769081373e-01 9.115265786455815089e-01 8.847341937801406209e-02
4.510763209393348627e-01 9.135186396054058022e-01 8.648135844735169164e-02
4.530332681017614216e-01 9.155167759244303705e-01 8.448322215430570381e-02
4.549902152641882025e-01 9.175203968232443774e-01 8.247960127799069951e-02
4.569471624266145393e-01 9.195289115224368759e-01 8.047108659752148785e-02
4.589041095890413202e-01 9.215417292425966966e-01 7.845826889201237830e-02
4.608610567514678791e-01 9.235582592043127814e-01 7.644173894057809671e-02
4.628180039138946045e-01 9.255779106281736279e-01 7.442208752233338276e-02
4.647749510763211633e-01 9.276000927347685110e-01 7.239990541639296229e-02
4.667318982387477222e-01 9.295698704689057124e-01 7.043012768279528768e-02
4.686888454011745031e-01 9.315227782548369806e-01 6.847721989357363759e-02
4.706457925636010620e-01 9.334642154934090774e-01 6.653578264701702494e-02
4.726027397260276208e-01 9.353928923300884879e-01 6.460710579742884319e-02
4.745596868884541797e-01 9.373075189103423632e-01 6.269247919911205558e-02
4.765166340508809051e-01 9.392068053796363003e-01 6.079319270636998618e-02
4.784735812133074639e-01 9.410894618834375613e-01 5.891053617350590355e-02
4.804305283757341893e-01 9.429541985672120763e-01 5.704579945482302766e-02
4.823874755381605817e-01 9.447997255764262192e-01 5.520027240462477280e-02
4.843444227005873071e-01 9.466247530565466972e-01 5.337524487721402588e-02
4.863013698630138659e-01 9.484279911530402174e-01 5.157200672689418730e-02
4.882583170254406468e-01 9.502081500113727097e-01 4.979184780796851173e-02
4.902152641878670392e-01 9.519639397770107703e-01 4.803605797474035793e-02
4.921722113502937646e-01 9.536940705954213282e-01 4.630592708151265446e-02
4.941291585127203234e-01 9.553821612165266375e-01 4.461783642247207915e-02
4.960861056751470488e-01 9.570355211735648293e-01 4.296447643888405554e-02
4.980430528375734411e-01 9.586554092976471431e-01 4.134458829192011464e-02
5.000000000000002220e-01 9.602402953063564617e-01 3.975970226447216038e-02
