5.000000000000000000e-01 1.000000000000000000e+00 0.000000000000000000e+00
4.980430528375733301e-01 9.999999962391468156e-01 3.760854605728635727e-09
4.960861056751467713e-01 9.999999959370106106e-01 4.062990109241890335e-09
4.941291585127201569e-01 9.999999956011530466e-01 4.398847677767262478e-09
4.921722113502935980e-01 9.999999952636080547e-01 4.736392749633485025e-09
4.902152641878669281e-01 9.999999948454032506e-01 5.154597863107906515e-09
4.882583170254402583e-01 9.999999944186322987e-01 5.581368644717714476e-09
4.863013698630136994e-01 9.999999939918615688e-01 6.008139426327520781e-09
4.843444227005870295e-01 9.999999935650909499e-01 6.434910207937327914e-09
4.823874755381604706e-01 9.999999929263559961e-01 7.073644715559588513e-09
4.804305283757338563e-01 9.999999922372537764e-01 7.762746841244208149e-09
4.784735812133072974e-01 9.999999915481513346e-01 8.451848966928832748e-09
4.765166340508806275e-01 9.999999908590490039e-01 9.140951092613455693e-09
4.745596868884539576e-01 9.999999901699465621e-01 9.830053218298078638e-09
4.726027397260273988e-01 9.999999894808443424e-01 1.051915534398269993e-08
4.706457925636007844e-01 9.999999887917417896e-01 1.120825746966732122e-08
4.686888454011742255e-01 9.999999881026395698e-01 1.189735959535194416e-08
4.667318982387475557e-01 9.999999867041229340e-01 1.329587995649437137e-08
4.647749510763208858e-01 9.999999848633740474e-01 1.513663506181828886e-08
4.628180039138943269e-01 9.999999830226253827e-01 1.697739016714219145e-08
4.608610567514677125e-01 9.999999811818768292e-01 1.881814527246610729e-08
4.589041095890410982e-01 9.999999793411280535e-01 2.065890037779001650e-08
4.569471624266144838e-01 9.999999775003793889e-01 2.249965548311392241e-08
4.549902152641878139e-01 9.999999756596307243e-01 2.434041058843783824e-08
4.530332681017612551e-01 9.999999738188820597e-01 2.618116569376174415e-08
4.510763209393345852e-01 9.999999719781331731e-01 2.802192079908565337e-08
4.491193737769080263e-01 9.999999701373842864e-01 2.986267590440956920e-08
4.471624266144814119e-01 9.999999682966357328e-01 3.170343100973348503e-08
4.452054794520548531e-01 9.999999664558871793e-01 3.354418611505738763e-08
4.432485322896281832e-01 9.999999646151385146e-01 3.538494122038130346e-08
4.412915851272015133e-01 9.999999627743896280e-01 3.722569632570521268e-08
4.393346379647749544e-01 9.999999609336409634e-01 3.906645143102912189e-08
4.373776908023483401e-01 9.999999590928922988e-01 4.090720653635303773e-08
4.354207436399216702e-01 9.999999543670055058e-01 4.563311475872898065e-08
4.334637964774951113e-01 9.999999400903161195e-01 5.990987467893226224e-08
4.315068493150684414e-01 9.999999258136269553e-01 7.418663459913546441e-08
4.295499021526418826e-01 9.999999115369379021e-01 8.846339451933882540e-08
4.275929549902152127e-01 9.999998972602486269e-01 1.027401544395419746e-07
4.256360078277886538e-01 9.999998829835595737e-01 1.170169143597452562e-07
4.236790606653620395e-01 9.999998687068702985e-01 1.312936742799485378e-07
4.217221135029353696e-01 9.999998544301811343e-01 1.455704342001518061e-07
4.197651663405088107e-01 9.999998401534920811e-01 1.598471941203549686e-07
4.178082191780821408e-01 9.999998258768028059e-01 1.741239540405583164e-07
4.158512720156555265e-01 9.999998116001136417e-01 1.884007139607615318e-07
4.138943248532289676e-01 9.999997973234243664e-01 2.026774738809647737e-07
4.119373776908022977e-01 9.999997830467353133e-01 2.169542338011679626e-07
4.099804305283757389e-01 9.999997687700459270e-01 2.312309937213713368e-07
4.080234833659491245e-01 9.999997544933568738e-01 2.455077536415744463e-07
4.060665362035224546e-01 9.999997402166675986e-01 2.597845135617777412e-07
4.041095890410958957e-01 9.999997259399783234e-01 2.740612734819810889e-07
4.021526418786692814e-01 9.999997116632892702e-01 2.883380334021842249e-07
4.001956947162426670e-01 9.999996973865998839e-01 3.026147933223875197e-07
3.982387475538159971e-01 9.999996831099107197e-01 3.168915532425908145e-07
3.962818003913894382e-01 9.999996688332217776e-01 3.311683131627938976e-07
3.943248532289627684e-01 9.999996545565323913e-01 3.454450730829971924e-07
3.923679060665362095e-01 9.999996402798433381e-01 3.597218330032006461e-07
3.904109589041095951e-01 9.999996260031540629e-01 3.739985929234037821e-07
3.884540117416829808e-01 9.999996117264648987e-01 3.882753528436071298e-07
3.864970645792563664e-01 9.999995974497758455e-01 4.025521127638103717e-07
3.845401174168296965e-01 9.999995831730865703e-01 4.168288726840136136e-07
3.825831702544031376e-01 9.999995688963974061e-01 4.311056326042168554e-07
3.806262230919765233e-01 9.999995546197082419e-01 4.453823925244200973e-07
3.786692759295498534e-01 9.999995403430190777e-01 4.596591524446233392e-07
3.767123287671232945e-01 9.999995260663296914e-01 4.739359123648264752e-07
3.747553816046966246e-01 9.999995117896407493e-01 4.882126722850298230e-07
3.727984344422700103e-01 9.999994975129515851e-01 5.024894322052331707e-07
3.708414872798433959e-01 9.999990069217006283e-01 9.930807109785182727e-07
3.688845401174168370e-01 9.999979661050077961e-01 2.033897382220008497e-06
3.669275929549902227e-01 9.999969252883150750e-01 3.074714053461519050e-06
3.649706457925635528e-01 9.999958844716224649e-01 4.115530724703028756e-06
3.630136986301369939e-01 9.999948436549296327e-01 5.156347395944546086e-06
3.610567514677103240e-01 9.999938028382371336e-01 6.197164067186037157e-06
3.590998043052837096e-01 9.999927620215443014e-01 7.237980738427563804e-06
3.571428571428571508e-01 9.999917212048516912e-01 8.278797409669059958e-06
3.551859099804304809e-01 9.999906803881588591e-01 9.319614080910562041e-06
3.532289628180039220e-01 9.999896395714660269e-01 1.036043075215207937e-05
3.512720156555772522e-01 9.999885987547731947e-01 1.140124742339357298e-05
3.493150684931506378e-01 9.999875579380805846e-01 1.244206409463507507e-05
3.473581213307240789e-01 9.999865171213879744e-01 1.348288076587659748e-05
3.454011741682974646e-01 9.999854763046951422e-01 1.452369743711809109e-05
3.434442270058707947e-01 9.999844354880023101e-01 1.556451410835960503e-05
3.414872798434441803e-01 9.999833946713094779e-01 1.660533077960109864e-05
3.395303326810176214e-01 9.999823538546168677e-01 1.764614745084261597e-05
3.375733855185909515e-01 9.999813130379243686e-01 1.868696412208411636e-05
3.356164383561643372e-01 9.999802722212315365e-01 1.972778079332563369e-05
3.336594911937377783e-01 9.999792314045387043e-01 2.076859746456713408e-05
3.317025440313111084e-01 9.999781905878460941e-01 2.180941413580864125e-05
3.297455968688845496e-01 9.999771497711533730e-01 2.285023080705014163e-05
3.277886497064578797e-01 9.999761089544605408e-01 2.389104747829164202e-05
3.258317025440312653e-01 9.999750681377679307e-01 2.493186414953315596e-05
3.238747553816047065e-01 9.999740273210753205e-01 2.597268082077466313e-05
3.219178082191780366e-01 9.999729865043824883e-01 2.701349749201617707e-05
3.199608610567514222e-01 9.999719456876896562e-01 2.805431416325767746e-05
3.180039138943248078e-01 9.999709048709968240e-01 2.909513083449917107e-05
3.160469667318982490e-01 9.999698640543042139e-01 3.013594750574068163e-05
3.140900195694715791e-01 9.999688232376116037e-01 3.117676417698219218e-05
3.121330724070449647e-01 9.999677824209187715e-01 3.221758084822369257e-05
3.101761252446184058e-01 9.999667416042259394e-01 3.325839751946520651e-05
3.082191780821917360e-01 9.999657007875333292e-01 3.429921419070672045e-05
3.062622309197651216e-01 9.999646599708406081e-01 3.534003086194823439e-05
3.043052837573385072e-01 9.999636191541479979e-01 3.638084753318971445e-05
3.023483365949118928e-01 9.999625783374551657e-01 3.742166420443122162e-05
3.003913894324853340e-01 9.999615375207623336e-01 3.846248087567273556e-05
2.984344422700586641e-01 9.999604967040698345e-01 3.950329754691424950e-05
2.964774951076320497e-01 9.999594558873770023e-01 4.054411421815576344e-05
2.945205479452054353e-01 9.999584150706841701e-01 4.158493088939727061e-05
2.925636007827788210e-01 9.999573742539915600e-01 4.262574756063875744e-05
2.906066536203522066e-01 9.999563334372989498e-01 4.366656423188026461e-05
2.886497064579256477e-01 9.999552926206061176e-01 4.470738090312177855e-05
2.866927592954989779e-01 9.999542518039132855e-01 4.574819757436327894e-05
2.847358121330723635e-01 9.999532109872204533e-01 4.678901424560479288e-05
2.827788649706457491e-01 9.999521701705278431e-01 4.782983091684630682e-05
2.808219178082191347e-01 9.999511293538352330e-01 4.887064758808779366e-05
2.788649706457925759e-01 9.999500885371424008e-01 4.991146425932929404e-05
2.769080234833659615e-01 9.999490477204495686e-01 5.095228093057081476e-05
2.749510763209392916e-01 9.999480069037570695e-01 5.199309760181232193e-05
2.729941291585126772e-01 9.999469660870642373e-01 5.303391427305382232e-05
2.710371819960860629e-01 9.999459252703716272e-01 5.407473094429532948e-05
2.690802348336594485e-01 9.999448844536787950e-01 5.511554761553685020e-05
2.671232876712328896e-01 9.999438436369862959e-01 5.615636428677833704e-05
2.651663405088062753e-01 9.999428028202934637e-01 5.719718095801983742e-05
2.632093933463796054e-01 9.999417620036006316e-01 5.823799762926135814e-05
2.612524461839529910e-01 9.999407211869077994e-01 5.927881430050285853e-05
2.592954990215263766e-01 9.999396803702151892e-01 6.031963097174437925e-05
2.573385518590997623e-01 9.999386395535225791e-01 6.136044764298586608e-05
2.553816046966732034e-01 9.999375987368297469e-01 6.240126431422736647e-05
2.534246575342465335e-01 9.999365579201369147e-01 6.344208098546888041e-05
2.514677103718199191e-01 9.999355171034440826e-01 6.448289765671039436e-05
2.495107632093933048e-01 9.999344762867514724e-01 6.552371432795190830e-05
2.475538160469667182e-01 9.999334354700588623e-01 6.656453099919342224e-05
2.455968688845400483e-01 9.999323946533661411e-01 6.760534767043493618e-05
2.436399217221134617e-01 9.999313538366733090e-01 6.864616434167645012e-05
2.416829745596868473e-01 9.999251253981547016e-01 7.487460284931227411e-05
2.397260273972602329e-01 9.999184944717354195e-01 8.150552925804776085e-05
2.377690802348336185e-01 9.999118635453161374e-01 8.813645566678324759e-05
2.358121330724070319e-01 9.999052326188971884e-01 9.476738207551870723e-05
2.338551859099803620e-01 9.998986016924780174e-01 1.013983084842541940e-04
2.318982387475537754e-01 9.998919707660587353e-01 1.080292348929896536e-04
2.299412915851271610e-01 9.998853398396397862e-01 1.146601613017250319e-04
2.279843444227005467e-01 9.998787089132206152e-01 1.212910877104605187e-04
2.260273972602739323e-01 9.998720779868013331e-01 1.279220141191960325e-04
2.240704500978473457e-01 9.998654470603820510e-01 1.345529405279314379e-04
2.221135029354206758e-01 9.998588161339631020e-01 1.411838669366669518e-04
2.201565557729940892e-01 9.998508695185275297e-01 1.491304867368063811e-04
2.181996086105674748e-01 9.998385863192904566e-01 1.614137047600090942e-04
2.162426614481408604e-01 9.998263031200530504e-01 1.736969227832116445e-04
2.142857142857142461e-01 9.998140199208158663e-01 1.859801408064143576e-04
2.123287671232876039e-01 9.998017367215785711e-01 1.982633588296170706e-04
2.103718199608609896e-01 9.997894535223414980e-01 2.105465768528198107e-04
2.084148727984344029e-01 9.997771703231040918e-01 2.228297948760225508e-04
2.064579256360077886e-01 9.997648871238669077e-01 2.351130128992252638e-04
2.045009784735811742e-01 9.997526039246296126e-01 2.473962309224277058e-04
2.025440313111545876e-01 9.997403207253925395e-01 2.596794489456304188e-04
2.005870841487279177e-01 9.997280375261551333e-01 2.719626669688331860e-04
1.986301369863013033e-01 9.997157543269179492e-01 2.842458849920358990e-04
1.966731898238747167e-01 9.996963180838805973e-01 3.036821287932056981e-04
1.947162426614481023e-01 9.996707279694377890e-01 3.292722284953694635e-04
1.927592954990214880e-01 9.996451378549947586e-01 3.548623281975329035e-04
1.908023483365949013e-01 9.996195477405520613e-01 3.804524278996966689e-04
1.888454011741682315e-01 9.995939576261089199e-01 4.060425276018603258e-04
1.868884540117415893e-01 9.995683675116662226e-01 4.316326273040245248e-04
1.849315068493150305e-01 9.995411111666356874e-01 4.588889576690501418e-04
1.829745596868884161e-01 9.995080692089202135e-01 4.919309009814698931e-04
1.810176125244617740e-01 9.994750272512046285e-01 5.249728442938909456e-04
1.790606653620352151e-01 9.994419852934890436e-01 5.580147876063106969e-04
1.771037181996085452e-01 9.994089433357733476e-01 5.910567309187317493e-04
1.751467710371819586e-01 9.993759013780577627e-01 6.240986742311513923e-04
1.731898238747553720e-01 9.993428594203423998e-01 6.571406175435712520e-04
1.712328767123286744e-01 9.992985449774949291e-01 7.014550467130374351e-04
1.692759295499021155e-01 9.992531109921185539e-01 7.468890184836986593e-04
1.673189823874754734e-01 9.992076770067419567e-01 7.923229902543614013e-04
1.653620352250488590e-01 9.991622430213655814e-01 8.377569620250227339e-04
1.634050880626222169e-01 9.991168090359888732e-01 8.831909337956855843e-04
1.614481409001956580e-01 9.990713750506122759e-01 9.286249055663468085e-04
1.594911937377690436e-01 9.990199486854687283e-01 9.800512622242768101e-04
1.575342465753424015e-01 9.989621324603308317e-01 1.037867484337095213e-03
1.555772994129158426e-01 9.989014046060986640e-01 1.098595338031903203e-03
1.536203522504891728e-01 9.988377651227725584e-01 1.162234823308705336e-03
1.516634050880625861e-01 9.987712140103524039e-01 1.228785940167496839e-03
1.497064579256359163e-01 9.987017512688383114e-01 1.298248688608282918e-03
1.477495107632093296e-01 9.986287832557672051e-01 1.371216708222633938e-03
1.457925636007827708e-01 9.985509809859045571e-01 1.449018977817173419e-03
1.438356164383561009e-01 9.984696282355397523e-01 1.530371727311929855e-03
1.418786692759294865e-01 9.983847250046726796e-01 1.615274956706896524e-03
1.399217221135028444e-01 9.982962712933032279e-01 1.703728666002080148e-03
1.379647749510762855e-01 9.982042671014317303e-01 1.795732855197474222e-03
1.360078277886496712e-01 9.981087124290579649e-01 1.891287524293083083e-03
1.340508806262230290e-01 9.980058758933610941e-01 1.994124055185035257e-03
1.320939334637964702e-01 9.978983229394988719e-01 2.101677003351496310e-03
1.301369863013697725e-01 9.977861605786255694e-01 2.213839357664971856e-03
1.281800391389432137e-01 9.976693888107406316e-01 2.330611118125453657e-03
1.262230919765165438e-01 9.975480076358441694e-01 2.451992284732950386e-03
1.242661448140899433e-01 9.974220170539362940e-01 2.577982857487452935e-03
1.223091976516633844e-01 9.972865283597591723e-01 2.713471546004794614e-03
1.203522504892367284e-01 9.971420679250047048e-01 2.857931978123249249e-03
1.183953033268101279e-01 9.969908520956138887e-01 3.009147805927016740e-03
1.164383561643834719e-01 9.968328808715858358e-01 3.167119029416106193e-03
1.144814090019569131e-01 9.966681542529214344e-01 3.331845648590507202e-03
1.125244618395302570e-01 9.964966722396197962e-01 3.503327663450232776e-03
1.105675146771036566e-01 9.963172007833993593e-01 3.682799122127503044e-03
1.086105675146770561e-01 9.961274152530554815e-01 3.872584655544578352e-03
1.066536203522504000e-01 9.959289422589356899e-01 4.071057653550726879e-03
1.046966731898238412e-01 9.957215293710790505e-01 4.278470546077448380e-03
1.027397260273971852e-01 9.955049241595224085e-01 4.495075763056275570e-03
1.007827788649705847e-01 9.952788741943039419e-01 4.721125734418704298e-03
9.882583170254401195e-02 9.950431149324587832e-01 4.956885003051636485e-03
9.686888454011736982e-02 9.947968330424008521e-01 5.203166898319667305e-03
9.491193737769075545e-02 9.945400933095425167e-01 5.459906636018236822e-03
9.295499021526411332e-02 9.942726084535955522e-01 5.727391496269421470e-03
9.099804305283754058e-02 9.939940911942704016e-01 6.005908759195259516e-03
8.904109589041089845e-02 9.937042542512790622e-01 6.295745704917827396e-03
8.708414872798424244e-02 9.934028103443321989e-01 6.597189613559164244e-03
8.512720156555768358e-02 9.930875263384650875e-01 6.912473622278280695e-03
8.317025440313102758e-02 9.927582073801948237e-01 7.241792584279592090e-03
8.121330724070446871e-02 9.924150155508579818e-01 7.584984417514159874e-03
7.925636007827781271e-02 9.920574886303272777e-01 7.942511342154954732e-03
7.729941291585125385e-02 9.916851643984752052e-01 8.314835578374904848e-03
7.534246575342459784e-02 9.912975806351742580e-01 8.702419346346978307e-03
7.338551859099795571e-02 9.908936374191550378e-01 9.106362566735255737e-03
7.142857142857138297e-02 9.904720149009748065e-01 9.527985088153058738e-03
6.947162426614474084e-02 9.900328984335917681e-01 9.967101558348429036e-03
6.751467710371818198e-02 9.895757158705646983e-01 1.042428412369606969e-02
6.555772994129152598e-02 9.890998950654517063e-01 1.090010493057074967e-02
6.360078277886486997e-02 9.886048638718116788e-01 1.139513612534717724e-02
6.164383561643831111e-02 9.880899253921902048e-01 1.191007460552832159e-02
5.968688845401166204e-02 9.875528774098112361e-01 1.244712258932659937e-02
5.772994129158509624e-02 9.869940936497985096e-01 1.300590635067962707e-02
5.577299412915844717e-02 9.864128926202111458e-01 1.358710738156219608e-02
5.381604696673188831e-02 9.858085928291088207e-01 1.419140717394903189e-02
5.185909980430523231e-02 9.851805127845505439e-01 1.481948721981493806e-02
4.990215264187858324e-02 9.845279709945962132e-01 1.547202901113462446e-02
4.794520547945201744e-02 9.838487362798877811e-01 1.615126372692974807e-02
4.598825831702536837e-02 9.831421868085501448e-01 1.685781319912452170e-02
4.403131115459880951e-02 9.824077126492390954e-01 1.759228735911409075e-02
4.207436399217215350e-02 9.816443292794535536e-01 1.835567072936122868e-02
4.011741682974550444e-02 9.808510263673879681e-01 1.914897364162751123e-02
3.816046966731884843e-02 9.800267677719305404e-01 1.997323223697363218e-02
3.620352250489228957e-02 9.791704915426657774e-01 2.082950846575912576e-02
3.424657534246573071e-02 9.782811099198717164e-01 2.171889008764255752e-02
3.228962818003907470e-02 9.773575093345221454e-01 2.264249067158152079e-02
3.033268101761251584e-02 9.763985504082850486e-01 2.360144959583242857e-02
2.837573385518577310e-02 9.754030679535241610e-01 2.459693204795080496e-02
2.641878669275921077e-02 9.743698709732975249e-01 2.563012902479101796e-02
2.446183953033255823e-02 9.732976061066859197e-01 2.670239388755974580e-02
2.250489236790599937e-02 9.721841477343002857e-01 2.781585225801350841e-02
2.054794520547943704e-02 9.710288625684311281e-01 2.897113742198128769e-02
1.859099804305278450e-02 9.698303974184218079e-01 3.016960257017216318e-02
1.663405088062613196e-02 9.685873695643548720e-01 3.141263042256062232e-02
1.467710371819948116e-02 9.672983667570509425e-01 3.270163322838691433e-02
1.272015655577291883e-02 9.659619472180700495e-01 3.403805276615663733e-02
1.076320939334635823e-02 9.645766396397098541e-01 3.542336034364113040e-02
8.806262230919707432e-03 9.631409431850077585e-01 3.685905679787725153e-02
6.849315068493054028e-03 9.616533274877386850e-01 3.834667249516730825e-02
4.892367906066402358e-03 9.601122326524171857e-01 3.988776733107935596e-02
2.935420743639841328e-03 9.585160692542964433e-01 4.148393073044680940e-02
9.784735812131892252e-04 9.568610419537223466e-01 4.313895803554385067e-02
-9.784735812133715880e-04 9.551462472887914945e-01 4.485375270750263654e-02
-2.935420743639932401e-03 9.533704116878646273e-01 4.662958831759200784e-02
-4.892367906066584504e-03 9.515316932355857293e-01 4.846830678142689114e-02
-6.849315068493237041e-03 9.496282132990836455e-01 5.037178673215101515e-02
-8.806262230919889578e-03 9.476580565279700830e-01 5.234194352043743809e-02
-1.076320939334645017e-02 9.456192708543396108e-01 5.438072921448795088e-02
-1.272015655577310271e-02 9.435098674927724360e-01 5.649013260003366010e-02
-1.467710371819966331e-02 9.413278209403298513e-01 5.867217918033437729e-02
-1.663405088062631584e-02 9.390710689765582320e-01 6.092893117617911858e-02
-1.859099804305296838e-02 9.367375126634873705e-01 6.326248752588604918e-02
-2.054794520547952724e-02 9.343250422870175154e-01 6.567495793503297374e-02
-2.250489236790617978e-02 9.318315110615056351e-01 6.816848918087448084e-02
-2.446183953033274211e-02 9.292546812366382358e-01 7.074531902392233729e-02
-2.641878669275930097e-02 9.265923099911117511e-01 7.340769028485567838e-02
-2.837573385518595351e-02 9.238421179410555295e-01 7.615788234687986824e-02
-3.033268101761260604e-02 9.210017891400325007e-01 7.899821115572605579e-02
-3.228962818003926205e-02 9.180689710790392866e-01 8.193102921965192409e-02
-3.424657534246582091e-02 9.150412746865055347e-01 8.495872560944098262e-02
-3.620352250489246998e-02 9.119162743282950290e-01 8.808372595840319175e-02
-3.816046966731903578e-02 9.086915078077034691e-01 9.130849246237435213e-02
-4.011741682974568485e-02 9.053644763654611349e-01 9.463552387971663205e-02
-4.207436399217233391e-02 9.019328731420975798e-01 9.806712706982333161e-02
-4.403131115459889972e-02 8.983993838345497585e-01 1.016006163548178465e-01
-4.598825831702554878e-02 8.947577118381657701e-01 1.052422883242580820e-01
-4.794520547945210764e-02 8.910054563753557755e-01 1.089945437555957242e-01
-4.990215264187876365e-02 8.871401932404645585e-01 1.128598068543569255e-01
-5.185909980430532251e-02 8.831594747997737471e-01 1.168405252541409867e-01
-5.381604696673197852e-02 8.790608299914998147e-01 1.209391700166214945e-01
-5.577299412915862759e-02 8.748417643257953014e-01 1.251582356315459610e-01
-5.772994129158518645e-02 8.704997598847491469e-01 1.295002400167352685e-01
-5.968688845401184245e-02 8.660322753223852477e-01 1.339677245180846965e-01
-6.164383561643840131e-02 8.614367458646635667e-01 1.385632539095626448e-01
-6.360078277886505038e-02 8.567105833094805778e-01 1.432894163932122988e-01
-6.555772994129170639e-02 8.518607683995814694e-01 1.481392312274087408e-01
-6.751467710371826525e-02 8.468833741365451306e-01 1.531166254103741298e-01
-6.947162426614492126e-02 8.417725550456042205e-01 1.582274444164526450e-01
-7.142857142857148012e-02 8.365262910399033913e-01 1.634737083325571438e-01
-7.338551859099813612e-02 8.311425730216690511e-01 1.688574262565334938e-01
-7.534246575342477825e-02 8.256194028822079201e-01 1.743805962971601287e-01
-7.729941291585135099e-02 8.199547935019084743e-01 1.800452055741484370e-01
-7.925636007827799312e-02 8.141467687502399464e-01 1.858532302181424289e-01
-8.121330724070456586e-02 8.081933634857523252e-01 1.918066353707185145e-01
-8.317025440313120799e-02 8.020926235560774664e-01 1.979073751843864748e-01
-8.512720156555776685e-02 7.958426057979280932e-01 2.041573928225881296e-01
-8.708414872798442286e-02 7.894489728300478903e-01 2.105510256646954959e-01
-8.904109589041107886e-02 7.829238120842674231e-01 2.170761862752759175e-01
-9.099804305283763772e-02 7.762524148271355839e-01 2.237475833914341905e-01
-9.295499021526429373e-02 7.694340532067172056e-01 2.305659448649999554e-01
-9.491193737769085259e-02 7.624680724532799658e-01 2.375319254655952894e-01
-9.686888454011750860e-02 7.553538908792951645e-01 2.446461068806369543e-01
-9.882583170254415073e-02 7.480909998794380567e-01 2.519089977153345372e-01
-1.007827788649708067e-01 7.406789639305862982e-01 2.593210334926916438e-01
-1.027397260273973656e-01 7.331174205918224995e-01 2.668825766535043442e-01
-1.046966731898239245e-01 7.254060805044321159e-01 2.745939165563636708e-01
-1.066536203522505805e-01 7.175447273919034474e-01 2.824552694776537587e-01
-1.086105675146771393e-01 7.095332180599298599e-01 2.904667786115514572e-01
-1.105675146771037953e-01 7.013912141940258360e-01 2.986087823326863955e-01
-1.125244618395304513e-01 6.931074315559099253e-01 3.068925648447236032e-01
-1.144814090019570102e-01 6.846824737854086962e-01 3.153175225093090006e-01
-1.164383561643836523e-01 6.761179839087942955e-01 3.238820123045925703e-01
-1.183953033268102251e-01 6.674158127000955343e-01 3.325841834613756376e-01
-1.203522504892368672e-01 6.585780239246854517e-01 3.414219722195393492e-01
-1.223091976516635232e-01 6.496068995828749859e-01 3.503930965844681555e-01
-1.242661448140900821e-01 6.405049451534989835e-01 3.594950510834789004e-01
-1.262230919765168213e-01 6.312748948375057623e-01 3.687251015222469119e-01
-1.281800391389433802e-01 6.219197168015514476e-01 3.780802797412289307e-01
-1.301369863013699391e-01 6.124426184215830959e-01 3.875573783720948629e-01
-1.320939334637964979e-01 6.028648912948424421e-01 3.971351056758664066e-01
-1.340508806262231678e-01 5.931940373365864883e-01 4.068059597140333272e-01
-1.360078277886498932e-01 5.834256008610114730e-01 4.165743962522969746e-01
-1.379647749510764798e-01 5.735660597153188212e-01 4.264339374342556721e-01
-1.399217221135030387e-01 5.636223647603281206e-01 4.363776323887288422e-01
-1.418786692759295975e-01 5.536019533136098403e-01 4.463980437865741058e-01
-1.438356164383562397e-01 5.435127625926083894e-01 4.564872343975078239e-01
-1.457925636007828818e-01 5.333632431577715050e-01 4.666367536469280264e-01
-1.477495107632095517e-01 5.231623723556764194e-01 4.768376241727297349e-01
-1.497064579256361105e-01 5.129196677621552514e-01 4.870803283821315555e-01
-1.516634050880626694e-01 5.026452006254216176e-01 4.973547950084926672e-01
-1.536203522504892283e-01 4.923207284066251077e-01 5.076792667256473379e-01
-1.555772994129159814e-01 4.818542634302120931e-01 5.181457317412931918e-01
-1.575342465753426235e-01 4.713327196109842188e-01 5.286672757145529644e-01
-1.594911937377691824e-01 4.607585069111449494e-01 5.392414887120664524e-01
-1.614481409001957413e-01 4.501337199059445848e-01 5.498662761907062713e-01
-1.634050880626224944e-01 4.394601137033773419e-01 5.605398830780344843e-01
-1.653620352250490533e-01 4.287390798638798239e-01 5.712609178527467968e-01
-1.673189823874756121e-01 4.179716223200251601e-01 5.820283766251319602e-01
-1.692759295499022543e-01 4.071583332962225854e-01 5.928416672175174096e-01
-1.712328767123288131e-01 3.962993692284138558e-01 6.037006332447221180e-01
-1.731898238747555663e-01 3.853944266837701083e-01 6.146055781945090057e-01
-1.751467710371821251e-01 3.744427182803916621e-01 6.255572895080321327e-01
-1.771037181996086840e-01 3.638147941500741167e-01 6.361852152383510317e-01
-1.790606653620353539e-01 3.533325860510775906e-01 6.466674245812220612e-01
-1.810176125244619127e-01 3.429618648940695458e-01 6.570381468573796013e-01
-1.829745596868886381e-01 3.327222091491295886e-01 6.672778035581147238e-01
-1.849315068493151970e-01 3.226340202224494691e-01 6.773659932360207581e-01
-1.868884540117417559e-01 3.127185224563284738e-01 6.872814915049975104e-01
-1.888454011741683425e-01 3.029977631291765339e-01 6.970022510402507088e-01
-1.908023483365949846e-01 2.934946124555128932e-01 7.065054015782876728e-01
-1.927592954990216267e-01 2.842327635859662749e-01 7.157672499169250857e-01
-1.947162426614482966e-01 2.752367326072771014e-01 7.247632799152794458e-01
-1.966731898238748555e-01 2.665318585422933872e-01 7.334681524937758379e-01
-1.986301369863014143e-01 2.578614137990904998e-01 7.421385960330244558e-01
-2.005870841487281397e-01 2.491018307284583455e-01 7.508981785716387636e-01
-2.025440313111546986e-01 2.405039258490996867e-01 7.594960828579344625e-01
-2.045009784735813685e-01 2.320687033144191169e-01 7.679313047542520865e-01
-2.064579256360079274e-01 2.237965391598706610e-01 7.762034682426468546e-01
-2.084148727984344862e-01 2.156871813029574425e-01 7.843128254248901143e-01
-2.103718199608612394e-01 2.077397495432309893e-01 7.922602565224687865e-01
-2.123287671232877982e-01 1.999527355622934266e-01 8.000472698765832558e-01
-2.142857142857143571e-01 1.923534840568963955e-01 8.076465207543783720e-01
-2.162426614481409992e-01 1.849493108441462585e-01 8.150506933443335544e-01
-2.181996086105675581e-01 1.777223685550611276e-01 8.222776350732738937e-01
-2.201565557729943112e-01 1.706725436010577690e-01 8.293274595516012537e-01
-2.221135029354208701e-01 1.637993305811456524e-01 8.362006722034038830e-01
-2.240704500978474289e-01 1.571018322819234536e-01 8.428981702664577469e-01
-2.260273972602740711e-01 1.505787596775815251e-01 8.494212427922257502e-01
-2.279843444227006299e-01 1.442284319299015904e-01 8.557715706458579596e-01
-2.299412915851273831e-01 1.381086233552578924e-01 8.618913792110607375e-01
-2.318982387475539420e-01 1.322243840629498401e-01 8.677756183668225987e-01
-2.338551859099805008e-01 1.265544918315629208e-01 8.734455104660189262e-01
-2.358121330724070597e-01 1.211041064293865849e-01 8.788958957263048877e-01
-2.377690802348338128e-01 1.158785604503206612e-01 8.841214415379081704e-01
-2.397260273972604550e-01 1.108833593138775497e-01 8.891166424636254284e-01
-2.416829745596870138e-01 1.061241812651793348e-01 8.938758202388265017e-01
-2.436399217221135727e-01 1.016068773749597975e-01 8.983931237714510853e-01
-2.455968688845401593e-01 9.718790580407243862e-02 9.028120951123828064e-01
-2.475538160469668847e-01 9.288351714646729540e-02 9.071164836269209886e-01
-2.495107632093934436e-01 8.872707212248007180e-02 9.112729285255631861e-01
-2.514677103718200857e-01 8.470516830186605728e-02 9.152948322412783888e-01
-2.534246575342466445e-01 8.080316230735326566e-02 9.191968381544654010e-01
-2.553816046966732034e-01 7.700516981464197719e-02 9.229948305929532859e-01
-2.573385518590999843e-01 7.329406555240439158e-02 9.267059348320022538e-01
-2.592954990215265432e-01 6.965148330228593254e-02 9.303485170943002203e-01
-2.612524461839531575e-01 6.629468109779626528e-02 9.337053192854940509e-01
-2.632093933463797164e-01 6.313744108300664570e-02 9.368625592839918692e-01
-2.651663405088063308e-01 6.013093165466734669e-02 9.398690687055164528e-01
-2.671232876712330562e-01 5.727402012299315920e-02 9.427259802391773080e-01
-2.690802348336596150e-01 5.456557379819954035e-02 9.454344265740837194e-01
-2.710371819960861739e-01 5.200445999050135049e-02 9.479955403993459706e-01
-2.729941291585128438e-01 4.958954601011358182e-02 9.504104544040736791e-01
-2.749510763209394582e-01 4.726828432521179568e-02 9.527317161074195795e-01
-2.769080234833661280e-01 4.504684067039086554e-02 9.549531597758169621e-01
-2.788649706457926869e-01 4.293663380282393416e-02 9.570633666543457707e-01
-2.808219178082192458e-01 4.093305579019442669e-02 9.590669446738364634e-01
-2.827788649706459156e-01 3.903149870018569889e-02 9.609685017651199423e-01
-2.847358121330725300e-01 3.722735460048100936e-02 9.627726458590266656e-01
-2.866927592954991999e-01 3.551601555876403998e-02 9.644839848863869802e-01
-2.886497064579257588e-01 3.388072041561143027e-02 9.661192800253766144e-01
-2.906066536203523176e-01 3.231599149361859963e-02 9.676840089533627065e-01
-2.925636007827788765e-01 3.082163356247489064e-02 9.691783668918213523e-01
-2.945205479452056019e-01 2.939205168987316444e-02 9.706079487732172106e-01
-2.964774951076322163e-01 2.802165094350660829e-02 9.719783495300150511e-01
-2.984344422700588306e-01 2.670483639106809026e-02 9.732951640946790883e-01
-3.003913894324853895e-01 2.543601310025059986e-02 9.745639873996743141e-01
-3.023483365949119483e-01 2.424632817911815535e-02 9.757536723175663784e-01
-3.043052837573387293e-01 2.314232842277083244e-02 9.768576720469601682e-01
-3.062622309197652881e-01 2.209929869334749386e-02 9.779007017360358267e-01
-3.082191780821919025e-01 2.111508642091660531e-02 9.788849139530537702e-01
-3.101761252446184614e-01 2.018753903554672963e-02 9.798124612662724164e-01
-3.121330724070452423e-01 1.931450396730637759e-02 9.806854962439521817e-01
-3.140900195694718011e-01 1.849382864626421957e-02 9.815061714543517057e-01
-3.160469667318983600e-01 1.768676503608803546e-02 9.823132349897363280e-01
-3.180039138943249188e-01 1.686662484059653355e-02 9.831333751832362911e-01
-3.199608610567515332e-01 1.605784952162587001e-02 9.839421505294823067e-01
-3.219178082191782031e-01 1.525425595805770737e-02 9.847457441542656342e-01
-3.238747553816047620e-01 1.444966102877383654e-02 9.855503391833763116e-01
-3.258317025440315429e-01 1.363788161265594608e-02 9.863621187426051540e-01
-3.277886497064581017e-01 1.281273458858569851e-02 9.871872659577431985e-01
-3.297455968688846606e-01 1.206771104125132360e-02 9.879322896792128716e-01
-3.317025440313113860e-01 1.150996205940443828e-02 9.884900387438395608e-01
-3.336594911937379448e-01 1.103268313040096753e-02 9.889673177391629100e-01
-3.356164383561645037e-01 1.064292648706563482e-02 9.893570744277937479e-01
-3.375733855185910626e-01 1.033118469174922928e-02 9.896688162432372149e-01
-3.395303326810176214e-01 9.942972636917219928e-03 9.900570282925627019e-01
-3.414872798434443468e-01 9.557040738299946506e-03 9.904429601536555161e-01
-3.434442270058709057e-01 9.163660991883041534e-03 9.908363398263919652e-01
-3.454011741682974646e-01 8.753105393652062943e-03 9.912468953106476910e-01
-3.473581213307242455e-01 8.368955613804962557e-03 9.916310450471496063e-01
-3.493150684931508043e-01 8.001095794406151707e-03 9.919989048575876822e-01
-3.512720156555775297e-01 7.641281408655873665e-03 9.923587192488787512e-01
-3.532289628180040886e-01 7.289512456554096340e-03 9.927104882210224801e-01
-3.551859099804306474e-01 6.969140879007069793e-03 9.930308598161716738e-01
-3.571428571428572063e-01 6.667929829701465042e-03 9.933320708895165829e-01
-3.590998043052839872e-01 6.384944434013718230e-03 9.936150563163597127e-01
-3.610567514677105461e-01 6.117980880732540143e-03 9.938820199036484393e-01
-3.630136986301371049e-01 5.838157413158518751e-03 9.941618433522094733e-01
-3.649706457925636638e-01 5.563339770890679895e-03 9.944366609570058912e-01
-3.669275929549902227e-01 5.293527953929029646e-03 9.947064727180374710e-01
-3.688845401174169480e-01 5.039803945072971088e-03 9.949601966700831746e-01
-3.708414872798435069e-01 4.846342394118475713e-03 9.951536582334159498e-01
-3.727984344422702323e-01 4.682914504036110419e-03 9.953170861571167816e-01
-3.747553816046967912e-01 4.549520274825878674e-03 9.954504804411856700e-01
-3.767123287671233500e-01 4.405345543271218557e-03 9.955946552215473311e-01
-3.786692759295501309e-01 4.177773731991403332e-03 9.958222270270242760e-01
-3.806262230919766898e-01 3.924812543703260978e-03 9.960751881936893426e-01
-3.825831702544032487e-01 3.735692748760149028e-03 9.962643080137912888e-01
-3.845401174168298075e-01 3.589222620601917497e-03 9.964107781990225732e-01
-3.864970645792565329e-01 3.450474910015474683e-03 9.965495259434891118e-01
-3.884540117416830918e-01 3.278590260232717817e-03 9.967214105289077253e-01
-3.904109589041096506e-01 3.097425595045100004e-03 9.969025750753079951e-01
-3.923679060665362095e-01 2.993171330221655775e-03 9.970068293542273530e-01
-3.943248532289629904e-01 2.892093946033159023e-03 9.971079067587749201e-01
-3.962818003913895493e-01 2.781624725713603696e-03 9.972183759851489526e-01
-3.982387475538162747e-01 2.661776831946092992e-03 9.973382238706862690e-01
-4.001956947162428335e-01 2.542019730527722045e-03 9.974579809634689376e-01
-4.021526418786693924e-01 2.424553592182867277e-03 9.975754470829421017e-01
-4.041095890410959512e-01 2.307087453838012510e-03 9.976929132024154878e-01
-4.060665362035226766e-01 2.207530270216905791e-03 9.977924703762333092e-01
-4.080234833659492910e-01 2.121162047137915320e-03 9.978788385961876450e-01
-4.099804305283758499e-01 2.035153846836178920e-03 9.979648467936399481e-01
-4.119373776908024087e-01 1.951953205863651408e-03 9.980480474339094021e-01
-4.138943248532291341e-01 1.868752564891118691e-03 9.981312480741790782e-01
-4.158512720156556930e-01 1.791815613545123982e-03 9.982081850250140720e-01
-4.178082191780822519e-01 1.718230296177783965e-03 9.982817703419730737e-01
-4.197651663405089772e-01 1.645406138845133173e-03 9.983545944987493037e-01
-4.217221135029355361e-01 1.577648337146375992e-03 9.984223522989075228e-01
-4.236790606653623170e-01 1.512925205920426144e-03 9.984870754280033012e-01
-4.256360078277888759e-01 1.451236745167294034e-03 9.985487638860365278e-01
-4.275929549902154347e-01 1.392582954886975328e-03 9.986074176730074248e-01
-4.295499021526419936e-01 1.335160686615080063e-03 9.986648399365867235e-01
-4.315068493150685525e-01 1.274105072643064076e-03 9.987258955423438112e-01
-4.334637964774952779e-01 1.213459012114218548e-03 9.987865415929133572e-01
-4.354207436399218367e-01 1.153222505028549116e-03 9.988467780882956948e-01
-4.373776908023483956e-01 1.093395551386051445e-03 9.989066050284901577e-01
-4.393346379647749544e-01 1.038186805966746437e-03 9.989618137620062122e-01
-4.412915851272017354e-01 9.946960729249787643e-04 9.990053044902378332e-01
-4.432485322896284607e-01 9.563134822164827582e-04 9.990436870780639023e-01
-4.452054794520550196e-01 9.230390338412649241e-04 9.990769615254840863e-01
-4.471624266144815785e-01 8.948727277993209252e-04 9.991051278324983853e-01
-4.491193737769081373e-01 8.654068026379226931e-04 9.991345938266075200e-01
-4.510763209393348627e-01 8.279610312917949980e-04 9.991720398037311490e-01
-4.530332681017614216e-01 7.898520885608064333e-04 9.992101490136549025e-01
-4.549902152641879804e-01 7.510799744449517951e-04 9.992489214563783362e-01
-4.569471624266145393e-01 7.116446889442336853e-04 9.992883571319008951e-01
-4.589041095890410982e-01 6.791846402382393719e-04 9.993208173599976707e-01
-4.608610567514678791e-01 6.582495372798508916e-04 9.993417522696752542e-01
-4.628180039138944379e-01 6.423921208256909085e-04 9.993576093497994473e-01
-4.647749510763211633e-01 6.316123908757568205e-04 9.993683886003705830e-01
-4.667318982387477222e-01 6.259103474300516633e-04 9.993740900213883283e-01
-4.686888454011742811e-01 6.017039753728223132e-04 9.993982962469810660e-01
-4.706457925636010620e-01 5.526886557809360286e-04 9.994473120615634532e-01
-4.726027397260276208e-01 4.936003236656028546e-04 9.995064011433161255e-01
-4.745596868884541797e-01 4.244389790268188883e-04 9.995755634922389721e-01
-4.765166340508807385e-01 3.452046218645858644e-04 9.996547991083322149e-01
-4.784735812133072974e-01 3.257909136412926766e-04 9.996742130420505079e-01
-4.804305283757340228e-01 3.434785894855314943e-04 9.996565249202913339e-01
-4.823874755381605817e-01 3.611662653297698783e-04 9.996388367985321599e-01
-4.843444227005871405e-01 3.788539411740073949e-04 9.996211486767729859e-01
-4.863013698630138659e-01 3.896225672600050864e-04 9.996103796723152524e-01
-4.882583170254404248e-01 3.744271538283655033e-04 9.996255749608347063e-01
-4.902152641878672057e-01 3.592317403967272213e-04 9.996407702493543823e-01
-4.921722113502937646e-01 3.440363269650889393e-04 9.996559655378737252e-01
-4.941291585127203234e-01 3.306946025615851298e-04 9.996693072238693745e-01
-4.960861056751468823e-01 3.176732372647738875e-04 9.996823285657083780e-01
-4.980430528375736077e-01 3.046518719679609105e-04 9.996953499075473815e-01
-5.000000000000002220e-01 2.924393857618146596e-04 9.997075623713047587e-01
-5.000000000000000000e-01 2.924393857618146596e-04 9.997075623713047587e-01
-4.980430528375733301e-01 3.013568835475428746e-04 9.996986448079656640e-01
-4.960861056751467713e-01 3.119218025369502496e-04 9.996880798422937975e-01
-4.941291585127201569e-01 3.230848216040594842e-04 9.996769167854309135e-01
-4.921722113502935980e-01 3.342776091564995597e-04 9.996657239605173384e-01
-4.902152641878669281e-01 3.466629765175028959e-04 9.996533385650948622e-01
-4.882583170254402583e-01 3.591749895218931087e-04 9.996408265250165126e-01
-4.863013698630136994e-01 3.716870025262841888e-04 9.996283144849380520e-01
-4.843444227005870295e-01 3.841990155306739679e-04 9.996158024448597024e-01
-4.823874755381604706e-01 3.980656831493361095e-04 9.996019357776363412e-01
-4.804305283757338563e-01 4.122542488941617102e-04 9.995877472188139379e-01
-4.784735812133072974e-01 4.264428146389877446e-04 9.995735586599916456e-01
-4.765166340508806275e-01 4.406313803838124779e-04 9.995593701011691312e-01
-4.745596868884539576e-01 4.562942502221644867e-04 9.995437072346505802e-01
-4.726027397260273988e-01 4.725534677837411185e-04 9.995274480189517696e-01
-4.706457925636007844e-01 4.888126853453177503e-04 9.995111888032528480e-01
-4.686888454011742255e-01 5.050719029068939485e-04 9.994949295875534823e-01
-4.667318982387475557e-01 5.224334042012051572e-04 9.994775680842645782e-01
-4.647749510763208858e-01 5.410957330029223661e-04 9.994589057489156048e-01
-4.628180039138943269e-01 5.605175786314873024e-04 9.994394838940821035e-01
-4.608610567514677125e-01 5.806989410868969304e-04 9.994193025197637414e-01
-4.589041095890410982e-01 6.016398203691542858e-04 9.993983616259607405e-01
-4.569471624266144838e-01 6.233402164782563329e-04 9.993766612126729898e-01
-4.549902152641878139e-01 6.458001294142052401e-04 9.993542012799003782e-01
-4.530332681017612551e-01 6.690195591770005737e-04 9.993309818276429057e-01
-4.510763209393345852e-01 6.930924943557808908e-04 9.993069088737800421e-01
-4.491193737769080263e-01 7.180892654389367698e-04 9.992819120926637044e-01
-4.471624266144814119e-01 7.438970090594323320e-04 9.992561043398933140e-01
-4.452054794520548531e-01 7.705157252172645417e-04 9.992294856154684268e-01
-4.432485322896281832e-01 7.979454139124355673e-04 9.992020559193899309e-01
-4.412915851272015133e-01 8.261860751449441077e-04 9.991738152516576044e-01
-4.393346379647749544e-01 8.552377089147910304e-04 9.991447636122706699e-01
-4.373776908023483401e-01 8.851003152219763352e-04 9.991149010012303489e-01
-4.354207436399216702e-01 9.159120721863554804e-04 9.990840892403092255e-01
-4.334637964774951113e-01 9.480793240244944110e-04 9.990519219849783861e-01
-4.315068493150684414e-01 9.811989528026791689e-04 9.990188023534821715e-01
-4.295499021526418826e-01 1.015270958520911922e-03 9.989847303458204708e-01
-4.275929549902152127e-01 1.050295341179191370e-03 9.989497059619929509e-01
-4.256360078277886538e-01 1.086272100777516646e-03 9.989137292019996117e-01
-4.236790606653620395e-01 1.123201237315889483e-03 9.988768000658410084e-01
-4.217221135029353696e-01 1.161082750794307714e-03 9.988389185535166970e-01
-4.197651663405088107e-01 1.200077792699665805e-03 9.987999235132789533e-01
-4.178082191780821408e-01 1.244401829088968934e-03 9.987555994722426833e-01
-4.158512720156555265e-01 1.290657053684665830e-03 9.987093442421889344e-01
-4.138943248532289676e-01 1.338843466486757793e-03 9.986611578231179287e-01
-4.119373776908022977e-01 1.388961067495245692e-03 9.986110402150297771e-01
-4.099804305283757389e-01 1.441009856710126925e-03 9.985589914179237025e-01
-4.080234833659491245e-01 1.494989834131404960e-03 9.985050114318005932e-01
-4.060665362035224546e-01 1.550900999759077196e-03 9.984491002566598938e-01
-4.041095890410958957e-01 1.608743353593143199e-03 9.983912578925019377e-01
-4.021526418786692814e-01 1.668516895633604270e-03 9.983314843393269467e-01
-4.001956947162426670e-01 1.730221625880460842e-03 9.982697795971340327e-01
-3.982387475538159971e-01 1.793857544333712049e-03 9.982061436659239728e-01
-3.962818003913894382e-01 1.859424650993359192e-03 9.981405765456966561e-01
-3.943248532289627684e-01 1.926922945859399234e-03 9.980730782364517495e-01
-3.923679060665362095e-01 1.996352428931835211e-03 9.980036487381896970e-01
-3.904109589041095951e-01 2.067713100210666257e-03 9.979322880509098326e-01
-3.884540117416829808e-01 2.141004959695891937e-03 9.978589961746131554e-01
-3.864970645792563664e-01 2.219271641551860338e-03 9.977807294816951611e-01
-3.845401174168296965e-01 2.301516462759965742e-03 9.976984846530269069e-01
-3.825831702544031376e-01 2.386237036285514777e-03 9.976137640724036526e-01
-3.806262230919765233e-01 2.473433362128509179e-03 9.975265677398259534e-01
-3.786692759295498534e-01 2.563105440288947212e-03 9.974368956552939203e-01
-3.767123287671232945e-01 2.655253270766829311e-03 9.973447478188068871e-01
-3.747553816046966246e-01 2.749876853562156342e-03 9.972501242303655200e-01
-3.727984344422700103e-01 2.846976188674927438e-03 9.971530248899695970e-01
-3.708414872798433959e-01 2.946551276105141733e-03 9.970534497976192290e-01
-3.688845401174168370e-01 3.048602115852802694e-03 9.969513989533143050e-01
-3.669275929549902227e-01 3.153128707917906854e-03 9.968468723570544920e-01
-3.649706457925635528e-01 3.260131052300453778e-03 9.967398700088403452e-01
-3.630136986301369939e-01 3.369609149000446068e-03 9.966303919086716423e-01
-3.610567514677103240e-01 3.481562998017883291e-03 9.965184380565482725e-01
-3.590998043052837096e-01 3.595992599352764579e-03 9.964040084524706797e-01
-3.571428571428571508e-01 3.729273664041765114e-03 9.962707273827380305e-01
-3.551859099804304809e-01 3.868837033522324644e-03 9.961311640079579810e-01
-3.532289628180039220e-01 4.013173981113976607e-03 9.959868270550560343e-01
-3.512720156555772522e-01 4.162284506816722740e-03 9.958377165240323015e-01
-3.493150684931506378e-01 4.316168610630563909e-03 9.956838324148862274e-01
-3.473581213307240789e-01 4.474826292555500983e-03 9.955251747276187002e-01
-3.454011741682974646e-01 4.638257552591529623e-03 9.953617434622289428e-01
-3.434442270058707947e-01 4.806462390738657636e-03 9.951935386187172883e-01
-3.414872798434441803e-01 4.979440806996873747e-03 9.950205601970840696e-01
-3.395303326810176214e-01 5.157192801366185762e-03 9.948428081973286208e-01
-3.375733855185909515e-01 5.339718373846595416e-03 9.946602826194512748e-01
-3.356164383561643372e-01 5.527017524438100106e-03 9.944729834634520316e-01
-3.336594911937377783e-01 5.719090253140698965e-03 9.942809107293308912e-01
-3.317025440313111084e-01 5.915936559954387657e-03 9.940840644170880758e-01
-3.297455968688845496e-01 6.119762155492894547e-03 9.938802388181737779e-01
-3.277886497064578797e-01 6.340585355546945329e-03 9.936594156261759903e-01
-3.258317025440312653e-01 6.567977413026580835e-03 9.934320235784221964e-01
-3.238747553816047065e-01 6.801938327931807138e-03 9.931980626749126184e-01
-3.219178082191780366e-01 7.042468100262618165e-03 9.929575329156468122e-01
-3.199608610567514222e-01 7.289566730019018254e-03 9.927104343006255549e-01
-3.180039138943248078e-01 7.543234217201003067e-03 9.924567668298481804e-01
-3.160469667318982490e-01 7.803470561808579543e-03 9.921965305033144666e-01
-3.140900195694715791e-01 8.070275763841741612e-03 9.919297253210255239e-01
-3.121330724070449647e-01 8.343649823300488405e-03 9.916563512829801308e-01
-3.101761252446184058e-01 8.623592740184825994e-03 9.913764083891791756e-01
-3.082191780821917360e-01 8.910104514494752645e-03 9.910898966396222143e-01
-3.062622309197651216e-01 9.203185146230263153e-03 9.907968160343092467e-01
-3.043052837573385072e-01 9.506363349660179596e-03 9.904936378560265098e-01
-3.023483365949118928e-01 9.845969368554039272e-03 9.901540318390260609e-01
-3.003913894324853340e-01 1.019682057361671543e-02 9.898031806336236027e-01
-2.984344422700586641e-01 1.055891696484819245e-02 9.894410842398182471e-01
-2.964774951076320497e-01 1.093225854224847901e-02 9.890677426576107711e-01
-2.945205479452054353e-01 1.131684530581756991e-02 9.886831558870010639e-01
-2.925636007827788210e-01 1.171267725555546688e-02 9.882873239279887922e-01
-2.906066536203522066e-01 1.211975439146217859e-02 9.878802467805740672e-01
-2.886497064579256477e-01 1.253807671353769290e-02 9.874619244447568889e-01
-2.866927592954989779e-01 1.296764422178202023e-02 9.870323569205373682e-01
-2.847358121330723635e-01 1.340845691619515709e-02 9.865915442079153941e-01
-2.827788649706457491e-01 1.386051479677710002e-02 9.861394863068911887e-01
-2.808219178082191347e-01 1.432381786352784209e-02 9.856761832174643079e-01
-2.788649706457925759e-01 1.479943994493523700e-02 9.852005611131915419e-01
-2.769080234833659615e-01 1.530324010430547492e-02 9.846967609609558192e-01
-2.749510763209392916e-01 1.582082534362083334e-02 9.841791757313769207e-01
-2.729941291585126772e-01 1.635219566288132614e-02 9.836478054244539582e-01
-2.710371819960860629e-01 1.689735106208694465e-02 9.831026500401873758e-01
-2.690802348336594485e-01 1.745629154123768539e-02 9.825437095785771735e-01
-2.671232876712328896e-01 1.802901710033354490e-02 9.819709840396231293e-01
-2.651663405088062753e-01 1.861552773937454747e-02 9.813844734233252431e-01
-2.632093933463796054e-01 1.921582345836067227e-02 9.807841777296838481e-01
-2.612524461839529910e-01 1.982990425729192624e-02 9.801700969586983891e-01
-2.592954990215263766e-01 2.045777013616830592e-02 9.795422311103696433e-01
-2.573385518590997623e-01 2.110746301587175522e-02 9.788925382771971329e-01
-2.553816046966732034e-01 2.177990070367590708e-02 9.782201006534350096e-01
-2.534246575342465335e-01 2.246882144629287759e-02 9.775311799819508263e-01
-2.514677103718199191e-01 2.317422524372265979e-02 9.768257762627446938e-01
-2.495107632093933048e-01 2.389611209596526065e-02 9.761038894958167234e-01
-2.475538160469667182e-01 2.463448200302065932e-02 9.753655196811670258e-01
-2.455968688845400483e-01 2.538933496488887664e-02 9.746106668187953792e-01
-2.436399217221134617e-01 2.616067098156990914e-02 9.738393309087021166e-01
-2.416829745596868473e-01 2.694849005306373252e-02 9.730515119508871269e-01
-2.397260273972602329e-01 2.775279217937037801e-02 9.722472099453498551e-01
-2.377690802348336185e-01 2.857417586739983278e-02 9.714258263840243046e-01
-2.358121330724070319e-01 2.946149090128322504e-02 9.705385113883933101e-01
-2.338551859099803620e-01 3.037395367645155664e-02 9.696260486418268876e-01
-2.318982387475537754e-01 3.131156419290478943e-02 9.686884381443247038e-01
-2.299412915851271610e-01 3.227432245064292687e-02 9.677256798958867590e-01
-2.279843444227005467e-01 3.326222844966600367e-02 9.667377738965132750e-01
-2.260273972602739323e-01 3.427528218997400594e-02 9.657247201462042518e-01
-2.240704500978473457e-01 3.531348367156692675e-02 9.646865186449595786e-01
-2.221135029354206758e-01 3.637683289444477303e-02 9.636231693927792552e-01
-2.201565557729940892e-01 3.746532985860753784e-02 9.625346723896631707e-01
-2.181996086105674748e-01 3.857897456405522119e-02 9.614210276356117690e-01
-2.162426614481408604e-01 3.971876677264554040e-02 9.602812353864220718e-01
-2.142857142857142461e-01 4.088503509047641815e-02 9.591149670417989936e-01
-2.123287671232876039e-01 4.207682363445542501e-02 9.579231784679553829e-01
-2.103718199608609896e-01 4.329413240458260259e-02 9.567058696648906846e-01
-2.084148727984344029e-01 4.453696140085795091e-02 9.554630406326047876e-01
-2.064579256360077886e-01 4.580531062328144221e-02 9.541946913710979139e-01
-2.045009784735811742e-01 4.709918007185311117e-02 9.529008218803701746e-01
-2.025440313111545876e-01 4.841856974657293700e-02 9.515814321604214587e-01
-2.005870841487279177e-01 4.976347964744094743e-02 9.502365222112516552e-01
-1.986301369863013033e-01 5.113366508575213631e-02 9.488663367288435735e-01
-1.966731898238747167e-01 5.252882725994702934e-02 9.474711745236451543e-01
-1.947162426614481023e-01 5.394936426938465313e-02 9.460506374844555033e-01
-1.927592954990214880e-01 5.539527611406495911e-02 9.446047256112750645e-01
-1.908023483365949013e-01 5.686656279398799585e-02 9.431334389041033939e-01
-1.888454011741682315e-01 5.836322430915376336e-02 9.416367773629410465e-01
-1.868884540117415893e-01 5.988526065956228939e-02 9.401147409877872452e-01
-1.849315068493150305e-01 6.143267184521347679e-02 9.385673297786425451e-01
-1.829745596868884161e-01 6.300545786610736720e-02 9.369945437355069462e-01
-1.810176125244617740e-01 6.460326824628313813e-02 9.353967333335533318e-01
-1.790606653620352151e-01 6.622502004099919959e-02 9.337749815150879762e-01
-1.771037181996085452e-01 6.787180935198711129e-02 9.321281921808439730e-01
-1.751467710371819586e-01 6.954363617924683161e-02 9.304563653308217663e-01
-1.731898238747553720e-01 7.124050052277838829e-02 9.287595009650209121e-01
-1.712328767123286744e-01 7.296240238258185073e-02 9.270375990834414104e-01
-1.692759295499021155e-01 7.470934175865712179e-02 9.252906596860832611e-01
-1.673189823874754734e-01 7.648131865100424309e-02 9.235186827729469083e-01
-1.653620352250488590e-01 7.827833305962317301e-02 9.217216683440316860e-01
-1.634050880626222169e-01 8.009973810273009198e-02 9.199002632803214841e-01
-1.614481409001956580e-01 8.193874481571160329e-02 9.180612565380266155e-01
-1.594911937377690436e-01 8.380122135192807908e-02 9.161987799710495928e-01
-1.575342465753424015e-01 8.568716771137956101e-02 9.143128335793910821e-01
-1.555772994129158426e-01 8.759658389406592416e-02 9.124034173630504174e-01
-1.536203522504891728e-01 8.952946989998725180e-02 9.104705313220275986e-01
-1.516634050880625861e-01 9.148582572914348843e-02 9.085141754563232919e-01
-1.497064579256359163e-01 9.346565138153475893e-02 9.065343497659363869e-01
-1.477495107632093296e-01 9.546894685716089679e-02 9.045310542508679941e-01
-1.457925636007827708e-01 9.749571215602195751e-02 9.025042889111178912e-01
-1.438356164383561009e-01 9.954594727811806598e-02 9.004540537466851902e-01
-1.418786692759294865e-01 1.016196522234490141e-01 8.983803487575710012e-01
-1.399217221135028444e-01 1.037168269920150099e-01 8.962831739437747691e-01
-1.379647749510762855e-01 1.058374715838158453e-01 8.941625293052966050e-01
-1.360078277886496712e-01 1.079815859988516730e-01 8.920184148421366199e-01
-1.340508806262230290e-01 1.101491702371224790e-01 8.898508305542944807e-01
-1.320939334637964702e-01 1.123402242986281385e-01 8.876597764417706315e-01
-1.301369863013697725e-01 1.145547481833688458e-01 8.854452525045646283e-01
-1.281800391389432137e-01 1.167927418913444204e-01 8.832072587426768040e-01
-1.262230919765165438e-01 1.189749724037588163e-01 8.810250282132006117e-01
-1.242661448140899433e-01 1.211545854534469002e-01 8.788454151576131634e-01
-1.223091976516633844e-01 1.233475964223862409e-01 8.766524041861956107e-01
-1.203522504892367284e-01 1.255540053105769494e-01 8.744459952989479534e-01
-1.183953033268101279e-01 1.277738121180189701e-01 8.722261884958708578e-01
-1.164383561643834719e-01 1.300070168447122754e-01 8.699929837769628804e-01
-1.144814090019569131e-01 1.322536194906568374e-01 8.677463811422255757e-01
-1.125244618395302570e-01 1.345136200558528228e-01 8.654863805916579444e-01
-1.105675146771036566e-01 1.367870185403000094e-01 8.632129821252602087e-01
-1.086105675146770561e-01 1.390738149439985083e-01 8.609261857430327014e-01
-1.066536203522504000e-01 1.413740092669483750e-01 8.586259914449749786e-01
-1.046966731898238412e-01 1.436841540835870068e-01 8.563158466477055475e-01
-1.027397260273971852e-01 1.460009725788873891e-01 8.539990281577505282e-01
-1.007827788649705847e-01 1.483296481390266042e-01 8.516703526023798876e-01
-9.882583170254401195e-02 1.506701807640047908e-01 8.493298199815944027e-01
-9.686888454011736982e-02 1.530225704538219489e-01 8.469774302953931855e-01
-9.491193737769075545e-02 1.553868172084779675e-01 8.446131835437771240e-01
-9.295499021526411332e-02 1.577629210279729577e-01 8.422370797267455522e-01
-9.099804305283754058e-02 1.601508819123068084e-01 8.398491188442989142e-01
-8.904109589041089845e-02 1.625506998614797416e-01 8.374493008964367657e-01
-8.708414872798424244e-02 1.649623748754914243e-01 8.350376258831595511e-01
-8.512720156555768358e-02 1.673859069543420230e-01 8.326140938044670481e-01
-8.317025440313102758e-02 1.698212960980317598e-01 8.301787046603590348e-01
-8.121330724070446871e-02 1.722608932194180098e-01 8.277391075383706553e-01
-7.925636007827781271e-02 1.747105147783277190e-01 8.252894859783767023e-01
-7.729941291585125385e-02 1.771706683176809127e-01 8.228293324374307272e-01
-7.534246575342459784e-02 1.796413538374778684e-01 8.203586469155328409e-01
-7.338551859099795571e-02 1.821225713377181976e-01 8.178774294126832656e-01
-7.142857142857138297e-02 1.846143208184021778e-01 8.153856799288814461e-01
-6.947162426614474084e-02 1.871166022795297534e-01 8.128833984641277155e-01
-6.751467710371818198e-02 1.896294157211007858e-01 8.103705850184224069e-01
-6.555772994129152598e-02 1.921527611431155247e-01 8.078472395917648541e-01
-6.360078277886486997e-02 1.946866385455737203e-01 8.053133621841555012e-01
-6.164383561643831111e-02 1.972310479284755114e-01 8.027689527955942372e-01
-5.968688845401166204e-02 1.997834572172047241e-01 8.002165435016403983e-01
-5.772994129158509624e-02 2.023430823214540375e-01 7.976569183928930995e-01
-5.577299412915844717e-02 2.049123678087658162e-01 7.950876329008992327e-01
-5.381604696673188831e-02 2.074913136791399215e-01 7.925086870256596860e-01
-5.185909980430523231e-02 2.100799199325765754e-01 7.899200807671737934e-01
-4.990215264187858324e-02 2.126781865690756113e-01 7.873218141254414437e-01
-4.794520547945201744e-02 2.152861135886370847e-01 7.847138871004631921e-01
-4.598825831702536837e-02 2.179037009912611067e-01 7.820962996922382615e-01
-4.403131115459880951e-02 2.205309487769474552e-01 7.794690519007678731e-01
-4.207436399217215350e-02 2.231678569456964079e-01 7.768321437260509166e-01
-4.011741682974550444e-02 2.258144254975076315e-01 7.741855751680877251e-01
-3.816046966731884843e-02 2.284712268244465383e-01 7.715287738349694280e-01
-3.620352250489228957e-02 2.311529716833023995e-01 7.688470289739148811e-01
-3.424657534246573071e-02 2.338483326665186102e-01 7.661516679893940474e-01
-3.228962818003907470e-02 2.365576265650271570e-01 7.634423740905621480e-01
-3.033268101761251584e-02 2.392811701697589721e-01 7.607188304865729611e-01
-2.837573385518577310e-02 2.420192802716460423e-01 7.579807203865824849e-01
-2.641878669275921077e-02 2.447722736616196604e-01 7.552277269997444975e-01
-2.446183953033255823e-02 2.475404671306116744e-01 7.524595335352144421e-01
-2.250489236790599937e-02 2.503241774695532107e-01 7.496758232021468737e-01
-2.054794520547943704e-02 2.531237214693760618e-01 7.468762792096963476e-01
-1.859099804305278450e-02 2.559394159210119368e-01 7.440605847670178630e-01
-1.663405088062613196e-02 2.587715776153920455e-01 7.412284230832659748e-01
-1.467710371819948116e-02 2.616318927584175835e-01 7.383681079633990230e-01
-1.272015655577291883e-02 2.645209698387837038e-01 7.354790309190835096e-01
-1.076320939334635823e-02 2.674327478557425586e-01 7.325672529451117132e-01
-8.806262230919707432e-03 2.703679487270252979e-01 7.296320521242218859e-01
-6.849315068493054028e-03 2.733272943703621838e-01 7.266727065391543894e-01
-4.892367906066402358e-03 2.763115067034844774e-01 7.236884942726478087e-01
-2.935420743639841328e-03 2.793213076441227738e-01 7.206786934074422835e-01
-9.784735812131892252e-04 2.823574191100078901e-01 7.176425820262770650e-01
9.784735812133715880e-04 2.854205630188706988e-01 7.145794382118907384e-01
2.935420743639932401e-03 2.885114612884417951e-01 7.114885400470232213e-01
4.892367906066584504e-03 2.916308358364523290e-01 7.083691656144139870e-01
6.849315068493237041e-03 2.947816305519525559e-01 7.052183710174655396e-01
8.806262230919889578e-03 2.979772499055544643e-01 7.020227517402763961e-01
1.076320939334645017e-02 3.012077116179008862e-01 6.987922901012948440e-01
1.272015655577310271e-02 3.044740710879286771e-01 6.955259307008517800e-01
1.467710371819966331e-02 3.077773837145740266e-01 6.922226181392777677e-01
1.663405088062631584e-02 3.111187048967739566e-01 6.888812970169029271e-01
1.859099804305296838e-02 3.144990900334649342e-01 6.855009119340571555e-01
2.054794520547952724e-02 3.179195945235834264e-01 6.820804074910713499e-01
2.250489236790617978e-02 3.213812737660663998e-01 6.786187282882754079e-01
2.446183953033274211e-02 3.248851831598500994e-01 6.751148189260002264e-01
2.641878669275930097e-02 3.284323781038711587e-01 6.715676240045759249e-01
2.837573385518595351e-02 3.320239139970666553e-01 6.679760881243321791e-01
3.033268101761260604e-02 3.356711395588630742e-01 6.643288625908361222e-01
3.228962818003926205e-02 3.393723411699433035e-01 6.606276610157512108e-01
3.424657534246582091e-02 3.431250746468695878e-01 6.568749275730350057e-01
3.620352250489246998e-02 3.469307014594585348e-01 6.530693007929034843e-01
3.816046966731903578e-02 3.507905830775252531e-01 6.492094192055728463e-01
4.011741682974568485e-02 3.547060809708862950e-01 6.452939213412591801e-01
4.207436399217233391e-02 3.586785566093571576e-01 6.413214457301782412e-01
4.403131115459889972e-02 3.627093714627533383e-01 6.372906309025463401e-01
4.598825831702554878e-02 3.667998870008914447e-01 6.332001153885793432e-01
4.794520547945210764e-02 3.709514646935868076e-01 6.290485377184936722e-01
4.990215264187876365e-02 3.751654660106554795e-01 6.248345364225053045e-01
5.185909980430532251e-02 3.794439800058132528e-01 6.205560224439624628e-01
5.381604696673197852e-02 3.837902011435865290e-01 6.162098013108963102e-01
5.577299412915862759e-02 3.882037233412358734e-01 6.117962791132860456e-01
5.772994129158518645e-02 3.926859704925363959e-01 6.073140319571338486e-01
5.968688845401184245e-02 3.972383664912637058e-01 6.027616359484415653e-01
6.164383561643840131e-02 4.018623352311926356e-01 5.981376671932121525e-01
6.360078277886505038e-02 4.065593006060987946e-01 5.934407017974465681e-01
6.555772994129170639e-02 4.113306865097573484e-01 5.886693158671474357e-01
6.751467710371826525e-02 4.161779168359435177e-01 5.838220855083168237e-01
6.947162426614492126e-02 4.211024154784328566e-01 5.788975868269565783e-01
7.142857142857148012e-02 4.261056063310003084e-01 5.738943959290687680e-01
7.338551859099813612e-02 4.311889132874214825e-01 5.688110889206553500e-01
7.534246575342477825e-02 4.363452651526928960e-01 5.636547370141342661e-01
7.729941291585135099e-02 4.415795999228562807e-01 5.584204022059446881e-01
7.925636007827799312e-02 4.468945644283330854e-01 5.531054376629043201e-01
8.121330724070456586e-02 4.522911038422828822e-01 5.477088982126243621e-01
8.317025440313120799e-02 4.577701387641391340e-01 5.422298632564936938e-01
8.512720156555776685e-02 4.633325652196060851e-01 5.366674367696813164e-01
8.708414872798442286e-02 4.689792546606611490e-01 5.310207473011339108e-01
8.904109589041107886e-02 4.747110539655536865e-01 5.252889479735778355e-01
9.099804305283763772e-02 4.805287854388049507e-01 5.194712164835180168e-01
9.295499021526429373e-02 4.864332468112091412e-01 5.135667551012370602e-01
9.491193737769085259e-02 4.924252112398320169e-01 5.075747906707981372e-01
9.686888454011750860e-02 4.984944956623904022e-01 5.015055062297263389e-01
9.882583170254415073e-02 5.046271889370570474e-01 4.953728128863539304e-01
1.007827788649708067e-01 5.108387056120221592e-01 4.891612961286871952e-01
1.027397260273973656e-01 5.171282917103880994e-01 4.828717099315653072e-01
1.046966731898239245e-01 5.234950936186679726e-01 4.765049079062910753e-01
1.066536203522505805e-01 5.299381580867830177e-01 4.700618433006308883e-01
1.086105675146771393e-01 5.364564322280630515e-01 4.635435689988158803e-01
1.105675146771037953e-01 5.430487635192476903e-01 4.569512375215405431e-01
1.125244618395304513e-01 5.497138998004844623e-01 4.502861010259637253e-01
1.144814090019570102e-01 5.564504892753310283e-01 4.435495113057077998e-01
1.164383561643836523e-01 5.632570805107537382e-01 4.367429197908588856e-01
1.183953033268102251e-01 5.701321224371269647e-01 4.298678775479681802e-01
1.203522504892368672e-01 5.770698984796394093e-01 4.229301013096578021e-01
1.223091976516635232e-01 5.840710328848397470e-01 4.159289667320139050e-01
1.242661448140900821e-01 5.911337850150424345e-01 4.088662144449367042e-01
1.262230919765168213e-01 5.982560053160704827e-01 4.017439940069378324e-01
1.281800391389433802e-01 6.054354343907444314e-01 3.945645648198092270e-01
1.301369863013699391e-01 6.126697029988843468e-01 3.873302961286192447e-01
1.320939334637964979e-01 6.199563320573098224e-01 3.800436670217155477e-01
1.340508806262231678e-01 6.272927326398374248e-01 3.727072664307240490e-01
1.360078277886498932e-01 6.346762059772844689e-01 3.653237931305483022e-01
1.379647749510764798e-01 6.421039434574646876e-01 3.578960557393717212e-01
1.399217221135030387e-01 6.495730266251921181e-01 3.504269727186549721e-01
1.418786692759295975e-01 6.570465389199944273e-01 3.429534604993296210e-01
1.438356164383562397e-01 6.645006619287292526e-01 3.354993374183158350e-01
1.457925636007828818e-01 6.719608367690441675e-01 3.280391624802853068e-01
1.477495107632095517e-01 6.794203258000739432e-01 3.205796733199137716e-01
1.497064579256361105e-01 6.868721049884026764e-01 3.131278939639943193e-01
1.516634050880626694e-01 6.943088639080653435e-01 3.056911348314390042e-01
1.536203522504892283e-01 7.017230057405448029e-01 2.982769927332784565e-01
1.555772994129159814e-01 7.091066472747742377e-01 2.908933508726621597e-01
1.575342465753426235e-01 7.164516189071346020e-01 2.835483788448588394e-01
1.594911937377691824e-01 7.237494646414581734e-01 2.762505326372555747e-01
1.614481409001957413e-01 7.309914420890255560e-01 2.690085546293576879e-01
1.634050880626224944e-01 7.381721717198241883e-01 2.618278243532272676e-01
1.653620352250490533e-01 7.454210189022517641e-01 2.545789768748336623e-01
1.673189823874756121e-01 7.526317945870333315e-01 2.473682009233972579e-01
1.692759295499022543e-01 7.598007918328073540e-01 2.401992034491488293e-01
1.712328767123288131e-01 7.669243478775746858e-01 2.330756472235825105e-01
1.731898238747555663e-01 7.739988441387004592e-01 2.260011508394558777e-01
1.751467710371821251e-01 7.810207062129117528e-01 2.189792887107919750e-01
1.771037181996086840e-01 7.879864038763015888e-01 2.120135910728760953e-01
1.790606653620353539e-01 7.948924510843247138e-01 2.051075439822580004e-01
1.810176125244619127e-01 8.017354059718011516e-01 1.982645893167513385e-01
1.829745596868886381e-01 8.085118708529137610e-01 1.914881247754332549e-01
1.849315068493151970e-01 8.152184922212074580e-01 1.847815038786461139e-01
1.868884540117417559e-01 8.217796406890156558e-01 1.782203556399687694e-01
1.888454011741683425e-01 8.281810443513940578e-01 1.718189519203447424e-01
1.908023483365949846e-01 8.344579845160062792e-01 1.655420116347675330e-01
1.927592954990216267e-01 8.406014775572724362e-01 1.593985183940135886e-01
1.947162426614482966e-01 8.466022824094538990e-01 1.533977132480232597e-01
1.966731898238748555e-01 8.524509005666570660e-01 1.475490946858987185e-01
1.986301369863014143e-01 8.581375760828331423e-01 1.418624186359052630e-01
2.005870841487281397e-01 8.636522955717769179e-01 1.363476984654704294e-01
2.025440313111546986e-01 8.689847882071257690e-01 1.310152049811861841e-01
2.045009784735813685e-01 8.741245257223624332e-01 1.258754664288058156e-01
2.064579256360079274e-01 8.790607224108136775e-01 1.209392684932460160e-01
2.084148727984344862e-01 8.838293827475247610e-01 1.161706068702936384e-01
2.103718199608612394e-01 8.887221097695270355e-01 1.112778797445610618e-01
2.123287671232877982e-01 8.934822450404298344e-01 1.065177445180464089e-01
2.142857142857143571e-01 8.981082755843643461e-01 1.018917141826074235e-01
2.162426614481409992e-01 9.025986884254596498e-01 9.740130173010205783e-02
2.181996086105675581e-01 9.069519705878459348e-01 9.304802015238824997e-02
2.201565557729943112e-01 9.111666090956538344e-01 8.883338244132374384e-02
2.221135029354208701e-01 9.152336237350755521e-01 8.476636865587845737e-02
2.240704500978474289e-01 9.191306990870189431e-01 8.086929375524185004e-02
2.260273972602740711e-01 9.228721403430135695e-01 7.712785292573962059e-02
2.279843444227006299e-01 9.264551457024816639e-01 7.354484795445317968e-02
2.299412915851273831e-01 9.298769133648464580e-01 7.012308062846353551e-02
2.318982387475539420e-01 9.331346415295298513e-01 6.686535273485261222e-02
2.338551859099805008e-01 9.362255283959546315e-01 6.377446606070150126e-02
2.358121330724070597e-01 9.391872252610299343e-01 6.081276934570371134e-02
2.377690802348338128e-01 9.420723968305866336e-01 5.792759793922327982e-02
2.397260273972604550e-01 9.448328760614204125e-01 5.516711881478703061e-02
2.416829745596870138e-01 9.474719799988507996e-01 5.252801492115739823e-02
2.436399217221135727e-01 9.499930256881963242e-01 5.000696920709702537e-02
2.455968688845401593e-01 9.523993301747761819e-01 4.760066462136855470e-02
2.475538160469668847e-01 9.546942105039100124e-01 4.530578411273451095e-02
2.495107632093934436e-01 9.568868023474610407e-01 4.311319214337488992e-02
2.514677103718200857e-01 9.589838809321964419e-01 4.101611356378807860e-02
2.534246575342466445e-01 9.609849291900287582e-01 3.901506534391661896e-02
2.553816046966732034e-01 9.628939131600110501e-01 3.710608145440026651e-02
2.573385518590999843e-01 9.647147988811969332e-01 3.528519586587851309e-02
2.592954990215265432e-01 9.664515523926385798e-01 3.354844254899133627e-02
2.612524461839531575e-01 9.681081397333892724e-01 3.189185547437826951e-02
2.632093933463797164e-01 9.696757319572105738e-01 3.032426343121006479e-02
2.651663405088063308e-01 9.711567514700605308e-01 2.884324400310145017e-02
2.671232876712330562e-01 9.725599793415813377e-01 2.744001619285953500e-02
2.690802348336596150e-01 9.738882625899889511e-01 2.611173297737641452e-02
2.710371819960861739e-01 9.751444482334994390e-01 2.485554733354396195e-02
2.729941291585128438e-01 9.763313832903290912e-01 2.366861223825408866e-02
2.749510763209394582e-01 9.774519147786939754e-01 2.254808066839866787e-02
2.769080234833661280e-01 9.785466760311452017e-01 2.145331945631950149e-02
2.788649706457926869e-01 9.796110039885743692e-01 2.038899162248836161e-02
2.808219178082192458e-01 9.806407444051512545e-01 1.935925137638508028e-02
2.827788649706459156e-01 9.816414397438828487e-01 1.835855626222140241e-02
2.847358121330725300e-01 9.826186324677776973e-01 1.738136382420901044e-02
2.866927592954991999e-01 9.835778650398432355e-01 1.642213160655978110e-02
2.886497064579257588e-01 9.845246799230873425e-01 1.547531715348537604e-02
2.906066536203523176e-01 9.852981124875130892e-01 1.470188475358532795e-02
2.925636007827788765e-01 9.859751265874667769e-01 1.402487070926876009e-02
2.945205479452056019e-01 9.865691265142279009e-01 1.343087075293568702e-02
2.964774951076322163e-01 9.870839198882552790e-01 1.291607725365879686e-02
2.984344422700588306e-01 9.876711511949000100e-01 1.232884577245382113e-02
3.003913894324853895e-01 9.882666201665797345e-01 1.173337654029029363e-02
3.023483365949119483e-01 9.888836134718057558e-01 1.111638288183232695e-02
3.043052837573387293e-01 9.894965591551186934e-01 1.050343684745059548e-02
3.062622309197652881e-01 9.899624674494955645e-01 1.003752860649068449e-02
3.082191780821919025e-01 9.903423200496992429e-01 9.657676332495056248e-03
3.101761252446184614e-01 9.906203038372513037e-01 9.379693213304757249e-03
3.121330724070452423e-01 9.909499032608262148e-01 9.050094273667132205e-03
3.140900195694718011e-01 9.914653881351046527e-01 8.534609230248926121e-03
3.160469667318983600e-01 9.919808730093833127e-01 8.019124186830718301e-03
3.180039138943249188e-01 9.923907079492897410e-01 7.609289203244887050e-03
3.199608610567515332e-01 9.927531118267598487e-01 7.246885338420143256e-03
3.219178082191782031e-01 9.931055190129332022e-01 6.894478164049804014e-03
3.238747553816047620e-01 9.934227892915485914e-01 6.577207894276338590e-03
3.258317025440315429e-01 9.937400595701637585e-01 6.259937624502870564e-03
3.277886497064581017e-01 9.940159399971306708e-01 5.984057173171884909e-03
3.297455968688846606e-01 9.942918076617311973e-01 5.708189484196810916e-03
3.317025440313113860e-01 9.945529645139954411e-01 5.447032639261289826e-03
3.336594911937379448e-01 9.948099210635141798e-01 5.190076106123241335e-03
3.356164383561645037e-01 9.950477742522533253e-01 4.952222924755452817e-03
3.375733855185910626e-01 9.952703779860274658e-01 4.729619191160839772e-03
3.395303326810176214e-01 9.954900910246278212e-01 4.509906155897736718e-03
3.414872798434443468e-01 9.956995337158620618e-01 4.300463479220341390e-03
3.434442270058709057e-01 9.959022104767629724e-01 4.097786740267696931e-03
3.454011741682974646e-01 9.960981213073302198e-01 3.901875939039786863e-03
3.473581213307242455e-01 9.962872662075636931e-01 3.712731075536612919e-03
3.493150684931508043e-01 9.964614763862791325e-01 3.538520933498201775e-03
3.512720156555775297e-01 9.966246674960570484e-01 3.375329863912176868e-03
3.532289628180040886e-01 9.967776540735705515e-01 3.222343330848375514e-03
3.551859099804306474e-01 9.969204361188188646e-01 3.079561334306798581e-03
3.571428571428572063e-01 9.970594907645589089e-01 2.940506718988591169e-03
3.590998043052839872e-01 9.972006374160872211e-01 2.799360059343885578e-03
3.610567514677105461e-01 9.973375038930936132e-01 2.662493557859762008e-03
3.630136986301371049e-01 9.974700901955786403e-01 2.529907214536210487e-03
3.649706457925636638e-01 9.975983345590563323e-01 2.401662794172338290e-03
3.669275929549902227e-01 9.977007155385528847e-01 2.299281851061960296e-03
3.688845401174169480e-01 9.977908740988691294e-01 2.209123351114111213e-03
3.708414872798435069e-01 9.978688102400049553e-01 2.131187294328803616e-03
3.727984344422702323e-01 9.979345239619601404e-01 2.065473680706030567e-03
3.747553816046967912e-01 9.980293259992587540e-01 1.970671656947230784e-03
3.767123287671233500e-01 9.981673799596221253e-01 1.832617574608436280e-03
3.786692759295501309e-01 9.983227038779105555e-01 1.677293473531205406e-03
3.806262230919766898e-01 9.984952977541246000e-01 1.504699353715561148e-03
3.825831702544032487e-01 9.986539689725302260e-01 1.346027893132206721e-03
3.845401174168298075e-01 9.985832552155919917e-01 1.416741853928313050e-03
3.864970645792565329e-01 9.985388971073274611e-01 1.461100138755450171e-03
3.884540117416830918e-01 9.986010659111866916e-01 1.398931401134936425e-03
3.904109589041096506e-01 9.986617217339630592e-01 1.338275627872414532e-03
3.923679060665362095e-01 9.987209171563730115e-01 1.279080238833358620e-03
3.943248532289629904e-01 9.987751480647919511e-01 1.224849359806434506e-03
3.962818003913895493e-01 9.988282843686391299e-01 1.171713084474212139e-03
3.982387475538162747e-01 9.988814206724863087e-01 1.118576809141993240e-03
4.001956947162428335e-01 9.989307241125053860e-01 1.069273374955367678e-03
4.021526418786693924e-01 9.989751563631867892e-01 1.024841101278725283e-03
4.041095890410959512e-01 9.990195886138681924e-01 9.804088276020824552e-04
4.060665362035226766e-01 9.990636679540616516e-01 9.363294664589030380e-04
4.080234833659492910e-01 9.991023489090513632e-01 8.976485218077547967e-04
4.099804305283758499e-01 9.991410298640410748e-01 8.589675771566065553e-04
4.119373776908024087e-01 9.991797108190311194e-01 8.202866325054583140e-04
4.138943248532291341e-01 9.992161284054593695e-01 7.838690561455927044e-04
4.158512720156556930e-01 9.992501184421047622e-01 7.498790292786629980e-04
4.178082191780822519e-01 9.992824750743749540e-01 7.175224065921379478e-04
4.197651663405089772e-01 9.993131983022697229e-01 6.867991880860166865e-04
4.217221135029355361e-01 9.993422881257891799e-01 6.577093737603002983e-04
4.236790606653623170e-01 9.993697445449334360e-01 6.302529636149861812e-04
4.256360078277888759e-01 9.993955675597019361e-01 6.044299576500780213e-04
4.275929549902154347e-01 9.994259081558263258e-01 5.740894083319620592e-04
4.295499021526419936e-01 9.994567853123272894e-01 5.432123119179668811e-04
4.315068493150685525e-01 9.994877613767197966e-01 5.122363181749136143e-04
4.334637964774952779e-01 9.995188363490041805e-01 4.811614271027987895e-04
4.354207436399218367e-01 9.995500102291804412e-01 4.499876387016284781e-04
4.373776908023483956e-01 9.995812830172482455e-01 4.187149529713994275e-04
4.393346379647749544e-01 9.996107925863240151e-01 3.892054832941014599e-04
4.412915851272017354e-01 9.996291876244194352e-01 3.708104738543611945e-04
4.432485322896284607e-01 9.996444493596443603e-01 3.555487544119946986e-04
4.452054794520550196e-01 9.996565777919984574e-01 3.434203249670032734e-04
4.471624266144815785e-01 9.996655729214821706e-01 3.344251855193856177e-04
4.491193737769081373e-01 9.996714347480950558e-01 3.285633360691425989e-04
4.510763209393348627e-01 9.996741632718377790e-01 3.258347766162733496e-04
4.530332681017614216e-01 9.996803906543456630e-01 3.196073756455983586e-04
4.549902152641879804e-01 9.996962826328712470e-01 3.037154239077062209e-04
4.569471624266145393e-01 9.997135731962827343e-01 2.864248949931689527e-04
4.589041095890410982e-01 9.997322623445799028e-01 2.677357889019865538e-04
4.608610567514678791e-01 9.997523500777627525e-01 2.476481056341577232e-04
4.628180039138944379e-01 9.997738363958315055e-01 2.261618451896846294e-04
4.647749510763211633e-01 9.997967212987854957e-01 2.032770075685661881e-04
4.667318982387477222e-01 9.998064540762580110e-01 1.935442432609865791e-04
4.686888454011742811e-01 9.998086112389887870e-01 1.913870628625158679e-04
4.706457925636010620e-01 9.998107684017194519e-01 1.892298824640453736e-04
4.726027397260276208e-01 9.998129255644502278e-01 1.870727020655748793e-04
4.745596868884541797e-01 9.998150827271810037e-01 1.849155216671043850e-04
4.765166340508807385e-01 9.998172398899114466e-01 1.827583412686338907e-04
4.784735812133072974e-01 9.998193970526423335e-01 1.806011608701631795e-04
4.804305283757340228e-01 9.998258309638119457e-01 1.741672567063484809e-04
4.823874755381605817e-01 9.998327802703923517e-01 1.672179601053217380e-04
4.843444227005871405e-01 9.998397295769729798e-01 1.602686635042947783e-04
4.863013698630138659e-01 9.998466788835531638e-01 1.533193669032680354e-04
4.882583170254404248e-01 9.998536281901337919e-01 1.463700703022408588e-04
4.902152641878672057e-01 9.998595320055776448e-01 1.404662888614780381e-04
4.921722113502937646e-01 9.998646331791705144e-01 1.353651677158517613e-04
4.941291585127203234e-01 9.998697343527629400e-01 1.302640465702250509e-04
4.960861056751468823e-01 9.998748355263558096e-01 1.251629254245987741e-04
4.980430528375736077e-01 9.998799366999480132e-01 1.200618042789718468e-04
5.000000000000002220e-01 9.998849345047389203e-01 1.150640389244413694e-04
