5.000000000000000000e-01 -0.000000000000000000e+00
4.980430528375733301e-01 -1.225695149045518659e-11
4.960861056751467713e-01 -8.988514046581207146e-12
4.941291585127201569e-01 -1.135077486985014849e-11
4.921722113502935980e-01 -1.399063985105304874e-11
4.902152641878669281e-01 -9.154404617337616862e-12
4.882583170254402583e-01 -3.524266286864664467e-12
4.863013698630136994e-01 2.105896929682509086e-12
4.843444227005870295e-01 7.736047703192571656e-12
4.823874755381604706e-01 6.463709829538561934e-12
4.804305283757338563e-01 3.551168133097439675e-12
4.784735812133071864e-01 6.386388796934276927e-13
4.765166340508806275e-01 -2.273890373710584491e-12
4.745596868884539576e-01 -5.186432070151706750e-12
4.726027397260273988e-01 -8.098961323555718833e-12
4.706457925636007844e-01 -1.101150301999684190e-11
4.686888454011742255e-01 -1.392401983036374300e-11
4.667318982387475557e-01 -1.581269866120927018e-11
4.647749510763208858e-01 -1.706311190347467906e-11
4.628180039138943269e-01 -1.831352514574009118e-11
4.608610567514677125e-01 -1.956392594496839393e-11
4.589041095890410982e-01 -2.081433918723380282e-11
4.569471624266144838e-01 -2.206476487253632430e-11
4.549902152641878139e-01 -2.331517811480173642e-11
4.530332681017612551e-01 -2.456557891403003917e-11
4.510763209393345852e-01 -2.581599215629544806e-11
4.491193737769080263e-01 -2.706640539856086017e-11
4.471624266144814119e-01 -2.831680619778916292e-11
4.452054794520547421e-01 -2.956723188309168118e-11
4.432485322896281832e-01 -3.081764512535709653e-11
4.412915851272015133e-01 -3.206804592458539604e-11
4.393346379647749544e-01 -3.331847160988792076e-11
4.373776908023483401e-01 -3.456888485215332965e-11
4.354207436399216702e-01 -3.791190586046729997e-11
4.334637964774951113e-01 -4.818225181801778021e-11
4.315068493150684414e-01 -5.845258533253115754e-11
4.295499021526418826e-01 -6.872291884704452840e-11
4.275929549902152127e-01 -7.899323991852078344e-11
4.256360078277886538e-01 -8.926358587607127014e-11
4.236790606653620395e-01 -9.953391939058464101e-11
4.217221135029353696e-01 -1.098042653481351277e-10
4.197651663405088107e-01 -1.200745988626484986e-10
4.178082191780821408e-01 -1.303449323771618824e-10
4.158512720156555820e-01 -1.406152658916752403e-10
4.138943248532289676e-01 -1.508855994061886241e-10
4.119373776908022977e-01 -1.611559329207019820e-10
4.099804305283757389e-01 -1.714262788782524817e-10
4.080234833659490690e-01 -1.816966123927658396e-10
4.060665362035224546e-01 -1.919669459072792234e-10
4.041095890410958957e-01 -2.022372918648296972e-10
4.021526418786692814e-01 -2.125076129363059651e-10
4.001956947162426670e-01 -2.227779588938564648e-10
3.982387475538159971e-01 -2.330482799653327327e-10
3.962818003913894382e-01 -2.433186259228832065e-10
3.943248532289627684e-01 -2.535889718804336803e-10
3.923679060665361540e-01 -2.638592929519099224e-10
3.904109589041095951e-01 -2.741296389094604479e-10
3.884540117416829252e-01 -2.843999724239737800e-10
3.864970645792563664e-01 -2.946703059384871637e-10
3.845401174168296965e-01 -3.049406394530005475e-10
3.825831702544030821e-01 -3.152109729675139313e-10
3.806262230919765233e-01 -3.254813189250644051e-10
3.786692759295498534e-01 -3.357516524395777889e-10
3.767123287671232945e-01 -3.460219859540911727e-10
3.747553816046966246e-01 -3.562923319116416465e-10
3.727984344422700103e-01 -3.665626529831178886e-10
3.708414872798433959e-01 -4.518178886565798513e-10
3.688845401174168370e-01 -6.236935851491872857e-10
3.669275929549902227e-01 -7.955692816417946683e-10
3.649706457925635528e-01 -9.674449905774392960e-10
3.630136986301369384e-01 -1.139320699513083820e-09
3.610567514677103240e-01 -1.311196383562654061e-09
3.590998043052837096e-01 -1.483072092498298586e-09
3.571428571428571508e-01 -1.654947801433943110e-09
3.551859099804304809e-01 -1.826823485483513351e-09
3.532289628180038665e-01 -1.998699194419157875e-09
3.512720156555772522e-01 -2.170574903354802400e-09
3.493150684931506378e-01 -2.342450599847410092e-09
3.473581213307240789e-01 -2.514326296340017372e-09
3.454011741682974090e-01 -2.686202005275661896e-09
3.434442270058708502e-01 -2.858077701768269175e-09
3.414872798434441803e-01 -3.029953398260876868e-09
3.395303326810175659e-01 -3.201829107196521392e-09
3.375733855185909515e-01 -3.373704803689128672e-09
3.356164383561643372e-01 -3.545580500181735951e-09
3.336594911937377783e-01 -3.717456209117380475e-09
3.317025440313111084e-01 -3.889331905609987755e-09
3.297455968688844941e-01 -4.061207614545632692e-09
3.277886497064578797e-01 -4.233083298595203140e-09
3.258317025440312653e-01 -4.404959007530847251e-09
3.238747553816047065e-01 -4.576834716466492189e-09
3.219178082191780366e-01 -4.748710412959099055e-09
3.199608610567514777e-01 -4.920586109451706747e-09
3.180039138943248078e-01 -5.092461818387350858e-09
3.160469667318981379e-01 -5.264337527322995796e-09
3.140900195694715791e-01 -5.436213223815603489e-09
3.121330724070449647e-01 -5.608088920308210354e-09
3.101761252446184058e-01 -5.779964629243855292e-09
3.082191780821917360e-01 -5.951840325736462158e-09
3.062622309197651216e-01 -6.123716022229069851e-09
3.043052837573385072e-01 -6.295591718721677544e-09
3.023483365949118928e-01 -6.467467415214284409e-09
3.003913894324852785e-01 -6.639343124149929347e-09
2.984344422700586641e-01 -6.811218820642537040e-09
2.964774951076320497e-01 -6.983094529578181151e-09
2.945205479452054353e-01 -7.154970238513826089e-09
2.925636007827788210e-01 -8.093580245056047937e-09
2.906066536203522066e-01 -9.821367569962506489e-09
2.886497064579256477e-01 -1.154915489486896339e-08
2.866927592954989779e-01 -1.327694223221845835e-08
2.847358121330723080e-01 -1.500472954468188049e-08
2.827788649706456936e-01 -1.673251688203137546e-08
2.808219178082191347e-01 -1.846030420693783401e-08
2.788649706457925204e-01 -2.018809153184428925e-08
2.769080234833659060e-01 -2.191587885675074780e-08
2.749510763209392916e-01 -2.364366616921416994e-08
2.729941291585126772e-01 -2.537145350656366490e-08
2.710371819960860629e-01 -2.709924083147012015e-08
2.690802348336594485e-01 -2.882702816881961512e-08
2.671232876712328341e-01 -3.055481548128303725e-08
2.651663405088062198e-01 -3.228260281863253222e-08
2.632093933463796054e-01 -3.401039013109595435e-08
2.612524461839529355e-01 -3.573817745600240959e-08
2.592954990215263211e-01 -3.746596479335190456e-08
2.573385518590997623e-01 -3.919375210581532670e-08
2.553816046966731479e-01 -4.092153944316482167e-08
2.534246575342465335e-01 -4.126224619917163310e-08
2.514677103718199191e-01 -4.025515480557571533e-08
2.495107632093933048e-01 -3.924806339953675783e-08
2.475538160469666626e-01 -3.824097200594084006e-08
2.455968688845400483e-01 -3.723388059990188918e-08
2.436399217221134617e-01 -3.622678920630597141e-08
2.416829745596868473e-01 -3.521969780026702053e-08
2.397260273972602329e-01 -3.421260640667110275e-08
2.377690802348336185e-01 -3.320551501307518498e-08
2.358121330724069764e-01 -3.219842360703623410e-08
2.338551859099803620e-01 -3.119133221344031633e-08
2.318982387475537754e-01 -3.018424081984439856e-08
2.299412915851271055e-01 -2.917714942624848409e-08
2.279843444227005189e-01 -2.817005802020952990e-08
2.260273972602739045e-01 -2.716296662661361213e-08
2.240704500978472902e-01 -2.615587523301769436e-08
2.221135029354206758e-01 -2.514878382697874348e-08
2.201565557729940892e-01 -2.414169242093978929e-08
2.181996086105674748e-01 -2.313460102734387151e-08
2.162426614481408604e-01 -2.212750963374795374e-08
2.142857142857142461e-01 -6.267409813710720557e-08
2.123287671232876039e-01 -1.413365214983519931e-07
2.103718199608609618e-01 -2.199989448595967410e-07
2.084148727984343474e-01 -2.986613682083984689e-07
2.064579256360077331e-01 -3.773237915572002234e-07
2.045009784735811464e-01 -4.328062172371149200e-07
2.025440313111545321e-01 -4.563995281025101166e-07
2.005870841487279177e-01 -4.799928389679053132e-07
1.986301369863013033e-01 -5.035861498457435297e-07
1.966731898238747167e-01 -5.271794607235817462e-07
1.947162426614481023e-01 -5.564088389270887419e-07
1.927592954990214602e-01 -5.975997107330784396e-07
1.908023483365948458e-01 -6.387905825515112631e-07
1.888454011741682315e-01 -6.799814543575010667e-07
1.868884540117416448e-01 -7.211723261759337844e-07
1.849315068493149750e-01 -7.665144534669743521e-07
1.829745596868883606e-01 -8.266068531179019381e-07
1.810176125244617740e-01 -8.866992527812725439e-07
1.790606653620351596e-01 -9.467916524322001299e-07
1.771037181996085452e-01 -1.006884052083127822e-06
1.751467710371819031e-01 -1.071323003697769570e-06
1.731898238747552887e-01 -1.175780569338808477e-06
1.712328767123286744e-01 -1.294236545109398899e-06
1.692759295499020877e-01 -1.426690930959768332e-06
1.673189823874754734e-01 -1.573143726914803028e-06
1.653620352250488590e-01 -1.733247463427826913e-06
1.634050880626222724e-01 -1.884963804612239591e-06
1.614481409001956025e-01 -2.043270323270875219e-06
1.594911937377690159e-01 -2.208167019391291309e-06
1.575342465753424015e-01 -2.379653892973486801e-06
1.555772994129157316e-01 -2.557730944029905455e-06
1.536203522504891450e-01 -2.740124161501819701e-06
1.516634050880625306e-01 -2.928113961805183274e-06
1.497064579256359163e-01 -3.121870450303383359e-06
1.477495107632093296e-01 -3.321393626959091213e-06
1.457925636007827153e-01 -3.526683491772307260e-06
1.438356164383561009e-01 -3.747145505900449690e-06
1.418786692759294865e-01 -3.979015302573420304e-06
1.399217221135028999e-01 -4.220542450328744617e-06
1.379647749510762300e-01 -4.471726949166423476e-06
1.360078277886495879e-01 -4.732568799086456881e-06
1.340508806262229735e-01 -5.070611818282240362e-06
1.320939334637963869e-01 -5.490244748726152536e-06
1.301369863013697725e-01 -5.980259014377352251e-06
1.281800391389431582e-01 -6.549562310885377084e-06
1.262230919765165438e-01 -7.207062333862434173e-06
1.242661448140899433e-01 -7.820889825044308917e-06
1.223091976516633428e-01 -8.348121249583117872e-06
1.203522504892367284e-01 -8.841266912023115310e-06
1.183953033268100863e-01 -9.287049091546365547e-06
1.164383561643834719e-01 -9.700861410400958437e-06
1.144814090019568714e-01 -1.025574230825343868e-05
1.125244618395302570e-01 -1.085940836351180579e-05
1.105675146771036566e-01 -1.152189753092066711e-05
1.086105675146770005e-01 -1.224367418499827209e-05
1.066536203522504417e-01 -1.296660935696770224e-05
1.046966731898237857e-01 -1.372479438635739374e-05
1.027397260273972268e-01 -1.451816215766491919e-05
1.007827788649705292e-01 -1.534535178787926614e-05
9.882583170254388705e-02 -1.619655069804713289e-05
9.686888454011731431e-02 -1.707498898370005193e-05
9.491193737769067218e-02 -1.797909868037369889e-05
9.295499021526411332e-02 -1.891117287045779880e-05
9.099804305283745731e-02 -1.990021194262038808e-05
8.904109589041089845e-02 -2.093431002609859738e-05
8.708414872798424244e-02 -2.201657499281304084e-05
8.512720156555768358e-02 -2.314528970508587173e-05
8.317025440313102758e-02 -2.428334568757536778e-05
8.121330724070446871e-02 -2.544744574095119088e-05
7.925636007827781271e-02 -2.663458718590721328e-05
7.729941291585125385e-02 -2.784243291330345028e-05
7.534246575342459784e-02 -2.907447687560022292e-05
7.338551859099795571e-02 -3.032702271609712011e-05
7.142857142857129971e-02 -3.159928953599012714e-05
6.947162426614464370e-02 -3.289473172304996341e-05
6.751467710371808484e-02 -3.425378577236334686e-05
6.555772994129142883e-02 -3.567215330987575365e-05
6.360078277886486997e-02 -3.716403684503445475e-05
6.164383561643822090e-02 -3.873599638346216141e-05
5.968688845401166204e-02 -4.030027371897849665e-05
5.772994129158500604e-02 -4.188896984684451304e-05
5.577299412915844717e-02 -4.348877866717112105e-05
5.381604696673179117e-02 -4.508756309152264573e-05
5.185909980430523231e-02 -4.671189492743861300e-05
4.990215264187858324e-02 -4.833884098525207648e-05
4.794520547945192723e-02 -4.996247297620822782e-05
4.598825831702536837e-02 -5.158544662829412384e-05
4.403131115459871237e-02 -5.329728156197445461e-05
4.207436399217215350e-02 -5.505985566597409965e-05
4.011741682974550444e-02 -5.688128302555583158e-05
3.816046966731893864e-02 -5.876080940595055480e-05
3.620352250489228957e-02 -6.060126180964550111e-05
3.424657534246564050e-02 -6.244625040318725802e-05
3.228962818003898450e-02 -6.428849521679682840e-05
3.033268101761242563e-02 -6.612920134162115387e-05
2.837573385518577310e-02 -6.806901225124320737e-05
2.641878669275921077e-02 -7.006428009610018873e-05
2.446183953033255823e-02 -7.212340797658712492e-05
2.250489236790590569e-02 -7.424245139142038818e-05
2.054794520547934683e-02 -7.626091176139693749e-05
1.859099804305269429e-02 -7.824408150623347598e-05
1.663405088062613196e-02 -8.017596767188361927e-05
1.467710371819948116e-02 -8.205997986179839807e-05
1.272015655577291883e-02 -8.414362561233043809e-05
1.076320939334626803e-02 -8.627736973183912632e-05
8.806262230919707432e-03 -8.846121222030580095e-05
6.849315068493054028e-03 -9.068835815857293208e-05
4.892367906066493431e-03 -9.286404582359061963e-05
2.935420743639841328e-03 -9.504787291159021915e-05
9.784735812132805150e-04 -9.723983942257796481e-05
-9.784735812133715880e-04 -9.944492984169663280e-05
-2.935420743640114981e-03 -1.017391945399841478e-04
-4.892367906066675577e-03 -1.040749882177631746e-04
-6.849315068493328114e-03 -1.064523108750275060e-04
-8.806262230919889578e-03 -1.088612840795057416e-04
-1.076320939334654038e-02 -1.111358830087376339e-04
-1.272015655577310271e-02 -1.133797264464429035e-04
-1.467710371819975351e-02 -1.155928143926153299e-04
-1.663405088062631584e-02 -1.177857305543040069e-04
-1.859099804305296838e-02 -1.201560233943054201e-04
-2.054794520547952724e-02 -1.225808614082932288e-04
-2.250489236790617978e-02 -1.250602445962363573e-04
-2.446183953033274211e-02 -1.275865033170853105e-04
-2.641878669275939465e-02 -1.299990671898815068e-04
-2.837573385518604718e-02 -1.323974069912265273e-04
-3.033268101761260604e-02 -1.347815227211140836e-04
-3.228962818003926205e-02 -1.371522399445834935e-04
-3.424657534246582091e-02 -1.395291843066675825e-04
-3.620352250489246998e-02 -1.419002422783469683e-04
-3.816046966731912599e-02 -1.442654138596278579e-04
-4.011741682974577505e-02 -1.466271856828179753e-04
-4.207436399217233391e-02 -1.490537332470493522e-04
-4.403131115459898992e-02 -1.515031276113176339e-04
-4.598825831702554878e-02 -1.539753687756477299e-04
-4.794520547945220479e-02 -1.564704567400271990e-04
-4.990215264187876365e-02 -1.589883915044560140e-04
-5.185909980430541272e-02 -1.615291730689279409e-04
-5.381604696673206872e-02 -1.640928014334368267e-04
-5.577299412915862759e-02 -1.666769331992233149e-04
-5.772994129158528359e-02 -1.691997828364850932e-04
-5.968688845401184245e-02 -1.717264184863932460e-04
-6.164383561643849152e-02 -1.742568401489414851e-04
-6.360078277886505038e-02 -1.767910478241236575e-04
-6.555772994129170639e-02 -1.793290415119646187e-04
-6.751467710371826525e-02 -1.818708212124208108e-04
-6.947162426614492126e-02 -1.844163869255358186e-04
-7.142857142857148012e-02 -1.869663532818655657e-04
-7.338551859099813612e-02 -1.895203871730693633e-04
-7.534246575342477825e-02 -1.920783885972887194e-04
-7.729941291585143426e-02 -1.946403575545298411e-04
-7.925636007827809026e-02 -1.972062940447989895e-04
-8.121330724070464913e-02 -1.997761980680712551e-04
-8.317025440313130513e-02 -2.023500696243653134e-04
-8.512720156555786399e-02 -2.049223943155979830e-04
-8.708414872798452000e-02 -2.074940198586249331e-04
-8.904109589041107886e-02 -2.100674693848834798e-04
-9.099804305283773487e-02 -2.126427428943922985e-04
-9.295499021526429373e-02 -2.152198403871327409e-04
-9.491193737769093586e-02 -2.177987618631048070e-04
-9.686888454011750860e-02 -2.203795073223146768e-04
-9.882583170254415073e-02 -2.229590061102395160e-04
-1.007827788649707096e-01 -2.255355912669306949e-04
-1.027397260273973656e-01 -2.281122889467405990e-04
-1.046966731898240216e-01 -2.306890991496754625e-04
-1.066536203522505805e-01 -2.332660218757166099e-04
-1.086105675146772365e-01 -2.358430571248889239e-04
-1.105675146771037953e-01 -2.384202048971799631e-04
-1.125244618395304513e-01 -2.409959323350098742e-04
-1.144814090019570935e-01 -2.435663834288330823e-04
-1.164383561643837495e-01 -2.461344184693143883e-04
-1.183953033268103083e-01 -2.486997388773544405e-04
-1.203522504892369643e-01 -2.512620460737853383e-04
-1.223091976516635232e-01 -2.538210414795138829e-04
-1.242661448140901792e-01 -2.563764265153661566e-04
-1.262230919765167381e-01 -2.589279026022301496e-04
-1.281800391389433802e-01 -2.614751711609630065e-04
-1.301369863013700501e-01 -2.640179336124279979e-04
-1.320939334637966089e-01 -2.665558913775132222e-04
-1.340508806262232511e-01 -2.690887458770446533e-04
-1.360078277886498099e-01 -2.716161985319228583e-04
-1.379647749510764798e-01 -2.741379507629987475e-04
-1.399217221135030387e-01 -2.766537039911293031e-04
-1.418786692759296808e-01 -2.791586281975164119e-04
-1.438356164383562397e-01 -2.816554152678895327e-04
-1.457925636007828818e-01 -2.841440950757349458e-04
-1.477495107632094684e-01 -2.866242817199041041e-04
-1.497064579256361938e-01 -2.890955892992797937e-04
-1.516634050880628637e-01 -2.915576319126916751e-04
-1.536203522504894226e-01 -2.940100236590039405e-04
-1.555772994129160647e-01 -2.964523786370679885e-04
-1.575342465753426235e-01 -2.988843109457541914e-04
-1.594911937377692657e-01 -3.013054346839047861e-04
-1.614481409001958245e-01 -3.037153639503836940e-04
-1.634050880626224944e-01 -3.061137128440456746e-04
-1.653620352250490533e-01 -3.085000954637453791e-04
-1.673189823874756954e-01 -3.108741259083375131e-04
-1.692759295499022543e-01 -3.132300231033983799e-04
-1.712328767123289242e-01 -3.155664468082342174e-04
-1.731898238747554830e-01 -3.178871441958109321e-04
-1.751467710371821251e-01 -3.201915900261116253e-04
-1.771037181996087673e-01 -3.224792590591318126e-04
-1.790606653620353539e-01 -3.247496260548515053e-04
-1.810176125244619960e-01 -3.270021657732600389e-04
-1.829745596868885549e-01 -3.292363529743373707e-04
-1.849315068493151970e-01 -3.314516624180821060e-04
-1.868884540117418669e-01 -3.336475688644774547e-04
-1.888454011741685090e-01 -3.358235470735064098e-04
-1.908023483365950679e-01 -3.379790718051583608e-04
-1.927592954990217378e-01 -3.401136178194257335e-04
-1.947162426614482966e-01 -3.422044488419002028e-04
-1.966731898238749388e-01 -3.442514491412997351e-04
-1.986301369863014976e-01 -3.462669935671246462e-04
-2.005870841487281397e-01 -3.482499639006448136e-04
-2.025440313111548096e-01 -3.501992419231548886e-04
-2.045009784735813685e-01 -3.521137094159340728e-04
-2.064579256360080106e-01 -3.539922481602458468e-04
-2.084148727984345695e-01 -3.558337399373943488e-04
-2.103718199608612394e-01 -3.576370665286462036e-04
-2.123287671232877982e-01 -3.594011097152883649e-04
-2.142857142857144404e-01 -3.611247512785984077e-04
-2.162426614481409992e-01 -3.628068729998569974e-04
-2.181996086105676413e-01 -3.644463566603464797e-04
-2.201565557729942280e-01 -3.660013505347398197e-04
-2.221135029354208701e-01 -3.674785946978426413e-04
-2.240704500978475122e-01 -3.688948169939246431e-04
-2.260273972602741821e-01 -3.702478694658718934e-04
-2.279843444227008242e-01 -3.715356041565859649e-04
-2.299412915851273831e-01 -3.727558731089623584e-04
-2.318982387475540252e-01 -3.739065283658964123e-04
-2.338551859099806118e-01 -3.749854219702773391e-04
-2.358121330724072540e-01 -3.759904059650036757e-04
-2.377690802348338128e-01 -3.769193323929769944e-04
-2.397260273972604550e-01 -3.777700532970803822e-04
-2.416829745596870138e-01 -3.785404207202200735e-04
-2.436399217221136837e-01 -3.792282867052828958e-04
-2.455968688845402426e-01 -3.796886469128290110e-04
-2.475538160469668847e-01 -3.799681615032018760e-04
-2.495107632093934436e-01 -3.801107483164650183e-04
-2.514677103718200857e-01 -3.801109859270934027e-04
-2.534246575342467556e-01 -3.799634529095535372e-04
-2.553816046966733144e-01 -3.796627278383156705e-04
-2.573385518590999843e-01 -3.792033892878494006e-04
-2.592954990215265432e-01 -3.785800158326274156e-04
-2.612524461839531575e-01 -3.777843041179910848e-04
-2.632093933463798274e-01 -3.765481489695359668e-04
-2.651663405088064973e-01 -3.750504447948315367e-04
-2.671232876712330562e-01 -3.732784703977954223e-04
-2.690802348336597261e-01 -3.712195045823480158e-04
-2.710371819960862849e-01 -3.688608261524094927e-04
-2.729941291585128993e-01 -3.661897139118972097e-04
-2.749510763209394582e-01 -3.631672409486985621e-04
-2.769080234833661280e-01 -3.597666813873010992e-04
-2.788649706457926869e-01 -3.559917026312151467e-04
-2.808219178082193568e-01 -3.518268617639387619e-04
-2.827788649706459712e-01 -3.472567158689684303e-04
-2.847358121330726410e-01 -3.422658220298013961e-04
-2.866927592954990889e-01 -3.368798882706090835e-04
-2.886497064579257588e-01 -3.324503863935949393e-04
-2.906066536203524286e-01 -3.281700822653966674e-04
-2.925636007827790430e-01 -3.241054405196202269e-04
-2.945205479452055464e-01 -3.201632211242273177e-04
-2.964774951076322163e-01 -3.162940966251398056e-04
-2.984344422700589416e-01 -3.126045360409234180e-04
-3.003913894324856115e-01 -3.090856358662819503e-04
-3.023483365949122259e-01 -3.053885776341131461e-04
-3.043052837573387293e-01 -3.016307828810389649e-04
-3.062622309197653436e-01 -2.977749366200114199e-04
-3.082191780821920135e-01 -2.944601490157790690e-04
-3.101761252446186834e-01 -2.915175489487460323e-04
-3.121330724070451312e-01 -2.890367233624773413e-04
-3.140900195694718011e-01 -2.864250915577114818e-04
-3.160469667318984155e-01 -2.837694070123787833e-04
-3.180039138943250854e-01 -2.810483617316128133e-04
-3.199608610567515332e-01 -2.784773874303291485e-04
-3.219178082191782031e-01 -2.760441221169747101e-04
-3.238747553816049285e-01 -2.736997227011747527e-04
-3.258317025440315429e-01 -2.714513216722174273e-04
-3.277886497064582683e-01 -2.692997769421216119e-04
-3.297455968688846606e-01 -2.672426254602370426e-04
-3.317025440313113860e-01 -2.652426590854097357e-04
-3.336594911937379448e-01 -2.632811906348022984e-04
-3.356164383561646702e-01 -2.613786531048768107e-04
-3.375733855185910626e-01 -2.595261652142032073e-04
-3.395303326810177880e-01 -2.577142615359482051e-04
-3.414872798434443468e-01 -2.559504617956078983e-04
-3.434442270058711277e-01 -2.542347659931823412e-04
-3.454011741682974646e-01 -2.525671741286715337e-04
-3.473581213307242455e-01 -2.509476862020753132e-04
-3.493150684931508043e-01 -2.493692997884528416e-04
-3.512720156555775297e-01 -2.478110084758503549e-04
-3.532289628180040886e-01 -2.462917247610443014e-04
-3.551859099804306474e-01 -2.448114486440346811e-04
-3.571428571428574283e-01 -2.433701801248213585e-04
-3.590998043052839872e-01 -2.419679192034043878e-04
-3.610567514677107126e-01 -2.406041825122209150e-04
-3.630136986301371049e-01 -2.392471832722179803e-04
-3.649706457925638303e-01 -2.379201630415113888e-04
-3.669275929549903892e-01 -2.366231218201013842e-04
-3.688845401174171146e-01 -2.353560596079878854e-04
-3.708414872798435069e-01 -2.341189764051709464e-04
-3.727984344422702323e-01 -2.329118722116502692e-04
-3.747553816046967912e-01 -2.317075050951123783e-04
-3.767123287671235721e-01 -2.305173751200848312e-04
-3.786692759295501309e-01 -2.293474696789115654e-04
-3.806262230919766898e-01 -2.281977887715927163e-04
-3.825831702544032487e-01 -2.270683323981280400e-04
-3.845401174168299741e-01 -2.259591005585176720e-04
-3.864970645792565329e-01 -2.249093621991226613e-04
-3.884540117416830918e-01 -2.239247283569019106e-04
-3.904109589041098727e-01 -2.229804244529130666e-04
-3.923679060665364315e-01 -2.220764504871565090e-04
-3.943248532289631569e-01 -2.212128064596321022e-04
-3.962818003913895493e-01 -2.203894923703399004e-04
-3.982387475538162747e-01 -2.194868593340406585e-04
-4.001956947162428335e-01 -2.183361827230501963e-04
-4.021526418786695589e-01 -2.171229093847672361e-04
-4.041095890410961178e-01 -2.158470393191916695e-04
-4.060665362035226766e-01 -2.147117083830471518e-04
-4.080234833659492910e-01 -2.137986943985080565e-04
-4.099804305283760164e-01 -2.129879780786074299e-04
-4.119373776908025753e-01 -2.122550260112234010e-04
-4.138943248532291341e-01 -2.114419534132649329e-04
-4.158512720156556930e-01 -2.106435416739777216e-04
-4.178082191780824184e-01 -2.098568392216178355e-04
-4.197651663405089772e-01 -2.090431385224477822e-04
-4.217221135029355361e-01 -2.082230856244455511e-04
-4.236790606653620950e-01 -2.073975015016594342e-04
-4.256360078277888759e-01 -2.066168588215834990e-04
-4.275929549902154347e-01 -2.058552241910838426e-04
-4.295499021526421601e-01 -2.051125976101604380e-04
-4.315068493150687190e-01 -2.043567382419548650e-04
-4.334637964774952779e-01 -2.036018621447661459e-04
-4.354207436399220033e-01 -2.028491656731435614e-04
-4.373776908023486176e-01 -2.020986488270872200e-04
-4.393346379647751765e-01 -2.013503116065972843e-04
-4.412915851272017354e-01 -2.006041540116734561e-04
-4.432485322896284607e-01 -1.998857573639264171e-04
-4.452054794520550196e-01 -1.991834579248264424e-04
-4.471624266144815785e-01 -1.984923460295535448e-04
-4.491193737769081373e-01 -1.978124216781076158e-04
-4.510763209393348627e-01 -1.971436848704887911e-04
-4.530332681017614216e-01 -1.964861356066970163e-04
-4.549902152641882025e-01 -1.958143348198466179e-04
-4.569471624266145393e-01 -1.951325830852459814e-04
-4.589041095890413202e-01 -1.944510565250723820e-04
-4.608610567514678791e-01 -1.937697551393259283e-04
-4.628180039138946045e-01 -1.930886789280065931e-04
-4.647749510763211633e-01 -1.924078278911144036e-04
-4.667318982387477222e-01 -1.917943586861894608e-04
-4.686888454011745031e-01 -1.912657341457025964e-04
-4.706457925636010620e-01 -1.907742380693960653e-04
-4.726027397260276208e-01 -1.903198704572698404e-04
-4.745596868884541797e-01 -1.899026313093238674e-04
-4.765166340508809051e-01 -1.895225206255582277e-04
-4.784735812133074639e-01 -1.888707471205212647e-04
-4.804305283757341893e-01 -1.877832556004389950e-04
-4.823874755381605817e-01 -1.866958788658051513e-04
-4.843444227005873071e-01 -1.862845564530055207e-04
-4.863013698630138659e-01 -1.858732340402058359e-04
-4.882583170254406468e-01 -1.853736404754858407e-04
-4.902152641878670392e-01 -1.848593609196774723e-04
-4.921722113502937646e-01 -1.843384802097071862e-04
-4.941291585127203234e-01 -1.838170936809651582e-04
-4.960861056751470488e-01 -1.832957071522231030e-04
-4.980430528375734411e-01 -1.827744881042122358e-04
-5.000000000000002220e-01 -1.822554352477193584e-04
-5.000000000000000000e-01 -1.822554352477193584e-04
-4.980430528375733301e-01 -1.817366920767324800e-04
-4.960861056751467713e-01 -1.812241024933718473e-04
-4.941291585127201569e-01 -1.807191753086504924e-04
-4.921722113502935980e-01 -1.802146302742127233e-04
-4.902152641878669281e-01 -1.797248886597908033e-04
-4.882583170254402583e-01 -1.792367190899724256e-04
-4.863013698630136994e-01 -1.787485495201540208e-04
-4.843444227005870295e-01 -1.782603799503356160e-04
-4.823874755381604706e-01 -1.777850984680047659e-04
-4.804305283757338563e-01 -1.773128795015125518e-04
-4.784735812133071864e-01 -1.768406605350202835e-04
-4.765166340508806275e-01 -1.763684415685280694e-04
-4.745596868884539576e-01 -1.759071000583325452e-04
-4.726027397260273988e-01 -1.754501584180998008e-04
-4.706457925636007844e-01 -1.749932167778670293e-04
-4.686888454011742255e-01 -1.745362751376342849e-04
-4.667318982387475557e-01 -1.740832987601629645e-04
-4.647749510763208858e-01 -1.736350018701240917e-04
-4.628180039138943269e-01 -1.731894372020175343e-04
-4.608610567514677125e-01 -1.727466047558433196e-04
-4.589041095890410982e-01 -1.723065045316014203e-04
-4.569471624266144838e-01 -1.718691365292918365e-04
-4.549902152641878139e-01 -1.714345007489145682e-04
-4.530332681017612551e-01 -1.710025971904696968e-04
-4.510763209393345852e-01 -1.705740291826436574e-04
-4.491193737769080263e-01 -1.701492481887640555e-04
-4.471624266144814119e-01 -1.697275297197451424e-04
-4.452054794520547421e-01 -1.693088737755869453e-04
-4.432485322896281832e-01 -1.688932803562895183e-04
-4.412915851272015133e-01 -1.684807494618528073e-04
-4.393346379647749544e-01 -1.680712810922768935e-04
-4.373776908023483401e-01 -1.676648752475616143e-04
-4.354207436399216702e-01 -1.672613004919419946e-04
-4.334637964774951113e-01 -1.668598762358664131e-04
-4.315068493150684414e-01 -1.664612776651566456e-04
-4.295499021526418826e-01 -1.660655047798125026e-04
-4.275929549902152127e-01 -1.656725575798340924e-04
-4.256360078277886538e-01 -1.652824360652215235e-04
-4.236790606653620395e-01 -1.648951402359746061e-04
-4.217221135029353696e-01 -1.645106700920936113e-04
-4.197651663405088107e-01 -1.641290256335781867e-04
-4.178082191780821408e-01 -1.637502068604285491e-04
-4.158512720156555820e-01 -1.633742137726446714e-04
-4.138943248532289676e-01 -1.630010463702264724e-04
-4.119373776908022977e-01 -1.626307046531740876e-04
-4.099804305283757389e-01 -1.622631886214874356e-04
-4.080234833659490690e-01 -1.618984982751665164e-04
-4.060665362035224546e-01 -1.615366336142113571e-04
-4.041095890410958957e-01 -1.611775946386219307e-04
-4.021526418786692814e-01 -1.608187709384786281e-04
-4.001956947162426670e-01 -1.604619748944846461e-04
-3.982387475538159971e-01 -1.601076472571211001e-04
-3.962818003913894382e-01 -1.597557880263877732e-04
-3.943248532289627684e-01 -1.594063972022847467e-04
-3.923679060665361540e-01 -1.590594747848121291e-04
-3.904109589041095951e-01 -1.587150207739697848e-04
-3.884540117416829252e-01 -1.583730351697577410e-04
-3.864970645792563664e-01 -1.580335179721760247e-04
-3.845401174168296965e-01 -1.576964691812246088e-04
-3.825831702544030821e-01 -1.573618887969035476e-04
-3.806262230919765233e-01 -1.570297768192127597e-04
-3.786692759295498534e-01 -1.567001332481522994e-04
-3.767123287671232945e-01 -1.563729580837221666e-04
-3.747553816046966246e-01 -1.560482513259223343e-04
-3.727984344422700103e-01 -1.557260129747528024e-04
-3.708414872798433959e-01 -1.554046453076881630e-04
-3.688845401174168370e-01 -1.550836011922699634e-04
-3.669275929549902227e-01 -1.547646167266549043e-04
-3.649706457925635528e-01 -1.544476919108431483e-04
-3.630136986301369384e-01 -1.541328267448344787e-04
-3.610567514677103240e-01 -1.538200212286290310e-04
-3.590998043052837096e-01 -1.535092753622266967e-04
-3.571428571428571508e-01 -1.532005891456276114e-04
-3.551859099804304809e-01 -1.528939625788316124e-04
-3.532289628180038665e-01 -1.525893956618388624e-04
-3.512720156555772522e-01 -1.522868883946492801e-04
-3.493150684931506378e-01 -1.519864407772628654e-04
-3.473581213307240789e-01 -1.516880528096796184e-04
-3.454011741682974090e-01 -1.513917244918995390e-04
-3.434442270058708502e-01 -1.510974558239226544e-04
-3.414872798434441803e-01 -1.508052468057489645e-04
-3.395303326810175659e-01 -1.505148554528585095e-04
-3.375733855185909515e-01 -1.502235425075416583e-04
-3.356164383561643372e-01 -1.499339217671180808e-04
-3.336594911937377783e-01 -1.496459932315878584e-04
-3.317025440313111084e-01 -1.493597569009509098e-04
-3.297455968688844941e-01 -1.490752127752071807e-04
-3.277886497064578797e-01 -1.487923608543567525e-04
-3.258317025440312653e-01 -1.485112011383996793e-04
-3.238747553816047065e-01 -1.482317336273358257e-04
-3.219178082191780366e-01 -1.479539583211653001e-04
-3.199608610567514777e-01 -1.476778752198880753e-04
-3.180039138943248078e-01 -1.474034843235041514e-04
-3.160469667318981379e-01 -1.471307856320134741e-04
-3.140900195694715791e-01 -1.468597791454161791e-04
-3.121330724070449647e-01 -1.465904648637121035e-04
-3.101761252446184058e-01 -1.463228427869013018e-04
-3.082191780821917360e-01 -1.460569129149838551e-04
-3.062622309197651216e-01 -1.457844848968748352e-04
-3.043052837573385072e-01 -1.455090031820884010e-04
-3.023483365949118928e-01 -1.452338357160112695e-04
-3.003913894324852785e-01 -1.449589824986433865e-04
-2.984344422700586641e-01 -1.446844435299847790e-04
-2.964774951076320497e-01 -1.444102188100354471e-04
-2.945205479452054353e-01 -1.441363083387953907e-04
-2.925636007827788210e-01 -1.438627121162646099e-04
-2.906066536203522066e-01 -1.435894301424431318e-04
-2.886497064579256477e-01 -1.433164624173308751e-04
-2.866927592954989779e-01 -1.430438089409279481e-04
-2.847358121330723080e-01 -1.427714697132342967e-04
-2.827788649706456936e-01 -1.424994447342498938e-04
-2.808219178082191347e-01 -1.422277340039747393e-04
-2.788649706457925204e-01 -1.419563375224089689e-04
-2.769080234833659060e-01 -1.416852968045788895e-04
-2.749510763209392916e-01 -1.414150261639203553e-04
-2.729941291585126772e-01 -1.411451290314997230e-04
-2.710371819960860629e-01 -1.408756054073171554e-04
-2.690802348336594485e-01 -1.406064552913725439e-04
-2.671232876712328341e-01 -1.403376786836659429e-04
-2.651663405088062198e-01 -1.400692755841973251e-04
-2.632093933463796054e-01 -1.398012459929666364e-04
-2.612524461839529355e-01 -1.395335899099739039e-04
-2.592954990215263211e-01 -1.392663073352192360e-04
-2.573385518590997623e-01 -1.389993982687024972e-04
-2.553816046966731479e-01 -1.387328627104238230e-04
-2.534246575342465335e-01 -1.384667006603830508e-04
-2.514677103718199191e-01 -1.382009121185803161e-04
-2.495107632093933048e-01 -1.379354970850154834e-04
-2.475538160469666626e-01 -1.376704555596887153e-04
-2.455968688845400483e-01 -1.373986331732879177e-04
-2.436399217221134617e-01 -1.371181457707701672e-04
-2.416829745596868473e-01 -1.368361888217845316e-04
-2.397260273972602329e-01 -1.365527623263308754e-04
-2.377690802348336185e-01 -1.362678662844093341e-04
-2.358121330724069764e-01 -1.359815006960198535e-04
-2.338551859099803620e-01 -1.356936655611625149e-04
-2.318982387475537754e-01 -1.354043608798372099e-04
-2.299412915851271055e-01 -1.351135866520439927e-04
-2.279843444227005189e-01 -1.348213428777829176e-04
-2.260273972602739045e-01 -1.345276295570537947e-04
-2.240704500978472902e-01 -1.342324466898567597e-04
-2.221135029354206758e-01 -1.339357942761919208e-04
-2.201565557729940892e-01 -1.336376723160591427e-04
-2.181996086105674748e-01 -1.333380808094583711e-04
-2.162426614481408604e-01 -1.330370197563896602e-04
-2.142857142857142461e-01 -1.302750922490974756e-04
-2.123287671232876039e-01 -1.304398631460587123e-04
-2.103718199608609618e-01 -1.301984162985913185e-04
-2.084148727984343474e-01 -1.298486037455680330e-04
-2.064579256360077331e-01 -1.294545034121307586e-04
-2.045009784735811464e-01 -1.290389862889761293e-04
-2.025440313111545321e-01 -1.285716583441565196e-04
-2.005870841487279177e-01 -1.281043303993369099e-04
-1.986301369863013033e-01 -1.275810876954009462e-04
-1.966731898238747167e-01 -1.270573059419259816e-04
-1.947162426614481023e-01 -1.265005671839252723e-04
-1.927592954990214602e-01 -1.259018838536887373e-04
-1.908023483365948458e-01 -1.252711836795103906e-04
-1.888454011741682315e-01 -1.246084666613903676e-04
-1.868884540117416448e-01 -1.239163051164013667e-04
-1.849315068493149750e-01 -1.232270815159222177e-04
-1.829745596868883606e-01 -1.225188423483043981e-04
-1.810176125244617740e-01 -1.217915876135478807e-04
-1.790606653620351596e-01 -1.210453173116526519e-04
-1.771037181996085452e-01 -1.202640691955920722e-04
-1.751467710371819031e-01 -1.194368633356743937e-04
-1.731898238747552887e-01 -1.185775707856158613e-04
-1.712328767123286744e-01 -1.176861915454167868e-04
-1.692759295499020877e-01 -1.167627256150773600e-04
-1.673189823874754734e-01 -1.158317744465812147e-04
-1.653620352250488590e-01 -1.148818199253818487e-04
-1.634050880626222724e-01 -1.139100237455968368e-04
-1.614481409001956025e-01 -1.129163859072265856e-04
-1.594911937377690159e-01 -1.118915804232503323e-04
-1.575342465753424015e-01 -1.108055347273005046e-04
-1.555772994129157316e-01 -1.096715261889288689e-04
-1.536203522504891450e-01 -1.084851096558959923e-04
-1.516634050880625306e-01 -1.072418399759610455e-04
-1.497064579256359163e-01 -1.059942700548567341e-04
-1.477495107632093296e-01 -1.047533800586975444e-04
-1.457925636007827153e-01 -1.035039462051450399e-04
-1.438356164383561009e-01 -1.022513514410304460e-04
-1.418786692759294865e-01 -1.009957202371847707e-04
-1.399217221135028999e-01 -9.964100427691495324e-05
-1.379647749510762300e-01 -9.823494796943547502e-05
-1.360078277886495879e-01 -9.677158540653128707e-05
-1.340508806262229735e-01 -9.524495067998808579e-05
-1.320939334637963869e-01 -9.370978579964882728e-05
-1.301369863013697725e-01 -9.223252209204943714e-05
-1.281800391389431582e-01 -9.077212123846772874e-05
-1.262230919765165438e-01 -8.933878307525603747e-05
-1.242661448140899433e-01 -8.794270743876630568e-05
-1.223091976516633428e-01 -8.637110943467394576e-05
-1.203522504892367284e-01 -8.467434041405298055e-05
-1.183953033268100863e-01 -8.286172474699483132e-05
-1.164383561643834719e-01 -8.091502523982660683e-05
-1.144814090019568714e-01 -7.892373008971004548e-05
-1.125244618395302570e-01 -7.721388100067984642e-05
-1.105675146771036566e-01 -7.554049883043333839e-05
-1.086105675146770005e-01 -7.390358357897247295e-05
-1.066536203522504417e-01 -7.230313524629529854e-05
-1.046966731898237857e-01 -7.056825592737458151e-05
-1.027397260273972268e-01 -6.869429996748821639e-05
-1.007827788649705292e-01 -6.675639619259615513e-05
-9.882583170254388705e-02 -6.475454460269530776e-05
-9.686888454011731431e-02 -6.269533205676100268e-05
-9.491193737769067218e-02 -6.074868716936883319e-05
-9.295499021526411332e-02 -5.880242958409053280e-05
-9.099804305283745731e-02 -5.685655930092763972e-05
-8.904109589041089845e-02 -5.491107631987861574e-05
-8.708414872798424244e-02 -5.290146342915564670e-05
-8.512720156555768358e-02 -5.076827218718833501e-05
-8.317025440313102758e-02 -4.857733107050075250e-05
-8.121330724070446871e-02 -4.632864007909057489e-05
-7.925636007827781271e-02 -4.402219921296323676e-05
-7.729941291585125385e-02 -4.188657716468918192e-05
-7.534246575342459784e-02 -3.983032461954103562e-05
-7.338551859099795571e-02 -3.781684112436611969e-05
-7.142857142857129971e-02 -3.584612667916210310e-05
-6.947162426614464370e-02 -3.386454185663136156e-05
-6.751467710371808484e-02 -3.168920048800437985e-05
-6.555772994129142883e-02 -2.946098937005777596e-05
-6.360078277886486997e-02 -2.717990850278688444e-05
-6.164383561643822090e-02 -2.484595788619481897e-05
-5.968688845401166204e-02 -2.252634006237846836e-05
-5.772994129158500604e-02 -2.022697535402606301e-05
-5.577299412915844717e-02 -1.791565289174976535e-05
-5.381604696673179117e-02 -1.559237267555268230e-05
-5.185909980430523231e-02 -1.325622084478929414e-05
-4.990215264187858324e-02 -1.086229208551670465e-05
-4.794520547945192723e-02 -8.439868164943111471e-06
-4.598825831702536837e-02 -5.988949083070072302e-06
-4.403131115459871237e-02 -3.509534839897585446e-06
-4.207436399217215350e-02 -1.035275400008755336e-06
-4.011741682974550444e-02 1.398329499106569223e-06
-3.816046966731893864e-02 3.828522667246379034e-06
-3.620352250489228957e-02 6.255304104426228376e-06
-3.424657534246564050e-02 8.678673810630562759e-06
-3.228962818003898450e-02 1.109863178586715879e-05
-3.033268101761242563e-02 1.351517803013601648e-05
-2.837573385518577310e-02 1.592831254343558066e-05
-2.641878669275921077e-02 1.833803532576429958e-05
-2.446183953033255823e-02 2.075827610792860793e-05
-2.250489236790590569e-02 2.323541210881714772e-05
-2.054794520547934683e-02 2.572310163535479282e-05
-1.859099804305269429e-02 2.822134468752598492e-05
-1.663405088062613196e-02 3.073014126533694462e-05
-1.467710371819948116e-02 3.324949136878767872e-05
-1.272015655577291883e-02 3.577939499787818043e-05
-1.076320939334626803e-02 3.831985215260689799e-05
-8.806262230919707432e-03 4.087086283297693492e-05
-6.849315068493054028e-03 4.341251882973850711e-05
-4.892367906066493431e-03 4.595860409792049340e-05
-2.935420743639841328e-03 4.851056764413226856e-05
-9.784735812132805150e-04 5.106840946837071552e-05
9.784735812133715880e-04 5.363212957063584783e-05
2.935420743640114981e-03 5.620172795093387254e-05
4.892367906066675577e-03 5.877720460926791351e-05
6.849315068493328114e-03 6.135855954562240567e-05
8.806262230919889578e-03 6.394066044298490231e-05
1.076320939334654038e-02 6.652424060588153407e-05
1.272015655577310271e-02 6.911189417302659316e-05
1.467710371819975351e-02 7.170362114442937660e-05
1.663405088062631584e-02 7.429942152008058736e-05
1.859099804305296838e-02 7.689929529998643250e-05
2.054794520547952724e-02 7.950324248414691202e-05
2.250489236790617978e-02 8.211126307255890884e-05
2.446183953033274211e-02 8.471915988264916626e-05
2.641878669275939465e-02 8.732146064513900336e-05
2.837573385518604718e-02 8.992505794284838560e-05
3.033268101761260604e-02 9.252995177578041651e-05
3.228962818003926205e-02 9.513614214393822672e-05
3.424657534246582091e-02 9.774362904731247854e-05
3.620352250489246998e-02 1.003524124859125097e-04
3.816046966731912599e-02 1.029624924597351894e-04
4.011741682974577505e-02 1.055738689687743108e-04
4.207436399217233391e-02 1.081865420130360809e-04
4.403131115459898992e-02 1.108005115925205267e-04
4.598825831702554878e-02 1.134157777072307383e-04
4.794520547945220479e-02 1.160323403571542745e-04
4.990215264187876365e-02 1.186501995423035763e-04
5.185909980430541272e-02 1.212693552626724369e-04
5.381604696673206872e-02 1.238898075182670632e-04
5.577299412915862759e-02 1.265115563090874688e-04
5.772994129158528359e-02 1.291103587537169349e-04
5.968688845401184245e-02 1.317002391481977483e-04
6.164383561643849152e-02 1.342878123505815478e-04
6.360078277886505038e-02 1.368730783608714777e-04
6.555772994129170639e-02 1.394560371790675107e-04
6.751467710371826525e-02 1.420366888051665570e-04
6.947162426614492126e-02 1.446150332391686166e-04
7.142857142857148012e-02 1.471910704810799235e-04
7.338551859099813612e-02 1.497648005309004237e-04
7.534246575342477825e-02 1.523362233886177300e-04
7.729941291585143426e-02 1.549053390542442566e-04
7.925636007827809026e-02 1.574721475277737965e-04
8.121330724070464913e-02 1.600366488092125567e-04
8.317025440313130513e-02 1.625988428985605642e-04
8.512720156555786399e-02 1.651587297958053509e-04
8.708414872798452000e-02 1.676854994084277977e-04
8.904109589041107886e-02 1.702006509674474982e-04
9.099804305283773487e-02 1.727089448897676529e-04
9.295499021526429373e-02 1.752103811753820005e-04
9.491193737769093586e-02 1.777049598242968023e-04
9.686888454011750860e-02 1.801926808365057699e-04
9.882583170254415073e-02 1.826735442120214258e-04
1.007827788649707096e-01 1.851475499508250676e-04
1.027397260273973656e-01 1.876063893939414814e-04
1.046966731898240216e-01 1.900441978050857589e-04
1.066536203522505805e-01 1.924707778653599662e-04
1.086105675146772365e-01 1.948861295747703916e-04
1.105675146771037953e-01 1.972902529332920714e-04
1.125244618395304513e-01 1.996831479409437351e-04
1.144814090019570935e-01 2.020648145977191215e-04
1.164383561643837495e-01 2.044352529036306989e-04
1.183953033268103083e-01 2.067944628586597920e-04
1.203522504892369643e-01 2.091165050743202527e-04
1.223091976516635232e-01 2.114218168118965429e-04
1.242661448140901792e-01 2.137103982297200726e-04
1.262230919765167381e-01 2.159822493277846348e-04
1.281800391389433802e-01 2.182373701060839953e-04
1.301369863013700501e-01 2.204757605646430365e-04
1.320939334637966089e-01 2.226974207034369032e-04
1.340508806262232511e-01 2.249023505224780094e-04
1.360078277886498099e-01 2.270697213008608271e-04
1.379647749510764798e-01 2.291983307490504454e-04
1.399217221135030387e-01 2.313021007864801161e-04
1.418786692759296808e-01 2.333810314131747217e-04
1.438356164383562397e-01 2.354351226291217939e-04
1.457925636007828818e-01 2.374643744343275938e-04
1.477495107632094684e-01 2.394687868287734462e-04
1.497064579256361938e-01 2.414483598124904406e-04
1.516634050880628637e-01 2.433969482152713282e-04
1.536203522504894226e-01 2.452744064914441527e-04
1.555772994129160647e-01 2.471099202705018066e-04
1.575342465753426235e-01 2.489017023350464518e-04
1.594911937377692657e-01 2.506479654677921400e-04
1.614481409001958245e-01 2.523469224513222764e-04
1.634050880626224944e-01 2.539967860683510210e-04
1.653620352250490533e-01 2.555957691014803189e-04
1.673189823874756954e-01 2.571420843333622054e-04
1.692759295499022543e-01 2.586209526026249698e-04
1.712328767123289242e-01 2.600329455873999864e-04
1.731898238747554830e-01 2.613800003627714664e-04
1.751467710371821251e-01 2.626596484814638336e-04
1.771037181996087673e-01 2.638694214961393326e-04
1.790606653620353539e-01 2.650068509595348014e-04
1.810176125244619960e-01 2.660694684243062507e-04
1.829745596868885549e-01 2.670548054431780500e-04
1.849315068493151970e-01 2.679447091328533985e-04
1.868884540117418669e-01 2.686999160046541369e-04
1.888454011741685090e-01 2.693488258691617782e-04
1.908023483365950679e-01 2.698867451607289084e-04
1.927592954990217378e-01 2.703089803137145647e-04
1.947162426614482966e-01 2.706108377625087921e-04
1.966731898238749388e-01 2.707876239414642853e-04
1.986301369863014976e-01 2.708346452849337387e-04
2.005870841487281397e-01 2.707472082272823150e-04
2.025440313111548096e-01 2.703443695714252736e-04
2.045009784735813685e-01 2.697024036991098133e-04
2.064579256360080106e-01 2.688344560699688131e-04
2.084148727984345695e-01 2.677283021229818062e-04
2.103718199608612394e-01 2.663717172972402151e-04
2.123287671232877982e-01 2.647524770317608153e-04
2.142857142857144404e-01 2.628583567656100927e-04
2.162426614481409992e-01 2.606771319378172911e-04
2.181996086105676413e-01 2.581779224336861345e-04
2.201565557729942280e-01 2.553308010471316857e-04
2.221135029354208701e-01 2.521429332350607483e-04
2.240704500978475122e-01 2.486003724759532096e-04
2.260273972602741821e-01 2.446891722483761269e-04
2.279843444227008242e-01 2.403953860308716750e-04
2.299412915851273831e-01 2.357050673020069382e-04
2.318982387475540252e-01 2.307192701641254710e-04
2.338551859099806118e-01 2.265650595286116103e-04
2.358121330724072540e-01 2.224731263538482786e-04
2.377690802348338128e-01 2.184864554870643747e-04
2.397260273972604550e-01 2.146079061486057358e-04
2.416829745596870138e-01 2.107572377683851147e-04
2.436399217221136837e-01 2.070284225226816344e-04
2.455968688845402426e-01 2.034465286148485390e-04
2.475538160469668847e-01 2.000094538836669949e-04
2.495107632093934436e-01 1.967061015298316850e-04
2.514677103718200857e-01 1.935721239319764799e-04
2.534246575342467556e-01 1.906178885901479091e-04
2.553816046966733144e-01 1.876719097329058008e-04
2.573385518590999843e-01 1.847962420616440960e-04
2.592954990215265432e-01 1.819745821613235725e-04
2.612524461839531575e-01 1.793860379204373996e-04
2.632093933463798274e-01 1.771645460080025641e-04
2.651663405088064973e-01 1.752739950553051213e-04
2.671232876712330562e-01 1.735691489862271008e-04
2.690802348336597261e-01 1.709013547191374680e-04
2.710371819960862849e-01 1.679540283786914578e-04
2.729941291585128993e-01 1.658335015836512371e-04
2.749510763209394582e-01 1.642111774068869413e-04
2.769080234833661280e-01 1.624716925021590203e-04
2.788649706457926869e-01 1.605821681628978473e-04
2.808219178082193568e-01 1.587754251000926564e-04
2.827788649706459712e-01 1.569985625431981303e-04
2.847358121330726410e-01 1.554181190694789081e-04
2.866927592954990889e-01 1.538331239277452656e-04
2.886497064579257588e-01 1.521426502601171224e-04
2.906066536203524286e-01 1.506222046031392497e-04
2.925636007827790430e-01 1.494237683783988671e-04
2.945205479452055464e-01 1.478119932175957587e-04
2.964774951076322163e-01 1.461480099754280872e-04
2.984344422700589416e-01 1.448005452911070503e-04
3.003913894324856115e-01 1.434965887554346330e-04
3.023483365949122259e-01 1.421979514348036574e-04
3.043052837573387293e-01 1.409078861789543125e-04
3.062622309197653436e-01 1.396357584608432715e-04
3.082191780821920135e-01 1.384055249306449862e-04
3.101761252446186834e-01 1.371799592299114800e-04
3.121330724070451312e-01 1.359826647084509471e-04
3.140900195694718011e-01 1.348041042576115286e-04
3.160469667318984155e-01 1.336442778773932788e-04
3.180039138943250854e-01 1.325031454368488586e-04
3.199608610567515332e-01 1.313797935051416840e-04
3.219178082191782031e-01 1.302747983254547539e-04
3.238747553816049285e-01 1.291881598978004823e-04
3.258317025440315429e-01 1.281198782221540410e-04
3.277886497064582683e-01 1.270742754461868249e-04
3.297455968688846606e-01 1.260494190746299910e-04
3.317025440313113860e-01 1.250448551816696916e-04
3.336594911937379448e-01 1.240605837672561888e-04
3.356164383561646702e-01 1.230966048314268064e-04
3.375733855185910626e-01 1.221529183741815172e-04
3.395303326810177880e-01 1.212295243954954795e-04
3.414872798434443468e-01 1.203264228953935351e-04
3.434442270058711277e-01 1.194286652113870549e-04
3.454011741682974646e-01 1.185343227241261098e-04
3.473581213307242455e-01 1.176541734254199620e-04
3.493150684931508043e-01 1.167882173152561838e-04
3.512720156555775297e-01 1.159364543936347754e-04
3.532289628180040886e-01 1.150988846605432818e-04
3.551859099804306474e-01 1.142755081159941579e-04
3.571428571428574283e-01 1.134663247600122861e-04
3.590998043052839872e-01 1.126741719217216902e-04
3.610567514677107126e-01 1.119081598439576229e-04
3.630136986301371049e-01 1.111593672343399130e-04
3.649706457925638303e-01 1.104277940928187956e-04
3.669275929549903892e-01 1.097134404194066986e-04
3.688845401174171146e-01 1.090163062141285313e-04
3.708414872798435069e-01 1.083363914769593979e-04
3.727984344422702323e-01 1.076736962079241806e-04
3.747553816046967912e-01 1.070282204069979972e-04
3.767123287671235721e-01 1.063173738963334554e-04
3.786692759295501309e-01 1.055941435012761618e-04
3.806262230919766898e-01 1.048679285646302137e-04
3.825831702544032487e-01 1.041387290864080525e-04
3.845401174168299741e-01 1.034065450666221193e-04
3.864970645792565329e-01 1.026456992989320381e-04
3.884540117416830918e-01 1.018510708291544154e-04
3.904109589041098727e-01 1.010383234861355196e-04
3.923679060665364315e-01 1.002074572699002060e-04
3.943248532289631569e-01 9.935847218042361928e-05
3.962818003913895493e-01 9.861104261538399484e-05
3.982387475538162747e-01 9.827779802422422482e-05
4.001956947162428335e-01 9.808777395687724959e-05
4.021526418786695589e-01 9.804097041336793804e-05
4.041095890410961178e-01 9.813738739370874494e-05
4.060665362035226766e-01 9.837702489787478785e-05
4.080234833659492910e-01 9.787235672421802299e-05
4.099804305283760164e-01 9.717986675929304082e-05
4.119373776908025753e-01 9.633416936160350689e-05
4.138943248532291341e-01 9.533526453112452519e-05
4.158512720156556930e-01 9.427583770329681350e-05
4.178082191780824184e-01 9.362100713982042261e-05
4.197651663405089772e-01 9.302513273433742167e-05
4.217221135029355361e-01 9.248821448681048701e-05
4.236790606653620950e-01 9.200947896122176420e-05
4.256360078277888759e-01 9.153109121946594246e-05
4.275929549902154347e-01 9.105270347771012073e-05
4.295499021526421601e-01 9.057431573595429899e-05
4.315068493150687190e-01 9.009592799419849081e-05
4.334637964774952779e-01 8.960055159138619627e-05
4.354207436399220033e-01 8.910278836061634629e-05
4.373776908023486176e-01 8.860502512985893753e-05
4.393346379647751765e-01 8.810726189908908755e-05
4.412915851272017354e-01 8.766706547194046345e-05
4.432485322896284607e-01 8.724847927521184570e-05
4.452054794520550196e-01 8.682989307848322795e-05
4.471624266144815785e-01 8.641130688175461020e-05
4.491193737769081373e-01 8.593149011955116001e-05
4.510763209393348627e-01 8.540684333000552147e-05
4.530332681017614216e-01 8.488219654044744172e-05
4.549902152641882025e-01 8.435754975090178963e-05
4.569471624266145393e-01 8.393433675595924530e-05
4.589041095890413202e-01 8.364692356939399547e-05
4.608610567514678791e-01 8.335951038284117331e-05
4.628180039138946045e-01 8.307209719627592348e-05
4.647749510763211633e-01 8.272835035107144869e-05
4.667318982387477222e-01 8.223816803720197224e-05
4.686888454011745031e-01 8.174798572333249580e-05
4.706457925636010620e-01 8.125780340946301935e-05
4.726027397260276208e-01 8.080255860718699927e-05
4.745596868884541797e-01 8.058516768912291094e-05
4.765166340508809051e-01 8.036777677104636785e-05
4.784735812133074639e-01 8.015038585296983830e-05
4.804305283757341893e-01 7.993299493490573643e-05
4.823874755381605817e-01 7.916817509531565904e-05
4.843444227005873071e-01 7.839122771898825366e-05
4.863013698630138659e-01 7.761428034266086183e-05
4.882583170254406468e-01 7.683733296630857401e-05
4.902152641878670392e-01 7.694990033003862903e-05
4.921722113502937646e-01 7.724649549449374118e-05
4.941291585127203234e-01 7.758518662255413107e-05
4.960861056751470488e-01 7.800351284751810637e-05
4.980430528375734411e-01 7.842183907249452289e-05
5.000000000000002220e-01 7.732370348479356231e-05
