5.000000000000000000e-01 -0.000000000000000000e+00
4.980430528375733301e-01 -1.098226188278730282e-11
4.960861056751467713e-01 -8.766405834159819669e-12
4.941291585127201569e-01 -8.248277768881021081e-12
4.921722113502935980e-01 -7.810021558814148591e-12
4.902152641878669281e-01 -7.936156626002697244e-12
4.882583170254402583e-01 -8.122242245989355447e-12
4.863013698630136994e-01 -8.308340309013124632e-12
4.843444227005870295e-01 -8.494425928999781219e-12
4.823874755381604706e-01 -9.004042956895037261e-12
4.804305283757338563e-01 -9.590533068058603311e-12
4.784735812133071864e-01 -1.017702317922216936e-11
4.765166340508806275e-01 -1.076353817645995576e-11
4.745596868884539576e-01 -1.135001584458641244e-11
4.726027397260273988e-01 -1.193651839878708786e-11
4.706457925636007844e-01 -1.252302095298776489e-11
4.686888454011742255e-01 -1.310951106415133094e-11
4.667318982387475557e-01 -1.429854280435093183e-11
4.647749510763208858e-01 -1.586319250580344285e-11
4.628180039138943269e-01 -1.742784220725595063e-11
4.608610567514677125e-01 -1.899247946567135227e-11
4.589041095890410982e-01 -2.055714161016096942e-11
4.569471624266144838e-01 -2.212176642553925846e-11
4.549902152641878139e-01 -2.368642857002887884e-11
4.530332681017612551e-01 -2.525106582844428048e-11
4.510763209393345852e-01 -2.681571552989678826e-11
4.491193737769080263e-01 -2.838035278831218668e-11
4.471624266144814119e-01 -2.994500248976469769e-11
4.452054794520547421e-01 -3.150965219121720547e-11
4.432485322896281832e-01 -3.307428944963260388e-11
4.412915851272015133e-01 -3.463893915108511812e-11
4.393346379647749544e-01 -3.620357640950051654e-11
4.373776908023483401e-01 -3.776822611095302432e-11
4.354207436399216702e-01 -4.134552462198239540e-11
4.334637964774951113e-01 -5.158534780950096022e-11
4.315068493150684414e-01 -6.182517099701953150e-11
4.295499021526418826e-01 -7.206501907061232797e-11
4.275929549902152127e-01 -8.230482981509377696e-11
4.256360078277886538e-01 -9.254467788868657344e-11
4.236790606653620395e-01 -1.027845135192422541e-10
4.217221135029353696e-01 -1.130243367067608189e-10
4.197651663405088107e-01 -1.232641847803536154e-10
4.178082191780821408e-01 -1.335040079678721931e-10
4.158512720156555820e-01 -1.437438435984278608e-10
4.138943248532289676e-01 -1.539836667859464386e-10
4.119373776908022977e-01 -1.642235148595392221e-10
4.099804305283757389e-01 -1.744633380470577999e-10
4.080234833659490690e-01 -1.847031736776134676e-10
4.060665362035224546e-01 -1.949430093081691612e-10
4.041095890410958957e-01 -2.051828449387248289e-10
4.021526418786692814e-01 -2.154226681262434066e-10
4.001956947162426670e-01 -2.256625161998361902e-10
3.982387475538159971e-01 -2.359023393873547421e-10
3.962818003913894382e-01 -2.461421625748733457e-10
3.943248532289627684e-01 -2.563819982054289876e-10
3.923679060665361540e-01 -2.666218338359846811e-10
3.904109589041095951e-01 -2.768616694665403747e-10
3.884540117416829252e-01 -2.871014926540589266e-10
3.864970645792563664e-01 -2.973413407276517102e-10
3.845401174168296965e-01 -3.075811639151703137e-10
3.825831702544030821e-01 -3.178209995457259556e-10
3.806262230919765233e-01 -3.280608476193187909e-10
3.786692759295498534e-01 -3.383006708068373428e-10
3.767123287671232945e-01 -3.485405064373930363e-10
3.747553816046966246e-01 -3.587803420679486782e-10
3.727984344422700103e-01 -3.690201776985043718e-10
3.708414872798433959e-01 -4.543813036177762424e-10
3.688845401174168370e-01 -6.265205063072714830e-10
3.669275929549902227e-01 -7.986597089967666719e-10
3.649706457925635528e-01 -9.707989116862619642e-10
3.630136986301369384e-01 -1.142938101932720115e-09
3.610567514677103240e-01 -1.315077304622215304e-09
3.590998043052837096e-01 -1.487216482425636416e-09
3.571428571428571508e-01 -1.659355685115131605e-09
3.551859099804304809e-01 -1.831494887804626794e-09
3.532289628180038665e-01 -2.003634090494121983e-09
3.512720156555772522e-01 -2.175773280740580133e-09
3.493150684931506378e-01 -2.347912483430075529e-09
3.473581213307240789e-01 -2.520051686119570511e-09
3.454011741682974090e-01 -2.692190888809065907e-09
3.434442270058708502e-01 -2.864330079055524057e-09
3.414872798434441803e-01 -3.036469269301982208e-09
3.395303326810175659e-01 -3.208608471991477604e-09
3.375733855185909515e-01 -3.380747662237935754e-09
3.356164383561643372e-01 -3.552886864927430736e-09
3.336594911937377783e-01 -3.725026067616926132e-09
3.317025440313111084e-01 -3.897165270306421114e-09
3.297455968688844941e-01 -4.069304460552879265e-09
3.277886497064578797e-01 -4.241443663242374660e-09
3.258317025440312653e-01 -4.413582865931870056e-09
3.238747553816047065e-01 -4.585722056178328207e-09
3.219178082191780366e-01 -4.757861258867823602e-09
3.199608610567514777e-01 -4.930000461557318171e-09
3.180039138943248078e-01 -5.102139651803776321e-09
3.160469667318981379e-01 -5.274278854493271717e-09
3.140900195694715791e-01 -5.446418044739729868e-09
3.121330724070449647e-01 -5.618557247429225263e-09
3.101761252446184058e-01 -5.790696437675683414e-09
3.082191780821917360e-01 -5.962835640365178810e-09
3.062622309197651216e-01 -6.134974843054674205e-09
3.043052837573385072e-01 -6.307114045744168774e-09
3.023483365949118928e-01 -6.479253235990626924e-09
3.003913894324852785e-01 -6.651392438680122320e-09
2.984344422700586641e-01 -6.823531641369617716e-09
2.964774951076320497e-01 -6.995670831616075866e-09
2.945205479452054353e-01 -7.167810021862534017e-09
2.925636007827788210e-01 -7.953204495185712040e-09
2.906066536203522066e-01 -9.679973419719866142e-09
2.886497064579256477e-01 -1.140674234425402024e-08
2.866927592954989779e-01 -1.313351126878817269e-08
2.847358121330723080e-01 -1.486028019332232679e-08
2.827788649706456936e-01 -1.658704910541344282e-08
2.808219178082191347e-01 -1.831381804239063334e-08
2.788649706457925204e-01 -2.004058696692478744e-08
2.769080234833659060e-01 -2.176735589145894155e-08
2.749510763209392916e-01 -2.349412481599309565e-08
2.729941291585126772e-01 -2.522089372808421333e-08
2.710371819960860629e-01 -2.694766265261836412e-08
2.690802348336594485e-01 -2.867443158959555795e-08
2.671232876712328341e-01 -3.040120051412970875e-08
2.651663405088062198e-01 -3.212796945110689927e-08
2.632093933463796054e-01 -3.385473836319801695e-08
2.612524461839529355e-01 -3.558150728773216774e-08
2.592954990215263211e-01 -3.730827619982328543e-08
2.573385518590997623e-01 -3.903504513680047595e-08
2.553816046966731479e-01 -4.076181406133463336e-08
2.534246575342465335e-01 -4.332124685247844955e-08
2.514677103718199191e-01 -4.736286488353658815e-08
2.495107632093933048e-01 -5.140448292703777309e-08
2.475538160469666626e-01 -5.544610095809591170e-08
2.455968688845400483e-01 -5.948771900159709002e-08
2.436399217221134617e-01 -6.352933704509827497e-08
2.416829745596868473e-01 -6.757095507615641357e-08
2.397260273972602329e-01 -7.161257310721455217e-08
2.377690802348336185e-01 -7.565419116315877023e-08
2.358121330724069764e-01 -7.969580919421690883e-08
2.338551859099803620e-01 -8.373742723771809377e-08
2.318982387475537754e-01 -8.777904528121927872e-08
2.299412915851271055e-01 -9.182066331227741732e-08
2.279843444227005189e-01 -9.586228135577860226e-08
2.260273972602739045e-01 -9.990389938683674087e-08
2.240704500978472902e-01 -1.039455174178948795e-07
2.221135029354206758e-01 -1.079871354613960644e-07
2.201565557729940892e-01 -1.120287535048972361e-07
2.181996086105674748e-01 -1.160703715359553880e-07
2.162426614481408604e-01 -1.201119895918996060e-07
2.142857142857142461e-01 -1.415095472549925445e-07
2.123287671232876039e-01 -1.989638170813562228e-07
2.103718199608609618e-01 -2.564180868952768812e-07
2.084148727984343474e-01 -3.138723567340836059e-07
2.064579256360077331e-01 -3.713266265480042378e-07
2.045009784735811464e-01 -4.231957756954137892e-07
2.025440313111545321e-01 -4.476690928240038415e-07
2.005870841487279177e-01 -4.721424099650369137e-07
1.986301369863013033e-01 -4.966157270936270189e-07
1.966731898238747167e-01 -5.210890442346600381e-07
1.947162426614481023e-01 -5.457313522286899337e-07
1.927592954990214602e-01 -5.824975582924669942e-07
1.908023483365948458e-01 -6.192637643438009289e-07
1.888454011741682315e-01 -6.560299704324640292e-07
1.868884540117416448e-01 -6.927961764962410897e-07
1.849315068493149750e-01 -7.295623825475751303e-07
1.829745596868883606e-01 -7.832566292690057936e-07
1.810176125244617740e-01 -8.397490318828222773e-07
1.790606653620351596e-01 -8.962414344966388668e-07
1.771037181996085452e-01 -9.527338371104553504e-07
1.751467710371819031e-01 -1.009226239736714960e-06
1.731898238747552887e-01 -1.094520602863889799e-06
1.712328767123286744e-01 -1.203923811693260366e-06
1.692759295499020877e-01 -1.327323285447698267e-06
1.673189823874754734e-01 -1.464719024114760797e-06
1.653620352250488590e-01 -1.616111027719333575e-06
1.634050880626222724e-01 -1.768644158180028153e-06
1.614481409001956025e-01 -1.918149894912069242e-06
1.594911937377690159e-01 -2.073408912976624812e-06
1.575342465753424015e-01 -2.234421212348809037e-06
1.555772994129157316e-01 -2.401186793028622762e-06
1.536203522504891450e-01 -2.572722203986915484e-06
1.516634050880625306e-01 -2.747851120250770157e-06
1.497064579256359163e-01 -2.927827268929424658e-06
1.477495107632093296e-01 -3.112650650010436073e-06
1.457925636007827153e-01 -3.302321263531133143e-06
1.438356164383561009e-01 -3.499280384160372660e-06
1.418786692759294865e-01 -3.711373677046936495e-06
1.399217221135028999e-01 -3.932155451272642637e-06
1.379647749510762300e-01 -4.161625706800160649e-06
1.360078277886495879e-01 -4.399784443666820969e-06
1.340508806262229735e-01 -4.652246920022964819e-06
1.320939334637963869e-01 -5.000950115338120780e-06
1.301369863013697725e-01 -5.406510629743596827e-06
1.281800391389431582e-01 -5.876653073240656798e-06
1.262230919765165438e-01 -6.419102055718580001e-06
1.242661448140899433e-01 -7.041582187128858618e-06
1.223091976516633428e-01 -7.557217133961553112e-06
1.203522504892367284e-01 -8.043851031649792963e-06
1.183953033268100863e-01 -8.502807273117686496e-06
1.164383561643834719e-01 -8.923324654763839530e-06
1.144814090019568714e-01 -9.337437441035816293e-06
1.125244618395302570e-01 -9.861490531285669489e-06
1.105675146771036566e-01 -1.042565089580981119e-05
1.086105675146770005e-01 -1.103733680266010343e-05
1.066536203522504417e-01 -1.169893952462116625e-05
1.046966731898237857e-01 -1.236251409233382891e-05
1.027397260273972268e-01 -1.305632523239819430e-05
1.007827788649705292e-01 -1.378052106809676187e-05
9.882583170254388705e-02 -1.453524972269958138e-05
9.686888454011731431e-02 -1.531641271619614274e-05
9.491193737769067218e-02 -1.612524099398789383e-05
9.295499021526411332e-02 -1.696152728231438794e-05
9.099804305283745731e-02 -1.782484359266115045e-05
8.904109589041089845e-02 -1.872665148763614005e-05
8.708414872798424244e-02 -1.966770435489894345e-05
8.512720156555768358e-02 -2.064695619326830411e-05
8.317025440313102758e-02 -2.166607812701650267e-05
8.121330724070446871e-02 -2.271155764864136832e-05
7.925636007827781271e-02 -2.377497850799604835e-05
7.729941291585125385e-02 -2.486201608757559082e-05
7.534246575342459784e-02 -2.597064707962840548e-05
7.338551859099795571e-02 -2.710296300691259521e-05
7.142857142857129971e-02 -2.826549530861247191e-05
6.947162426614464370e-02 -2.945572357960988996e-05
6.751467710371808484e-02 -3.067547056395306506e-05
6.555772994129142883e-02 -3.192773547128187957e-05
6.360078277886486997e-02 -3.321877421396287727e-05
6.164383561643822090e-02 -3.455139705646916010e-05
5.968688845401166204e-02 -3.593053974359036756e-05
5.772994129158500604e-02 -3.736020734535788502e-05
5.577299412915844717e-02 -3.880450790985369810e-05
5.381604696673179117e-02 -4.027682014733941103e-05
5.185909980430523231e-02 -4.177209930410651550e-05
4.990215264187858324e-02 -4.328432875972315413e-05
4.794520547945192723e-02 -4.480652002700923802e-05
4.598825831702536837e-02 -4.633071275204884732e-05
4.403131115459871237e-02 -4.784797471422760912e-05
4.207436399217215350e-02 -4.934840182617046420e-05
4.011741682974550444e-02 -5.093602174318932930e-05
3.816046966731893864e-02 -5.259736189027536046e-05
3.620352250489228957e-02 -5.429464109609196342e-05
3.424657534246564050e-02 -5.602933122069663044e-05
3.228962818003898450e-02 -5.780290412408462734e-05
3.033268101761242563e-02 -5.961683166630101871e-05
2.837573385518577310e-02 -6.147258570740328325e-05
2.641878669275921077e-02 -6.335802482744745624e-05
2.446183953033255823e-02 -6.521001616048624613e-05
2.250489236790590569e-02 -6.707589387554475403e-05
2.054794520547934683e-02 -6.895352620017365945e-05
1.859099804305269429e-02 -7.084078136203562643e-05
1.663405088062613196e-02 -7.273552758871864460e-05
1.467710371819948116e-02 -7.463563310783561311e-05
1.272015655577291883e-02 -7.653896614698696280e-05
1.076320939334626803e-02 -7.847375934432029767e-05
8.806262230919707432e-03 -8.043741347945030675e-05
6.849315068493054028e-03 -8.241743746020124958e-05
4.892367906066493431e-03 -8.441382701629075627e-05
2.935420743639841328e-03 -8.642657787741780864e-05
9.784735812132805150e-04 -8.845568577331250511e-05
-9.784735812133715880e-04 -9.050114643366759335e-05
-2.935420743640114981e-03 -9.256373306354569890e-05
-4.892367906066675577e-03 -9.464830542681898745e-05
-6.849315068493328114e-03 -9.675153852885007657e-05
-8.806262230919889578e-03 -9.887369588702838070e-05
-1.076320939334654038e-02 -1.010150410187432872e-04
-1.272015655577310271e-02 -1.031758374414028587e-04
-1.467710371819975351e-02 -1.053563486724151715e-04
-1.663405088062631584e-02 -1.075568382291696129e-04
-1.859099804305296838e-02 -1.097614484849557785e-04
-2.054794520547952724e-02 -1.119691238375947450e-04
-2.250489236790617978e-02 -1.141866138921060074e-04
-2.446183953033274211e-02 -1.164129849425701673e-04
-2.641878669275939465e-02 -1.186473032830988886e-04
-2.837573385518604718e-02 -1.208886352077789665e-04
-3.033268101761260604e-02 -1.231360470107034167e-04
-3.228962818003926205e-02 -1.253912957997209323e-04
-3.424657534246582091e-02 -1.276766037484039344e-04
-3.620352250489246998e-02 -1.299755872471290729e-04
-3.816046966731912599e-02 -1.322885169269203136e-04
-4.011741682974577505e-02 -1.346156634187953608e-04
-4.207436399217233391e-02 -1.369572973537657660e-04
-4.403131115459898992e-02 -1.393136893628678548e-04
-4.598825831702554878e-02 -1.416851100771069716e-04
-4.794520547945220479e-02 -1.440475367748702510e-04
-4.990215264187876365e-02 -1.463966261427370776e-04
-5.185909980430541272e-02 -1.487440742989946615e-04
-5.381604696673206872e-02 -1.510882341540052275e-04
-5.577299412915862759e-02 -1.534274586181185590e-04
-5.772994129158528359e-02 -1.557601006017280245e-04
-5.968688845401184245e-02 -1.580845130151772003e-04
-6.164383561643849152e-02 -1.604053056861069542e-04
-6.360078277886505038e-02 -1.628014303390575089e-04
-6.555772994129170639e-02 -1.652185692836593731e-04
-6.751467710371826525e-02 -1.676590508748034903e-04
-6.947162426614492126e-02 -1.701252034674182356e-04
-7.142857142857148012e-02 -1.726193554163759313e-04
-7.338551859099813612e-02 -1.751438350765799888e-04
-7.534246575342477825e-02 -1.777009708029400538e-04
-7.729941291585143426e-02 -1.801969327577786564e-04
-7.925636007827809026e-02 -1.826178208992281404e-04
-8.121330724070464913e-02 -1.850272213511633260e-04
-8.317025440313130513e-02 -1.874251341135717991e-04
-8.512720156555786399e-02 -1.898115591864846219e-04
-8.708414872798452000e-02 -1.921864965699080559e-04
-8.904109589041107886e-02 -1.945499462637985161e-04
-9.099804305283773487e-02 -1.969052235112785359e-04
-9.295499021526429373e-02 -1.993235414438561154e-04
-9.491193737769093586e-02 -2.017484457631740064e-04
-9.686888454011750860e-02 -2.041799364692632984e-04
-9.882583170254415073e-02 -2.066180135621053160e-04
-1.007827788649707096e-01 -2.090626770417062933e-04
-1.027397260273973656e-01 -2.115139269080600233e-04
-1.046966731898240216e-01 -2.139591696139066083e-04
-1.066536203522505805e-01 -2.163874866561511280e-04
-1.086105675146772365e-01 -2.188138620525483977e-04
-1.105675146771037953e-01 -2.212382958030797151e-04
-1.125244618395304513e-01 -2.236607879077699896e-04
-1.144814090019570935e-01 -2.260813383666005459e-04
-1.164383561643837495e-01 -2.285017236226740832e-04
-1.183953033268103083e-01 -2.309232050419177010e-04
-1.203522504892369643e-01 -2.333439680243816060e-04
-1.223091976516635232e-01 -2.357640125700720055e-04
-1.242661448140901792e-01 -2.381833386789640439e-04
-1.262230919765167381e-01 -2.406009029072502892e-04
-1.281800391389433802e-01 -2.430036551420854292e-04
-1.301369863013700501e-01 -2.454010564267467020e-04
-1.320939334637966089e-01 -2.477931067611904414e-04
-1.340508806262232511e-01 -2.501798061454602864e-04
-1.360078277886498099e-01 -2.525611545795375889e-04
-1.379647749510764798e-01 -2.549392070621273520e-04
-1.399217221135030387e-01 -2.573135486572743517e-04
-1.418786692759296808e-01 -2.596834873168445655e-04
-1.438356164383562397e-01 -2.620490230408503533e-04
-1.457925636007828818e-01 -2.644101558292793011e-04
-1.477495107632094684e-01 -2.667611644556365708e-04
-1.497064579256361938e-01 -2.690928829995228562e-04
-1.516634050880628637e-01 -2.714143569197040654e-04
-1.536203522504894226e-01 -2.737255862161616041e-04
-1.555772994129160647e-01 -2.760265708889203550e-04
-1.575342465753426235e-01 -2.783173109379616698e-04
-1.594911937377692657e-01 -2.805978063632855483e-04
-1.614481409001958245e-01 -2.828680571648981164e-04
-1.634050880626224944e-01 -2.851280633428088609e-04
-1.653620352250490533e-01 -2.873778248969958808e-04
-1.673189823874756954e-01 -2.896173418274685545e-04
-1.692759295499022543e-01 -2.918342549241838518e-04
-1.712328767123289242e-01 -2.940298946238639353e-04
-1.731898238747554830e-01 -2.962116765412477746e-04
-1.751467710371821251e-01 -2.983796006763448022e-04
-1.771037181996087673e-01 -3.005336670291580540e-04
-1.790606653620353539e-01 -3.026738755996813499e-04
-1.810176125244619960e-01 -3.048002263879177258e-04
-1.829745596868885549e-01 -3.069127193938704342e-04
-1.849315068493151970e-01 -3.090113546175331325e-04
-1.868884540117418669e-01 -3.110961320589058750e-04
-1.888454011741685090e-01 -3.131325610400293585e-04
-1.908023483365950679e-01 -3.151461041718479949e-04
-1.927592954990217378e-01 -3.171388490028045947e-04
-1.947162426614482966e-01 -3.191107955328928154e-04
-1.966731898238749388e-01 -3.210619437621159097e-04
-1.986301369863014976e-01 -3.229922936904737149e-04
-2.005870841487281397e-01 -3.249018453179726277e-04
-2.025440313111548096e-01 -3.267905986446031615e-04
-2.045009784735813685e-01 -3.286585536703623346e-04
-2.064579256360080106e-01 -3.304909449055534482e-04
-2.084148727984345695e-01 -3.322559791560848763e-04
-2.103718199608612394e-01 -3.339892731005773396e-04
-2.123287671232877982e-01 -3.356908267390247666e-04
-2.142857142857144404e-01 -3.373606400714270490e-04
-2.162426614481409992e-01 -3.389987130977841867e-04
-2.181996086105676413e-01 -3.406050458181056123e-04
-2.201565557729942280e-01 -3.421796382323756590e-04
-2.221135029354208701e-01 -3.437224903406037053e-04
-2.240704500978475122e-01 -3.452336021427898053e-04
-2.260273972602741821e-01 -3.466617711856275169e-04
-2.279843444227008242e-01 -3.480116711172662105e-04
-2.299412915851273831e-01 -3.493133740734106151e-04
-2.318982387475540252e-01 -3.505668800540669649e-04
-2.338551859099806118e-01 -3.517721890592321156e-04
-2.358121330724072540e-01 -3.529293010889044953e-04
-2.377690802348338128e-01 -3.540382161430919643e-04
-2.397260273972604550e-01 -3.550989342217866621e-04
-2.416829745596870138e-01 -3.561114553249917873e-04
-2.436399217221136837e-01 -3.570757794527087492e-04
-2.455968688845402426e-01 -3.578912827151662117e-04
-2.475538160469668847e-01 -3.586213810277040655e-04
-2.495107632093934436e-01 -3.592686128971758178e-04
-2.514677103718200857e-01 -3.598299910743164051e-04
-2.534246575342467556e-01 -3.603025283098420617e-04
-2.553816046966733144e-01 -3.606832373544690217e-04
-2.573385518590999843e-01 -3.609691309589291319e-04
-2.592954990215265432e-01 -3.611572218739401985e-04
-2.612524461839531575e-01 -3.612445228502262620e-04
-2.632093933463798274e-01 -3.612178322671269546e-04
-2.651663405088064973e-01 -3.610499120503295255e-04
-2.671232876712330562e-01 -3.607596965325104814e-04
-2.690802348336597261e-01 -3.603430518865122331e-04
-2.710371819960862849e-01 -3.597958442851834256e-04
-2.729941291585128993e-01 -3.591139399013712399e-04
-2.749510763209394582e-01 -3.582932049079204178e-04
-2.769080234833661280e-01 -3.573295054776764600e-04
-2.788649706457926869e-01 -3.562187077834841624e-04
-2.808219178082193568e-01 -3.549566779981936878e-04
-2.827788649706459712e-01 -3.535552039925446161e-04
-2.847358121330726410e-01 -3.520108863191985754e-04
-2.866927592954990889e-01 -3.503115745714456661e-04
-2.886497064579257588e-01 -3.484539012240191647e-04
-2.906066536203524286e-01 -3.464344987516585817e-04
-2.925636007827790430e-01 -3.442499996290994163e-04
-2.945205479452055464e-01 -3.418970363310811248e-04
-2.964774951076322163e-01 -3.393722413323392605e-04
-2.984344422700589416e-01 -3.366722471076117077e-04
-3.003913894324856115e-01 -3.337936861316352123e-04
-3.023483365949122259e-01 -3.309959632159413588e-04
-3.043052837573387293e-01 -3.281091721674084076e-04
-3.062622309197653436e-01 -3.251239767013481869e-04
-3.082191780821920135e-01 -3.220447850498152570e-04
-3.101761252446186834e-01 -3.188760054448636365e-04
-3.121330724070451312e-01 -3.156220461185464221e-04
-3.140900195694718011e-01 -3.124671151275016908e-04
-3.160469667318984155e-01 -3.095365072693570118e-04
-3.180039138943250854e-01 -3.067049606184696266e-04
-3.199608610567515332e-01 -3.039958540080678687e-04
-3.219178082191782031e-01 -3.014325662713806674e-04
-3.238747553816049285e-01 -2.988135978689032972e-04
-3.258317025440315429e-01 -2.961178769163856270e-04
-3.277886497064582683e-01 -2.934216367575555730e-04
-3.297455968688846606e-01 -2.907174840779611622e-04
-3.317025440313113860e-01 -2.879980255631523736e-04
-3.336594911937379448e-01 -2.853730906676774201e-04
-3.356164383561646702e-01 -2.828137197019049286e-04
-3.375733855185910626e-01 -2.803103394144158757e-04
-3.395303326810177880e-01 -2.778695743865815704e-04
-3.414872798434443468e-01 -2.754995058012647087e-04
-3.434442270058711277e-01 -2.733077276659687986e-04
-3.454011741682974646e-01 -2.712565918490643250e-04
-3.473581213307242455e-01 -2.693626746256289474e-04
-3.493150684931508043e-01 -2.676425522707409220e-04
-3.512720156555775297e-01 -2.659593057806790089e-04
-3.532289628180040886e-01 -2.636369414122328720e-04
-3.551859099804306474e-01 -2.611773334467944511e-04
-3.571428571428574283e-01 -2.591550761362095955e-04
-3.590998043052839872e-01 -2.576007619873344227e-04
-3.610567514677107126e-01 -2.561860769518865301e-04
-3.630136986301371049e-01 -2.544533038874034390e-04
-3.649706457925638303e-01 -2.527205308229202936e-04
-3.669275929549903892e-01 -2.511256136812073511e-04
-3.688845401174171146e-01 -2.495502349534185044e-04
-3.708414872798435069e-01 -2.479947477066490077e-04
-3.727984344422702323e-01 -2.464486023194898258e-04
-3.747553816046967912e-01 -2.449992949839831257e-04
-3.767123287671235721e-01 -2.436528103074001353e-04
-3.786692759295501309e-01 -2.422241981938246099e-04
-3.806262230919766898e-01 -2.405941124880557158e-04
-3.825831702544032487e-01 -2.390184910970480044e-04
-3.845401174168299741e-01 -2.379668111417742368e-04
-3.864970645792565329e-01 -2.369151311865005775e-04
-3.884540117416830918e-01 -2.356262608642392914e-04
-3.904109589041098727e-01 -2.343106659003202342e-04
-3.923679060665364315e-01 -2.330783537055330500e-04
-3.943248532289631569e-01 -2.318811737563846039e-04
-3.962818003913895493e-01 -2.307221036612647029e-04
-3.982387475538162747e-01 -2.295999597334969476e-04
-4.001956947162428335e-01 -2.284778158057292194e-04
-4.021526418786695589e-01 -2.273556718779614911e-04
-4.041095890410961178e-01 -2.262414791418914642e-04
-4.060665362035226766e-01 -2.251872725077235372e-04
-4.080234833659492910e-01 -2.241330658735555289e-04
-4.099804305283760164e-01 -2.230788592393875749e-04
-4.119373776908025753e-01 -2.220350999543616391e-04
-4.138943248532291341e-01 -2.210399502168601071e-04
-4.158512720156556930e-01 -2.200448004793584939e-04
-4.178082191780824184e-01 -2.190496507418568807e-04
-4.197651663405089772e-01 -2.180716126858713499e-04
-4.217221135029355361e-01 -2.171487345722115047e-04
-4.236790606653620950e-01 -2.162258564585515510e-04
-4.256360078277888759e-01 -2.153029783448916245e-04
-4.275929549902154347e-01 -2.143827745292319509e-04
-4.295499021526421601e-01 -2.134716709870349666e-04
-4.315068493150687190e-01 -2.125648232597356850e-04
-4.334637964774952779e-01 -2.116622313473338890e-04
-4.354207436399220033e-01 -2.107707904544137731e-04
-4.373776908023486176e-01 -2.099021578157466469e-04
-4.393346379647751765e-01 -2.090467840108643446e-04
-4.412915851272017354e-01 -2.082046690397665952e-04
-4.432485322896284607e-01 -2.073729178283278995e-04
-4.452054794520550196e-01 -2.065481067526921371e-04
-4.471624266144815785e-01 -2.057333624153942617e-04
-4.491193737769081373e-01 -2.049286848164343273e-04
-4.510763209393348627e-01 -2.041340739558124154e-04
-4.530332681017614216e-01 -2.033495298335284175e-04
-4.549902152641882025e-01 -2.025750524495823607e-04
-4.569471624266145393e-01 -2.018106418039744077e-04
-4.589041095890413202e-01 -2.010569131898952780e-04
-4.608610567514678791e-01 -2.003139932199079077e-04
-4.628180039138946045e-01 -1.995814127244921411e-04
-4.647749510763211633e-01 -1.988591717036481950e-04
-4.667318982387477222e-01 -1.981472701573758254e-04
-4.686888454011745031e-01 -1.974457080856751407e-04
-4.706457925636010620e-01 -1.967544854885460868e-04
-4.726027397260276208e-01 -1.960736023659887721e-04
-4.745596868884541797e-01 -1.953908970062342759e-04
-4.765166340508809051e-01 -1.947085516829396266e-04
-4.784735812133074639e-01 -1.940322009942588495e-04
-4.804305283757341893e-01 -1.933618449401919715e-04
-4.823874755381605817e-01 -1.926974835207391013e-04
-4.843444227005873071e-01 -1.920391167359001303e-04
-4.863013698630138659e-01 -1.913867445856749501e-04
-4.882583170254406468e-01 -1.907403670700637233e-04
-4.902152641878670392e-01 -1.901434744278165164e-04
-4.921722113502937646e-01 -1.895766647120196956e-04
-4.941291585127203234e-01 -1.890288063920347644e-04
-4.960861056751470488e-01 -1.884998994678618856e-04
-4.980430528375734411e-01 -1.879899439395011404e-04
-5.000000000000002220e-01 -1.874989398069522577e-04
-5.000000000000000000e-01 -1.874989398069522577e-04
-4.980430528375733301e-01 -1.863393937267806091e-04
-4.960861056751467713e-01 -1.858624653757724406e-04
-4.941291585127201569e-01 -1.853292570702634329e-04
-4.921722113502935980e-01 -1.847934496961688568e-04
-4.902152641878669281e-01 -1.842592738909219719e-04
-4.882583170254402583e-01 -1.837252713496235232e-04
-4.863013698630136994e-01 -1.831912688083251015e-04
-4.843444227005870295e-01 -1.826572662670267340e-04
-4.823874755381604706e-01 -1.821357744983683694e-04
-4.804305283757338563e-01 -1.816172555865749546e-04
-4.784735812133071864e-01 -1.810987366747815127e-04
-4.765166340508806275e-01 -1.805802177629880708e-04
-4.745596868884539576e-01 -1.800739448112001104e-04
-4.726027397260273988e-01 -1.795726252814366757e-04
-4.706457925636007844e-01 -1.790713057516733764e-04
-4.686888454011742255e-01 -1.785699862219099958e-04
-4.667318982387475557e-01 -1.780731224621073772e-04
-4.647749510763208858e-01 -1.775815170472839816e-04
-4.628180039138943269e-01 -1.770929818331368514e-04
-4.608610567514677125e-01 -1.766075168196660952e-04
-4.589041095890410982e-01 -1.761251220068716316e-04
-4.569471624266144838e-01 -1.756457973947535148e-04
-4.549902152641878139e-01 -1.751695429833117720e-04
-4.530332681017612551e-01 -1.746963587725463218e-04
-4.510763209393345852e-01 -1.742271018858494453e-04
-4.491193737769080263e-01 -1.737624136979597537e-04
-4.471624266144814119e-01 -1.733012649580615943e-04
-4.452054794520547421e-01 -1.728436556661552652e-04
-4.432485322896281832e-01 -1.723895858222405496e-04
-4.412915851272015133e-01 -1.719390554263175018e-04
-4.393346379647749544e-01 -1.714920644783861489e-04
-4.373776908023483401e-01 -1.710486129784464637e-04
-4.354207436399216702e-01 -1.706085677351960579e-04
-4.334637964774951113e-01 -1.701715370692901579e-04
-4.315068493150684414e-01 -1.697379095502263594e-04
-4.295499021526418826e-01 -1.693076851780048523e-04
-4.275929549902152127e-01 -1.688808639526255008e-04
-4.256360078277886538e-01 -1.684574458740883865e-04
-4.236790606653620395e-01 -1.680374309423935634e-04
-4.217221135029353696e-01 -1.676208191575408418e-04
-4.197651663405088107e-01 -1.672074900033208779e-04
-4.178082191780821408e-01 -1.667942909677690871e-04
-4.158512720156555820e-01 -1.663837630807025038e-04
-4.138943248532289676e-01 -1.659759063421209382e-04
-4.119373776908022977e-01 -1.655707207520245260e-04
-4.099804305283757389e-01 -1.651682063104132400e-04
-4.080234833659490690e-01 -1.647683630172871072e-04
-4.060665362035224546e-01 -1.643711908726459923e-04
-4.041095890410958957e-01 -1.639766898764901391e-04
-4.021526418786692814e-01 -1.635848600288193578e-04
-4.001956947162426670e-01 -1.631957013296335944e-04
-3.982387475538159971e-01 -1.628092137789330384e-04
-3.962818003913894382e-01 -1.624253973767175545e-04
-3.943248532289627684e-01 -1.620442521229872239e-04
-3.923679060665361540e-01 -1.616657780177419923e-04
-3.904109589041095951e-01 -1.612899750609818599e-04
-3.884540117416829252e-01 -1.609168432527068265e-04
-3.864970645792563664e-01 -1.605443699723791892e-04
-3.845401174168296965e-01 -1.601732142823580245e-04
-3.825831702544030821e-01 -1.598043696446821221e-04
-3.806262230919765233e-01 -1.594378360593513193e-04
-3.786692759295498534e-01 -1.590736135263656433e-04
-3.767123287671232945e-01 -1.587117020457251212e-04
-3.747553816046966246e-01 -1.583521016174297801e-04
-3.727984344422700103e-01 -1.579948122414795658e-04
-3.708414872798433959e-01 -1.576398339178745325e-04
-3.688845401174168370e-01 -1.572871666466146802e-04
-3.669275929549902227e-01 -1.569368104276999817e-04
-3.649706457925635528e-01 -1.565887652611303287e-04
-3.630136986301369384e-01 -1.562430311469059380e-04
-3.610567514677103240e-01 -1.558996080850267283e-04
-3.590998043052837096e-01 -1.555584960754925641e-04
-3.571428571428571508e-01 -1.552196951183036080e-04
-3.551859099804304809e-01 -1.548819203238263403e-04
-3.532289628180038665e-01 -1.545426568565826878e-04
-3.512720156555772522e-01 -1.542051372155859852e-04
-3.493150684931506378e-01 -1.538693614008360968e-04
-3.473581213307240789e-01 -1.535353294123331582e-04
-3.454011741682974090e-01 -1.532030412500770338e-04
-3.434442270058708502e-01 -1.528724969140678050e-04
-3.414872798434441803e-01 -1.525436964043054447e-04
-3.395303326810175659e-01 -1.522166397207899799e-04
-3.375733855185909515e-01 -1.518913268635213836e-04
-3.356164383561643372e-01 -1.515677578324996558e-04
-3.336594911937377783e-01 -1.512459326277247964e-04
-3.317025440313111084e-01 -1.509258512491968868e-04
-3.297455968688844941e-01 -1.506075136969157644e-04
-3.277886497064578797e-01 -1.502909199708815375e-04
-3.258317025440312653e-01 -1.499760700710942333e-04
-3.238747553816047065e-01 -1.496629639975537434e-04
-3.219178082191780366e-01 -1.493469806322623398e-04
-3.199608610567514777e-01 -1.490315894051509507e-04
-3.180039138943248078e-01 -1.487173394149268887e-04
-3.160469667318981379e-01 -1.484042306615901267e-04
-3.140900195694715791e-01 -1.480922631451406376e-04
-3.121330724070449647e-01 -1.477814368655784214e-04
-3.101761252446184058e-01 -1.474717518229035323e-04
-3.082191780821917360e-01 -1.471632080171159974e-04
-3.062622309197651216e-01 -1.468558054482157625e-04
-3.043052837573385072e-01 -1.465495441162027463e-04
-3.023483365949118928e-01 -1.462444240210770843e-04
-3.003913894324852785e-01 -1.459404451628387495e-04
-2.984344422700586641e-01 -1.456376075414876875e-04
-2.964774951076320497e-01 -1.453359111570239797e-04
-2.945205479452054353e-01 -1.450353560094475177e-04
-2.925636007827788210e-01 -1.447359420987583828e-04
-2.906066536203522066e-01 -1.444078440763970088e-04
-2.886497064579256477e-01 -1.440434317934340461e-04
-2.866927592954989779e-01 -1.436688573004102213e-04
-2.847358121330723080e-01 -1.432834886962215280e-04
-2.827788649706456936e-01 -1.428866940797639869e-04
-2.808219178082191347e-01 -1.424778415499335375e-04
-2.788649706457925204e-01 -1.420562992056262006e-04
-2.769080234833659060e-01 -1.416214351457381051e-04
-2.749510763209392916e-01 -1.411726174691651365e-04
-2.729941291585126772e-01 -1.407092142748032340e-04
-2.710371819960860629e-01 -1.402305936615486082e-04
-2.690802348336594485e-01 -1.397479649312615368e-04
-2.671232876712328341e-01 -1.393170927572456722e-04
-2.651663405088062198e-01 -1.388876273798701419e-04
-2.632093933463796054e-01 -1.384602422930093313e-04
-2.612524461839529355e-01 -1.380356109905370567e-04
-2.592954990215263211e-01 -1.376144069663276493e-04
-2.573385518590997623e-01 -1.371973037142550068e-04
-2.553816046966731479e-01 -1.367849747281932977e-04
-2.534246575342465335e-01 -1.363780935020166907e-04
-2.514677103718199191e-01 -1.359773335295992190e-04
-2.495107632093933048e-01 -1.355833683048147259e-04
-2.475538160469666626e-01 -1.351968713215375697e-04
-2.455968688845400483e-01 -1.348169441651507440e-04
-2.436399217221134617e-01 -1.344450794487545865e-04
-2.416829745596868473e-01 -1.340821835834108647e-04
-2.397260273972602329e-01 -1.337288905879652494e-04
-2.377690802348336185e-01 -1.333858344812630049e-04
-2.358121330724069764e-01 -1.330536492821501274e-04
-2.338551859099803620e-01 -1.327329690094724505e-04
-2.318982387475537754e-01 -1.324244276820752114e-04
-2.299412915851271055e-01 -1.321286593188041622e-04
-2.279843444227005189e-01 -1.318462979385051908e-04
-2.260273972602739045e-01 -1.314813078533390094e-04
-2.240704500978472902e-01 -1.310400183775110665e-04
-2.221135029354206758e-01 -1.305675514165140379e-04
-2.201565557729940892e-01 -1.300607347054457178e-04
-2.181996086105674748e-01 -1.295163959794033584e-04
-2.162426614481408604e-01 -1.289313629734849438e-04
-2.142857142857142461e-01 -1.283024634227881598e-04
-2.123287671232876039e-01 -1.276323845616378512e-04
-2.103718199608609618e-01 -1.270176416628008762e-04
-2.084148727984343474e-01 -1.263882076628878182e-04
-2.064579256360077331e-01 -1.257449784358046884e-04
-2.045009784735811464e-01 -1.250888498554586633e-04
-2.025440313111545321e-01 -1.244207177957555100e-04
-2.005870841487279177e-01 -1.237414781306023237e-04
-1.986301369863013033e-01 -1.230520267339054136e-04
-1.966731898238747167e-01 -1.223577402244240410e-04
-1.947162426614481023e-01 -1.216623095972847545e-04
-1.927592954990214602e-01 -1.209632788283577284e-04
-1.908023483365948458e-01 -1.202619767348258245e-04
-1.888454011741682315e-01 -1.195597321338722976e-04
-1.868884540117416448e-01 -1.188578738426799962e-04
-1.849315068493149750e-01 -1.181577306784327848e-04
-1.829745596868883606e-01 -1.174606314583131052e-04
-1.810176125244617740e-01 -1.167040298467174905e-04
-1.790606653620351596e-01 -1.159227525381672038e-04
-1.771037181996085452e-01 -1.151195713626433214e-04
-1.751467710371819031e-01 -1.142927670416310130e-04
-1.731898238747552887e-01 -1.134406202966129276e-04
-1.712328767123286744e-01 -1.125614118490734627e-04
-1.692759295499020877e-01 -1.116534224204948606e-04
-1.673189823874754734e-01 -1.107163843899302338e-04
-1.653620352250488590e-01 -1.097509256710362804e-04
-1.634050880626222724e-01 -1.087533332128296502e-04
-1.614481409001956025e-01 -1.077220900618057199e-04
-1.594911937377690159e-01 -1.066556792644598935e-04
-1.575342465753424015e-01 -1.055525838672879545e-04
-1.555772994129157316e-01 -1.044112869167868518e-04
-1.536203522504891450e-01 -1.032302714594523553e-04
-1.516634050880625306e-01 -1.020508017499998190e-04
-1.497064579256359163e-01 -1.008592138091241237e-04
-1.477495107632093296e-01 -9.964650443510089575e-05
-1.457925636007827153e-01 -9.841363218478232791e-05
-1.438356164383561009e-01 -9.716155561501901372e-05
-1.418786692759294865e-01 -9.589123328266355249e-05
-1.399217221135028999e-01 -9.460362374456732378e-05
-1.379647749510762300e-01 -9.329696677313575838e-05
-1.360078277886495879e-01 -9.196147030799775601e-05
-1.340508806262229735e-01 -9.060582355259729696e-05
-1.320939334637963869e-01 -8.923033143762910296e-05
-1.301369863013697725e-01 -8.783529889378480573e-05
-1.281800391389431582e-01 -8.642103085175839518e-05
-1.262230919765165438e-01 -8.498783224224344104e-05
-1.242661448140899433e-01 -8.353600799593039600e-05
-1.223091976516633428e-01 -8.205643535635017446e-05
-1.203522504892367284e-01 -8.054883048111686117e-05
-1.183953033268100863e-01 -7.901721240516870910e-05
-1.164383561643834719e-01 -7.746120168811810669e-05
-1.144814090019568714e-01 -7.588041888957435237e-05
-1.125244618395302570e-01 -7.427448456915375125e-05
-1.105675146771036566e-01 -7.264301928647102276e-05
-1.086105675146770005e-01 -7.098564360113625142e-05
-1.066536203522504417e-01 -6.930197807276417021e-05
-1.046966731898237857e-01 -6.759164326096486362e-05
-1.027397260273972268e-01 -6.585425972535383717e-05
-1.007827788649705292e-01 -6.410998660185142340e-05
-9.882583170254388705e-02 -6.234535198599551280e-05
-9.686888454011731431e-02 -6.055935587730993514e-05
-9.491193737769067218e-02 -5.875220752545889680e-05
-9.295499021526411332e-02 -5.692411618011670082e-05
-9.099804305283745731e-02 -5.507529109094831931e-05
-8.904109589041089845e-02 -5.320594150762883456e-05
-8.708414872798424244e-02 -5.131627667982399795e-05
-8.512720156555768358e-02 -4.940650585720500221e-05
-8.317025440313102758e-02 -4.747683828943838477e-05
-8.121330724070446871e-02 -4.553056215319067576e-05
-7.925636007827781271e-02 -4.357714721811177180e-05
-7.729941291585125385e-02 -4.160843399717780068e-05
-7.534246575342459784e-02 -3.962496439637316301e-05
-7.338551859099795571e-02 -3.762728032168069411e-05
-7.142857142857129971e-02 -3.561592367907699512e-05
-6.947162426614464370e-02 -3.359143637455269405e-05
-6.751467710371808484e-02 -3.155436031407816467e-05
-6.555772994129142883e-02 -2.950523740364558676e-05
-6.360078277886486997e-02 -2.744460954923468192e-05
-6.164383561643822090e-02 -2.537301865682672355e-05
-5.968688845401166204e-02 -2.328270060703238213e-05
-5.772994129158500604e-02 -2.117191247748677284e-05
-5.577299412915844717e-02 -1.904714500027694155e-05
-5.381604696673179117e-02 -1.690856066564156321e-05
-5.185909980430523231e-02 -1.475632196380686475e-05
-4.990215264187858324e-02 -1.259059138499907989e-05
-4.794520547945192723e-02 -1.041153141944910948e-05
-4.598825831702536837e-02 -8.219304557389402785e-06
-4.403131115459871237e-02 -6.014073289046191809e-06
-4.207436399217215350e-02 -3.796000104653486035e-06
-4.011741682974550444e-02 -1.565247494434405696e-06
-3.816046966731893864e-02 6.734437300815983946e-07
-3.620352250489228957e-02 2.922192621246968942e-06
-3.424657534246564050e-02 5.181518374375610213e-06
-3.228962818003898450e-02 7.451129631701817754e-06
-3.033268101761242563e-02 9.730735035456774371e-06
-2.837573385518577310e-02 1.202004322787011068e-05
-2.641878669275921077e-02 1.431876285117923138e-05
-2.446183953033255823e-02 1.662660254761065591e-05
-2.250489236790590569e-02 1.894327095939711929e-05
-2.054794520547934683e-02 2.126847672877136837e-05
-1.859099804305269429e-02 2.360156893265818342e-05
-1.663405088062613196e-02 2.593964066132080845e-05
-1.467710371819948116e-02 2.828427861145379874e-05
-1.272015655577291883e-02 3.063503477981171488e-05
-1.076320939334626803e-02 3.299145230416088435e-05
-8.806262230919707432e-03 3.535306546329490567e-05
-6.849315068493054028e-03 3.771939967703470935e-05
-4.892367906066493431e-03 4.008997150622851388e-05
-2.935420743639841328e-03 4.246428865272383970e-05
-9.784735812132805150e-04 4.484184995942350834e-05
9.784735812133715880e-04 4.722214541024521512e-05
2.935420743640114981e-03 4.960988050839673668e-05
4.892367906066675577e-03 5.200933674999174561e-05
6.849315068493328114e-03 5.441472656303296824e-05
8.806262230919889578e-03 5.682617108123324011e-05
1.076320939334654038e-02 5.924381965219527318e-05
1.272015655577310271e-02 6.166784983742713291e-05
1.467710371819975351e-02 6.409846741232052701e-05
1.663405088062631584e-02 6.653590636614453073e-05
1.859099804305296838e-02 6.898042890209855004e-05
2.054794520547952724e-02 7.143232543722198731e-05
2.250489236790617978e-02 7.389191460247523122e-05
2.446183953033274211e-02 7.634004435719356815e-05
2.641878669275939465e-02 7.878231863088860660e-05
2.837573385518604718e-02 8.122458312174654768e-05
3.033268101761260604e-02 8.366634810662056381e-05
3.228962818003926205e-02 8.610712386234206206e-05
3.424657534246582091e-02 8.854642066578911083e-05
3.620352250489246998e-02 9.098374879379620718e-05
3.816046966731912599e-02 9.341861852320408231e-05
4.011741682974577505e-02 9.585054013087214279e-05
4.207436399217233391e-02 9.827902389365045753e-05
4.403131115459898992e-02 1.007040242970276908e-04
4.598825831702554878e-02 1.031450043005092244e-04
4.794520547945220479e-02 1.055866356488320340e-04
4.990215264187876365e-02 1.080289026322200696e-04
5.185909980430541272e-02 1.104717895408972270e-04
5.381604696673206872e-02 1.129152806650781049e-04
5.577299412915862759e-02 1.153593602949959504e-04
5.772994129158528359e-02 1.178040127208684657e-04
5.968688845401184245e-02 1.202492222329226907e-04
6.164383561643849152e-02 1.226949731213731836e-04
6.360078277886505038e-02 1.251412496764469978e-04
6.555772994129170639e-02 1.275805220456202962e-04
6.751467710371826525e-02 1.300001827721716807e-04
6.947162426614492126e-02 1.324133095333626805e-04
7.142857142857148012e-02 1.348193034330973040e-04
7.338551859099813612e-02 1.372175655753012709e-04
7.534246575342477825e-02 1.396074970638817067e-04
7.729941291585143426e-02 1.419884990027456555e-04
7.925636007827809026e-02 1.443599724958375666e-04
8.121330724070464913e-02 1.467350029412021562e-04
8.317025440313130513e-02 1.491058731052572178e-04
8.512720156555786399e-02 1.514713782253083866e-04
8.708414872798452000e-02 1.538314915075461413e-04
8.904109589041107886e-02 1.561861861580986460e-04
9.099804305283773487e-02 1.585354353831501723e-04
9.295499021526429373e-02 1.608792123888849377e-04
9.491193737769093586e-02 1.632121393975987788e-04
9.686888454011750860e-02 1.655307180199554727e-04
9.882583170254415073e-02 1.678389274358461805e-04
1.007827788649707096e-01 1.701362000487232587e-04
1.027397260273973656e-01 1.724219682619893262e-04
1.046966731898240216e-01 1.746956644791278831e-04
1.066536203522505805e-01 1.769567211035477281e-04
1.086105675146772365e-01 1.792046067579994761e-04
1.105675146771037953e-01 1.814392836122470860e-04
1.125244618395304513e-01 1.836598423768638177e-04
1.144814090019570935e-01 1.858657418736118421e-04
1.164383561643837495e-01 1.880564409242969416e-04
1.183953033268103083e-01 1.902313983507123764e-04
1.203522504892369643e-01 1.923900729746141371e-04
1.223091976516635232e-01 1.945319236177955110e-04
1.242661448140901792e-01 1.966540018191763925e-04
1.262230919765167381e-01 1.987557265218355617e-04
1.281800391389433802e-01 2.008374094292404450e-04
1.301369863013700501e-01 2.028983336593190810e-04
1.320939334637966089e-01 2.049377823299870132e-04
1.340508806262232511e-01 2.069550385591846671e-04
1.360078277886498099e-01 2.089493854648525229e-04
1.379647749510764798e-01 2.109201061649185378e-04
1.399217221135030387e-01 2.128664837773169578e-04
1.418786692759296808e-01 2.147878014199633531e-04
1.438356164383562397e-01 2.166833422108230321e-04
1.457925636007828818e-01 2.185523892677928898e-04
1.477495107632094684e-01 2.203942257088444684e-04
1.497064579256361938e-01 2.222081346518809243e-04
1.516634050880628637e-01 2.239933992148550974e-04
1.536203522504894226e-01 2.257246721172739823e-04
1.555772994129160647e-01 2.274146337430560274e-04
1.575342465753426235e-01 2.290667633764485527e-04
1.594911937377692657e-01 2.306798480571848524e-04
1.614481409001958245e-01 2.322526748249172850e-04
1.634050880626224944e-01 2.337840307193605235e-04
1.653620352250490533e-01 2.352727027801731336e-04
1.673189823874756954e-01 2.367174780470573199e-04
1.692759295499022543e-01 2.381171435597090259e-04
1.712328767123289242e-01 2.394704863578055198e-04
1.731898238747554830e-01 2.407762934810614474e-04
1.751467710371821251e-01 2.420333519691229601e-04
1.771037181996087673e-01 2.432404488617046770e-04
1.790606653620353539e-01 2.443963711985025684e-04
1.810176125244619960e-01 2.454999060191876683e-04
1.829745596868885549e-01 2.464537558766516281e-04
1.849315068493151970e-01 2.473331192101160879e-04
1.868884540117418669e-01 2.481362989990279944e-04
1.888454011741685090e-01 2.488608842065366555e-04
1.908023483365950679e-01 2.495044637957790734e-04
1.927592954990217378e-01 2.500646267299233127e-04
1.947162426614482966e-01 2.505389619720877273e-04
1.966731898238749388e-01 2.509250584854340392e-04
1.986301369863014976e-01 2.512205052330868907e-04
2.005870841487281397e-01 2.514228911782018239e-04
2.025440313111548096e-01 2.515298052839220751e-04
2.045009784735813685e-01 2.515388365133721239e-04
2.064579256360080106e-01 2.514475738297013868e-04
2.084148727984345695e-01 2.512536061960779282e-04
2.103718199608612394e-01 2.509320221985334733e-04
2.123287671232877982e-01 2.503672337681897933e-04
2.142857142857144404e-01 2.496621667865486522e-04
2.162426614481409992e-01 2.488125129717125815e-04
2.181996086105676413e-01 2.478139640416844743e-04
2.201565557729942280e-01 2.466622117145420880e-04
2.221135029354208701e-01 2.453529477083380805e-04
2.240704500978475122e-01 2.438818637411501822e-04
2.260273972602741821e-01 2.422446515310061957e-04
2.279843444227008242e-01 2.404370027959962111e-04
2.299412915851273831e-01 2.384987081421055207e-04
2.318982387475540252e-01 2.364142538533124248e-04
2.338551859099806118e-01 2.341653879689108142e-04
2.358121330724072540e-01 2.317492650042119135e-04
2.377690802348338128e-01 2.291630394745145600e-04
2.397260273972604550e-01 2.264038658951549152e-04
2.416829745596870138e-01 2.234688987814442576e-04
2.436399217221136837e-01 2.203552926486938390e-04
2.455968688845402426e-01 2.170602020121776144e-04
2.475538160469668847e-01 2.137124238998880268e-04
2.495107632093934436e-01 2.106419367769968396e-04
2.514677103718200857e-01 2.075525599288796099e-04
2.534246575342467556e-01 2.044574228939548917e-04
2.553816046966733144e-01 2.013696552106412658e-04
2.573385518590999843e-01 1.983024226384534768e-04
2.592954990215265432e-01 1.955030608587653488e-04
2.612524461839531575e-01 1.928598147962277260e-04
2.632093933463798274e-01 1.904000914969475441e-04
2.651663405088064973e-01 1.881512980070441530e-04
2.671232876712330562e-01 1.857250907975739422e-04
2.690802348336597261e-01 1.832374292504961987e-04
2.710371819960862849e-01 1.806964010579735264e-04
2.729941291585128993e-01 1.780751615862978142e-04
2.749510763209394582e-01 1.756313518102522488e-04
2.769080234833661280e-01 1.733463624469383784e-04
2.788649706457926869e-01 1.711892419730233819e-04
2.808219178082193568e-01 1.691820985161945044e-04
2.827788649706459712e-01 1.671320070730663741e-04
2.847358121330726410e-01 1.649961291573603613e-04
2.866927592954990889e-01 1.628213430682374249e-04
2.886497064579257588e-01 1.605856894649173227e-04
2.906066536203524286e-01 1.585546603560296917e-04
2.925636007827790430e-01 1.568992991205400266e-04
2.945205479452055464e-01 1.555258605307976874e-04
2.964774951076322163e-01 1.544842464759554022e-04
2.984344422700589416e-01 1.530702223042675200e-04
3.003913894324856115e-01 1.514185986898493839e-04
3.023483365949122259e-01 1.495168194163753930e-04
3.043052837573387293e-01 1.476851355817739367e-04
3.062622309197653436e-01 1.461387360441036799e-04
3.082191780821920135e-01 1.446652015735698049e-04
3.101761252446186834e-01 1.432530149451558498e-04
3.121330724070451312e-01 1.418603496444968139e-04
3.140900195694718011e-01 1.405135421212005931e-04
3.160469667318984155e-01 1.392125923752671874e-04
3.180039138943250854e-01 1.379301991727429439e-04
3.199608610567515332e-01 1.366776383129278839e-04
3.219178082191782031e-01 1.354568545138488934e-04
3.238747553816049285e-01 1.342495996954968965e-04
3.258317025440315429e-01 1.330488881978120967e-04
3.277886497064582683e-01 1.318641561698783088e-04
3.297455968688846606e-01 1.306995454209121464e-04
3.317025440313113860e-01 1.295678673960291632e-04
3.336594911937379448e-01 1.284608576402928497e-04
3.356164383561646702e-01 1.273785161537031787e-04
3.375733855185910626e-01 1.263208429362726185e-04
3.395303326810177880e-01 1.252878379879762867e-04
3.414872798434443468e-01 1.242795013088390387e-04
3.434442270058711277e-01 1.232842014222758928e-04
3.454011741682974646e-01 1.223021323240699369e-04
3.473581213307242455e-01 1.213395369113327068e-04
3.493150684931508043e-01 1.203964151840890306e-04
3.512720156555775297e-01 1.194727671423016118e-04
3.532289628180040886e-01 1.185685927859828916e-04
3.551859099804306474e-01 1.176781548345879480e-04
3.571428571428574283e-01 1.168016126337246836e-04
3.590998043052839872e-01 1.159418005346246128e-04
3.610567514677107126e-01 1.150987185372877357e-04
3.630136986301371049e-01 1.142723666417638036e-04
3.649706457925638303e-01 1.134627448480030650e-04
3.669275929549903892e-01 1.126495826260554044e-04
3.688845401174171146e-01 1.118343584042967603e-04
3.708414872798435069e-01 1.110264288391324758e-04
3.727984344422702323e-01 1.102257939305376549e-04
3.747553816046967912e-01 1.094324536785496349e-04
3.767123287671235721e-01 1.086464080831559746e-04
3.786692759295501309e-01 1.078987270829595433e-04
3.806262230919766898e-01 1.071858076154441500e-04
3.825831702544032487e-01 1.064942686130272888e-04
3.845401174168299741e-01 1.058241100757338420e-04
3.864970645792565329e-01 1.051753320035264590e-04
3.884540117416830918e-01 1.045479343964300493e-04
3.904109589041098727e-01 1.039218192627080448e-04
3.923679060665364315e-01 1.032896455421593529e-04
3.943248532289631569e-01 1.026574718216230887e-04
3.962818003913895493e-01 1.020252981010868381e-04
3.982387475538162747e-01 1.013931243805505874e-04
4.001956947162428335e-01 1.007715855850927600e-04
4.021526418786695589e-01 1.001756454922320214e-04
4.041095890410961178e-01 9.957970539937129636e-05
4.060665362035226766e-01 9.898376530651057130e-05
4.080234833659492910e-01 9.838782521366228745e-05
4.099804305283760164e-01 9.779695969729703797e-05
4.119373776908025753e-01 9.721239093563896711e-05
4.138943248532291341e-01 9.662782217398090980e-05
4.158512720156556930e-01 9.604325341229795650e-05
4.178082191780824184e-01 9.545868465063988564e-05
4.197651663405089772e-01 9.491885584662841831e-05
4.217221135029355361e-01 9.440897675856650662e-05
4.236790606653620950e-01 9.389909767051703615e-05
4.256360078277888759e-01 9.338921858248000691e-05
4.275929549902154347e-01 9.287933949443053644e-05
4.295499021526421601e-01 9.237104597046372353e-05
4.315068493150687190e-01 9.186327601272933940e-05
4.334637964774952779e-01 9.135550605498251404e-05
4.354207436399220033e-01 9.084773609724812991e-05
4.373776908023486176e-01 9.033996613950130456e-05
4.393346379647751765e-01 8.986601230335109695e-05
4.412915851272017354e-01 8.939562835351913962e-05
4.432485322896284607e-01 8.892524440368718228e-05
4.452054794520550196e-01 8.845486045385522495e-05
4.471624266144815785e-01 8.798483029145981590e-05
4.491193737769081373e-01 8.752062457685452540e-05
4.510763209393348627e-01 8.705641886226166257e-05
4.530332681017614216e-01 8.659221314765635851e-05
4.549902152641882025e-01 8.612800743305106801e-05
4.569471624266145393e-01 8.567715619545708083e-05
4.589041095890413202e-01 8.527653891309042416e-05
4.608610567514678791e-01 8.487592163073620871e-05
4.628180039138946045e-01 8.447530434835709727e-05
4.647749510763211633e-01 8.407468706601532304e-05
4.667318982387477222e-01 8.364658429323885167e-05
4.686888454011745031e-01 8.317020035489836711e-05
4.706457925636010620e-01 8.269381641657033732e-05
4.726027397260276208e-01 8.225290714299370910e-05
4.745596868884541797e-01 8.186689138918261908e-05
4.765166340508809051e-01 8.148087563537152907e-05
4.784735812133074639e-01 8.108725217593348725e-05
4.804305283757341893e-01 8.068322358217209047e-05
4.823874755381605817e-01 8.027919498837334292e-05
4.843444227005873071e-01 7.989067697572239696e-05
4.863013698630138659e-01 7.952095312115613473e-05
4.882583170254406468e-01 7.915122926658987249e-05
4.902152641878670392e-01 7.878150541202361026e-05
4.921722113502937646e-01 7.841178155745734803e-05
4.941291585127203234e-01 7.804205770287864457e-05
4.960861056751470488e-01 7.767997733747613947e-05
4.980430528375734411e-01 7.732519019228112302e-05
5.000000000000002220e-01 7.697040304708609301e-05
