5.000000000000000000e-01 -0.000000000000000000e+00
4.980430528375733301e-01 -2.459503158287045527e-12
4.960861056751467713e-01 -1.960960433420082289e-12
4.941291585127201569e-01 -1.845257297469000003e-12
4.921722113502935980e-01 -1.747584122290948021e-12
4.902152641878669281e-01 -1.778444409704482703e-12
4.882583170254402583e-01 -1.822957819587449579e-12
4.863013698630136994e-01 -1.867469674090777583e-12
4.843444227005870295e-01 -1.911981528594105587e-12
4.823874755381604706e-01 -2.034850298541163723e-12
4.804305283757338563e-01 -2.176343184283275358e-12
4.784735812133072974e-01 -2.317834514645748726e-12
4.765166340508806275e-01 -2.459324289628582615e-12
4.745596868884539576e-01 -2.600817175370694654e-12
4.726027397260273988e-01 -2.742306950353528947e-12
4.706457925636007844e-01 -2.883798280716001911e-12
4.686888454011742255e-01 -3.025291166458113546e-12
4.667318982387475557e-01 -3.288700929808334703e-12
4.647749510763208858e-01 -3.628109653069856859e-12
4.628180039138943269e-01 -3.967519931711018090e-12
4.608610567514677125e-01 -4.306930210352178513e-12
4.589041095890410982e-01 -4.646340488993339744e-12
4.569471624266144838e-01 -4.985750767634500975e-12
4.549902152641878139e-01 -5.325159490896022728e-12
4.530332681017612551e-01 -5.664568214157545288e-12
4.510763209393345852e-01 -6.003978492798706519e-12
4.491193737769080263e-01 -6.343390326819505613e-12
4.471624266144814119e-01 -6.682800605460666844e-12
4.452054794520548531e-01 -7.022209328722189404e-12
4.432485322896281832e-01 -7.361619607363350635e-12
4.412915851272015133e-01 -7.701028330624871580e-12
4.393346379647749544e-01 -8.040437053886394140e-12
4.373776908023483401e-01 -8.379848887907194042e-12
4.354207436399216702e-01 -9.225488577590294366e-12
4.334637964774951113e-01 -1.174693161923348004e-11
4.315068493150684414e-01 -1.426837310549702784e-11
4.295499021526418826e-01 -1.678981459176057403e-11
4.275929549902152127e-01 -1.931125452264448236e-11
4.256360078277886538e-01 -2.183269600890803017e-11
4.236790606653620395e-01 -2.435413749517157797e-11
4.217221135029353696e-01 -2.687557898143512578e-11
4.197651663405088107e-01 -2.939702046769867358e-11
4.178082191780821408e-01 -3.191846350934186087e-11
4.158512720156555265e-01 -3.443990188484612649e-11
4.138943248532289676e-01 -3.696134337110967752e-11
4.119373776908022977e-01 -3.948278485737322210e-11
4.099804305283757389e-01 -4.200422634363676667e-11
4.080234833659491245e-01 -4.452566782990031771e-11
4.060665362035224546e-01 -4.704710776078422604e-11
4.041095890410958957e-01 -4.956855080242741332e-11
4.021526418786692814e-01 -5.208999228869095790e-11
4.001956947162426670e-01 -5.461143221957486623e-11
3.982387475538159971e-01 -5.713287215045877455e-11
3.962818003913894382e-01 -5.965431674748159809e-11
3.943248532289627684e-01 -6.217575667836551288e-11
3.923679060665362095e-01 -6.469719816462905745e-11
3.904109589041095951e-01 -6.721863809551295932e-11
3.884540117416829808e-01 -6.974007958177651682e-11
3.864970645792563664e-01 -7.226152106804006139e-11
3.845401174168296965e-01 -7.478296099892396326e-11
3.825831702544031376e-01 -7.730440559594679325e-11
3.806262230919765233e-01 -7.982584708221033783e-11
3.786692759295498534e-01 -8.234728545771460991e-11
3.767123287671232945e-01 -8.486872694397815448e-11
3.747553816046966246e-01 -8.739016998562134177e-11
3.727984344422700103e-01 -8.991160991650525656e-11
3.708414872798433959e-01 -1.089939047794194057e-10
3.688845401174168370e-01 -1.472068450366996346e-10
3.669275929549902227e-01 -1.854197821832205652e-10
3.649706457925635528e-01 -2.236327208851211514e-10
3.630136986301369939e-01 -2.618456595870217376e-10
3.610567514677103240e-01 -3.000585951781630125e-10
3.590998043052837096e-01 -3.382715354354432543e-10
3.571428571428571508e-01 -3.764844741373438405e-10
3.551859099804304809e-01 -4.146974112838647711e-10
3.532289628180039220e-01 -4.529103484303857016e-10
3.512720156555772522e-01 -4.911232871322862361e-10
3.493150684931506378e-01 -5.293362242788071667e-10
3.473581213307240789e-01 -5.675491645360874085e-10
3.454011741682974646e-01 -6.057621032379879947e-10
3.434442270058707947e-01 -6.439750388291292696e-10
3.414872798434441803e-01 -6.821879775310298558e-10
3.395303326810176214e-01 -7.204009162329304420e-10
3.375733855185909515e-01 -7.586138549348310282e-10
3.356164383561643372e-01 -7.968267920813519588e-10
3.336594911937377783e-01 -8.350397307832525450e-10
3.317025440313111084e-01 -8.732526679297734755e-10
3.297455968688845496e-01 -9.114656066316740617e-10
3.277886497064578797e-01 -9.496785453335746479e-10
3.258317025440312653e-01 -9.878914824800956819e-10
3.238747553816047065e-01 -1.026104421181996268e-09
3.219178082191780366e-01 -1.064317359883896854e-09
3.199608610567514222e-01 -1.102530297030417681e-09
3.180039138943248078e-01 -1.140743235732318268e-09
3.160469667318982490e-01 -1.178956175989598406e-09
3.140900195694715791e-01 -1.217169110025360129e-09
3.121330724070449647e-01 -1.255382050282640474e-09
3.101761252446184058e-01 -1.293594987429161301e-09
3.082191780821917360e-01 -1.331807926131061887e-09
3.062622309197651216e-01 -1.370020866388342026e-09
3.043052837573385072e-01 -1.408233801979483507e-09
3.023483365949118928e-01 -1.446446740681383887e-09
3.003913894324853340e-01 -1.484659679383284473e-09
2.984344422700586641e-01 -1.522872616529805507e-09
2.964774951076320497e-01 -1.561085555231706093e-09
2.945205479452054353e-01 -1.599298492378226920e-09
2.925636007827788210e-01 -1.813501336913561418e-09
2.906066536203522066e-01 -2.198999201839429352e-09
2.886497064579256477e-01 -2.584497068320677251e-09
2.866927592954989779e-01 -2.969994931691165632e-09
2.847358121330723635e-01 -3.355492796617033565e-09
2.827788649706457491e-01 -3.740990663098281464e-09
2.808219178082191347e-01 -4.126488528024149811e-09
2.788649706457925759e-01 -4.511986392950017330e-09
2.769080234833659615e-01 -4.897484257875885677e-09
2.749510763209392916e-01 -5.282982122801754024e-09
2.729941291585126772e-01 -5.668479989283001509e-09
2.710371819960860629e-01 -6.053977854208869856e-09
2.690802348336594485e-01 -6.439475717579358237e-09
2.671232876712328896e-01 -6.824973582505225757e-09
2.651663405088062753e-01 -7.210471447431094103e-09
2.632093933463796054e-01 -7.595969312356962450e-09
2.612524461839529910e-01 -7.981467177282829970e-09
2.592954990215263766e-01 -8.366965042208699144e-09
2.573385518590997623e-01 -8.752462908689945802e-09
2.553816046966732034e-01 -9.137960773615813322e-09
2.534246575342465335e-01 -9.794844758860050990e-09
2.514677103718199191e-01 -1.069419609675243529e-08
2.495107632093933048e-01 -1.159354743464481960e-08
2.475538160469667182e-01 -1.249289877409258470e-08
2.455968688845400483e-01 -1.339225011354034814e-08
2.436399217221134617e-01 -1.429160144987735331e-08
2.416829745596868473e-01 -1.519095278932511675e-08
2.397260273972602329e-01 -1.609030412566212357e-08
2.377690802348336185e-01 -1.698965546666526615e-08
2.358121330724070319e-01 -1.788900680455765046e-08
2.338551859099803620e-01 -1.878835814245003476e-08
2.318982387475537754e-01 -1.968770948189779986e-08
2.299412915851271610e-01 -2.058706081823480668e-08
2.279843444227005467e-01 -2.148641215612719098e-08
2.260273972602739323e-01 -2.238576349557495608e-08
2.240704500978473457e-01 -2.328511483346734039e-08
2.221135029354206758e-01 -2.418446617291510218e-08
2.201565557729940892e-01 -2.508381751080748979e-08
2.181996086105674748e-01 -2.598316884869987409e-08
2.162426614481408604e-01 -2.688252018659225840e-08
2.142857142857142461e-01 -3.471993220793119708e-08
2.123287671232876039e-01 -4.824498505853242320e-08
2.103718199608609896e-01 -6.177003790913366255e-08
2.084148727984344029e-01 -7.529509075973489529e-08
2.064579256360077886e-01 -8.882014361189150551e-08
2.045009784735811742e-01 -9.844678192992497555e-08
2.025440313111545876e-01 -1.039977437034351837e-07
2.005870841487279177e-01 -1.095487054785007694e-07
1.986301369863013033e-01 -1.150996672520109644e-07
1.966731898238747167e-01 -1.206506290270765368e-07
1.947162426614481023e-01 -1.273942629503816142e-07
1.927592954990214880e-01 -1.357302058679253467e-07
1.908023483365949013e-01 -1.440661487839137149e-07
1.888454011741682315e-01 -1.524020917014574739e-07
1.868884540117415893e-01 -1.607380346158904515e-07
1.849315068493150305e-01 -1.708169379413437628e-07
1.829745596868884161e-01 -1.838941114107237063e-07
1.810176125244617740e-01 -1.969712848801036763e-07
1.790606653620352151e-01 -2.100484583510390106e-07
1.771037181996085452e-01 -2.231256318188635899e-07
1.751467710371819586e-01 -2.395138333645818133e-07
1.731898238747553720e-01 -2.660029239406788866e-07
1.712328767123286744e-01 -2.965108062317612491e-07
1.692759295499021155e-01 -3.310374802300520796e-07
1.673189823874754734e-01 -3.695829459371066894e-07
1.653620352250488590e-01 -4.104389072150794731e-07
1.634050880626222169e-01 -4.484589836898865215e-07
1.614481409001956580e-01 -4.878845340777112838e-07
1.594911937377690436e-01 -5.287155583769983960e-07
1.575342465753424015e-01 -5.709520565939693151e-07
1.555772994129158426e-01 -6.138497800131835420e-07
1.536203522504891728e-01 -6.574744542373798527e-07
1.516634050880625861e-01 -7.020944711908600031e-07
1.497064579256359163e-01 -7.477098308705131590e-07
1.477495107632093296e-01 -7.946683636384288485e-07
1.457925636007827708e-01 -8.454238855876689378e-07
1.438356164383561009e-01 -8.982553755467272123e-07
1.418786692759294865e-01 -9.531628335202698705e-07
1.399217221135028444e-01 -1.010146259503630608e-06
1.379647749510762855e-01 -1.072309669993709740e-06
1.360078277886496712e-01 -1.140413806920529806e-06
1.340508806262230290e-01 -1.212667998611982372e-06
1.320939334637964702e-01 -1.289072245068067441e-06
1.301369863013697725e-01 -1.372101120128546141e-06
1.281800391389432137e-01 -1.576827571338818309e-06
1.262230919765165438e-01 -1.856227735436652931e-06
1.242661448140899433e-01 -2.212845184279099281e-06
1.223091976516633844e-01 -2.393689224666019816e-06
1.203522504892367284e-01 -2.465204449529305877e-06
1.183953033268101279e-01 -2.479567574458613974e-06
1.164383561643834719e-01 -2.634289711889513314e-06
1.144814090019569131e-01 -2.887843839212718355e-06
1.125244618395302570e-01 -3.129868328715853991e-06
1.105675146771036566e-01 -3.390057463271829726e-06
1.086105675146770561e-01 -3.658774925893956889e-06
1.066536203522504000e-01 -3.920590893229235167e-06
1.046966731898238412e-01 -4.173001483158066603e-06
1.027397260273971852e-01 -4.451673719073685238e-06
1.007827788649705847e-01 -4.748241276658525695e-06
9.882583170254401195e-02 -5.071178862810073954e-06
9.686888454011736982e-02 -5.427576075995864322e-06
9.491193737769075545e-02 -5.820322690274517375e-06
9.295499021526411332e-02 -6.246290535456522693e-06
9.099804305283754058e-02 -6.711155024587687253e-06
8.904109589041089845e-02 -7.205775505347258184e-06
8.708414872798424244e-02 -7.726219861191547793e-06
8.512720156555768358e-02 -8.266378319014467302e-06
8.317025440313102758e-02 -8.818385397152299487e-06
8.121330724070446871e-02 -9.373380108691985429e-06
7.925636007827781271e-02 -9.945780502848780721e-06
7.729941291585125385e-02 -1.053279199900059257e-05
7.534246575342459784e-02 -1.117263370556285017e-05
7.338551859099795571e-02 -1.191500344428071737e-05
7.142857142857138297e-02 -1.276878693296280209e-05
6.947162426614474084e-02 -1.363535327651232814e-05
6.751467710371818198e-02 -1.454787995081498925e-05
6.555772994129152598e-02 -1.549469552725377662e-05
6.360078277886486997e-02 -1.646762256324175961e-05
6.164383561643831111e-02 -1.745459956737130234e-05
5.968688845401166204e-02 -1.843933062342280541e-05
5.772994129158509624e-02 -1.941386056010174711e-05
5.577299412915844717e-02 -2.040744681406305678e-05
5.381604696673188831e-02 -2.140964233127324467e-05
5.185909980430523231e-02 -2.245903350653130631e-05
4.990215264187858324e-02 -2.359315564103938961e-05
4.794520547945201744e-02 -2.482249055561767302e-05
4.598825831702536837e-02 -2.616835450899144505e-05
4.403131115459880951e-02 -2.765229380434525180e-05
4.207436399217215350e-02 -2.924158791539898471e-05
4.011741682974550444e-02 -3.091419676533116998e-05
3.816046966731884843e-02 -3.261423847605124680e-05
3.620352250489228957e-02 -3.420597738075183456e-05
3.424657534246573071e-02 -3.559060090593413886e-05
3.228962818003907470e-02 -3.693562057386238969e-05
3.033268101761251584e-02 -3.819528273573285268e-05
2.837573385518577310e-02 -3.952241007911512727e-05
2.641878669275921077e-02 -4.116986310021535377e-05
2.446183953033255823e-02 -4.323446441775689593e-05
2.250489236790599937e-02 -4.516559706761061555e-05
2.054794520547943704e-02 -4.713515566776416940e-05
1.859099804305278450e-02 -4.918376285903657404e-05
1.663405088062613196e-02 -5.131153959291861609e-05
1.467710371819948116e-02 -5.345387841009024900e-05
1.272015655577291883e-02 -5.547259486821490857e-05
1.076320939334635823e-02 -5.735008523611898295e-05
8.806262230919707432e-03 -5.906924223327788989e-05
6.849315068493054028e-03 -6.057699159902490710e-05
4.892367906066402358e-03 -6.197006377447198192e-05
2.935420743639841328e-03 -6.340158842769613408e-05
9.784735812131892252e-04 -6.491919062025233657e-05
-9.784735812133715880e-04 -6.695501908655109079e-05
-2.935420743639932401e-03 -6.930984337429159706e-05
-4.892367906066584504e-03 -7.160372710891802265e-05
-6.849315068493237041e-03 -7.380553960918830817e-05
-8.806262230919889578e-03 -7.599157822171109669e-05
-1.076320939334645017e-02 -7.813295697077159120e-05
-1.272015655577310271e-02 -8.024465879029091427e-05
-1.467710371819966331e-02 -8.222455574723229552e-05
-1.663405088062631584e-02 -8.410332752154369026e-05
-1.859099804305296838e-02 -8.583738157692069354e-05
-2.054794520547952724e-02 -8.734523065992435913e-05
-2.250489236790617978e-02 -8.869533884857542301e-05
-2.446183953033274211e-02 -9.051941402990686754e-05
-2.641878669275930097e-02 -9.226399219214731094e-05
-2.837573385518595351e-02 -9.395106543913336915e-05
-3.033268101761260604e-02 -9.558353309482168689e-05
-3.228962818003926205e-02 -9.716169414922350741e-05
-3.424657534246582091e-02 -9.868518913019733770e-05
-3.620352250489246998e-02 -1.001391051813435860e-04
-3.816046966731903578e-02 -1.015255136155483138e-04
-4.011741682974568485e-02 -1.028474125129938562e-04
-4.207436399217233391e-02 -1.040889528967827983e-04
-4.403131115459889972e-02 -1.052498303296517504e-04
-4.598825831702554878e-02 -1.063345751582214262e-04
-4.794520547945210764e-02 -1.073285663729952423e-04
-4.990215264187876365e-02 -1.082287508148146933e-04
-5.185909980430532251e-02 -1.090407841711233533e-04
-5.381604696673197852e-02 -1.097559232955507003e-04
-5.577299412915862759e-02 -1.103658400929824750e-04
-5.772994129158518645e-02 -1.108706908612792366e-04
-5.968688845401184245e-02 -1.112668411154018580e-04
-6.164383561643840131e-02 -1.115506563703073500e-04
-6.360078277886505038e-02 -1.117185021409565992e-04
-6.555772994129170639e-02 -1.117775393502005933e-04
-6.751467710371826525e-02 -1.117356053777425912e-04
-6.947162426614492126e-02 -1.115814840229475101e-04
-7.142857142857148012e-02 -1.113137775046447558e-04
-7.338551859099813612e-02 -1.109310880416594788e-04
-7.534246575342477825e-02 -1.104320178528183743e-04
-7.729941291585135099e-02 -1.098300008743951172e-04
-7.925636007827799312e-02 -1.091548989883345315e-04
-8.121330724070456586e-02 -1.083845095849578601e-04
-8.317025440313120799e-02 -1.075208266207730118e-04
-8.512720156555776685e-02 -1.065658440522872854e-04
-8.708414872798442286e-02 -1.055215558360105005e-04
-8.904109589041107886e-02 -1.044070889075936540e-04
-9.099804305283763772e-02 -1.033070344998184671e-04
-9.295499021526429373e-02 -1.021738492338771485e-04
-9.491193737769085259e-02 -1.010163813182758338e-04
-9.686888454011750860e-02 -9.984347896152068538e-05
-9.882583170254415073e-02 -9.866399037211797426e-05
-1.007827788649708067e-01 -9.748457045198555217e-05
-1.027397260273973656e-01 -9.627039389790422808e-05
-1.046966731898239245e-01 -9.505478439231626533e-05
-1.066536203522505805e-01 -9.384361517264543833e-05
-1.086105675146771393e-01 -9.264275947631623979e-05
-1.105675146771037953e-01 -9.145809054075362322e-05
-1.125244618395304513e-01 -9.029301632912762287e-05
-1.144814090019570102e-01 -8.915192981380815648e-05
-1.164383561643836523e-01 -8.804194994464735057e-05
-1.183953033268102251e-01 -8.696857820510857341e-05
-1.203522504892368672e-01 -8.593731607865477315e-05
-1.223091976516635232e-01 -8.492414602366733529e-05
-1.242661448140900821e-01 -8.391863467482435198e-05
-1.262230919765168213e-01 -8.293772039537412768e-05
-1.281800391389433802e-01 -8.198184469104089519e-05
-1.301369863013699391e-01 -8.105144906754926677e-05
-1.320939334637964979e-01 -8.013636650531606590e-05
-1.340508806262231678e-01 -7.923249025173961162e-05
-1.360078277886498932e-01 -7.834362847101240595e-05
-1.379647749510764798e-01 -7.746842853817510386e-05
-1.399217221135030387e-01 -7.660553782826796726e-05
-1.418786692759295975e-01 -7.578587617485729722e-05
-1.438356164383562397e-01 -7.501826052942543158e-05
-1.457925636007828818e-01 -7.429278555903958380e-05
-1.477495107632095517e-01 -7.361323010991827694e-05
-1.497064579256361105e-01 -7.298337302827993919e-05
-1.516634050880626694e-01 -7.230755073341665917e-05
-1.536203522504892283e-01 -7.156841132695469137e-05
-1.555772994129159814e-01 -7.079137735126650628e-05
-1.575342465753426235e-01 -7.005410208943594849e-05
-1.594911937377691824e-01 -6.942110149680202295e-05
-1.614481409001957413e-01 -6.886931971751875689e-05
-1.634050880626224944e-01 -6.835228432991640802e-05
-1.653620352250490533e-01 -6.779627628882704848e-05
-1.673189823874756121e-01 -6.722626243319070776e-05
-1.692759295499022543e-01 -6.665210569963544377e-05
-1.712328767123288131e-01 -6.611007054181761524e-05
-1.731898238747555663e-01 -6.557979486696985524e-05
-1.751467710371821251e-01 -6.506292563123766855e-05
-1.771037181996086840e-01 -6.456277271270520544e-05
-1.790606653620353539e-01 -6.407985183572875265e-05
-1.810176125244619127e-01 -6.361146690719193027e-05
-1.829745596868886381e-01 -6.314215775640608249e-05
-1.849315068493151970e-01 -6.268078005078233901e-05
-1.868884540117417559e-01 -6.222791732976640027e-05
-1.888454011741683425e-01 -6.178752805336192456e-05
-1.908023483365949846e-01 -6.135740282607549058e-05
-1.927592954990216267e-01 -6.093754164790700346e-05
-1.947162426614482966e-01 -6.052794451885656484e-05
-1.966731898238748555e-01 -6.012861143892412051e-05
-1.986301369863014143e-01 -5.973954240810969081e-05
-2.005870841487281397e-01 -5.935504395590173387e-05
-2.025440313111546986e-01 -5.897910348645482381e-05
-2.045009784735813685e-01 -5.861180739336107676e-05
-2.064579256360079274e-01 -5.825315567662054018e-05
-2.084148727984344862e-01 -5.790314833623318695e-05
-2.103718199608612394e-01 -5.756000816736871596e-05
-2.123287671232877982e-01 -5.722214719872276308e-05
-2.142857142857143571e-01 -5.689154279211067086e-05
-2.162426614481409992e-01 -5.656819494753245286e-05
-2.181996086105675581e-01 -5.625210366498810231e-05
-2.201565557729943112e-01 -5.594326894447755144e-05
-2.221135029354208701e-01 -5.563192669862944390e-05
-2.240704500978474289e-01 -5.532316945453125687e-05
-2.260273972602740711e-01 -5.501819098300154282e-05
-2.279843444227006299e-01 -5.471699128404032883e-05
-2.299412915851273831e-01 -5.441957035764760138e-05
-2.318982387475539420e-01 -5.412965229709705003e-05
-2.338551859099805008e-01 -5.385408671015651412e-05
-2.358121330724070597e-01 -5.358627565623276247e-05
-2.377690802348338128e-01 -5.332621913532580184e-05
-2.397260273972604550e-01 -5.307391714743564580e-05
-2.416829745596870138e-01 -5.282936969256229434e-05
-2.436399217221135727e-01 -5.257761354122129525e-05
-2.455968688845401593e-01 -5.232353379236989792e-05
-2.475538160469668847e-01 -5.207101278359418039e-05
-2.495107632093934436e-01 -5.182005051489416299e-05
-2.514677103718200857e-01 -5.157064698626987283e-05
-2.534246575342466445e-01 -5.132611523572408279e-05
-2.553816046966732034e-01 -5.109893333871025751e-05
-2.573385518590999843e-01 -5.087878870037589279e-05
-2.592954990215265432e-01 -5.066568132072096829e-05
-2.612524461839531575e-01 -5.045961119974551789e-05
-2.632093933463797164e-01 -5.026057833744951449e-05
-2.651663405088063308e-01 -5.004494555308644185e-05
-2.671232876712330562e-01 -4.981429794464270683e-05
-2.690802348336596150e-01 -4.957906931294506670e-05
-2.710371819960861739e-01 -4.933925965799348755e-05
-2.729941291585128438e-01 -4.912068780850494546e-05
-2.749510763209394582e-01 -4.891804608013967844e-05
-2.769080234833661280e-01 -4.872524667577344084e-05
-2.788649706457926869e-01 -4.854228959540624619e-05
-2.808219178082192458e-01 -4.835154920818158277e-05
-2.827788649706459156e-01 -4.816043061552930445e-05
-2.847358121330725300e-01 -4.797078197907893906e-05
-2.866927592954991999e-01 -4.778260329883058147e-05
-2.886497064579257588e-01 -4.759772093647185551e-05
-2.906066536203523176e-01 -4.741506394511799870e-05
-2.925636007827788765e-01 -4.723462747685259729e-05
-2.945205479452056019e-01 -4.705641153167565129e-05
-2.964774951076322163e-01 -4.688041610958717425e-05
-2.984344422700588306e-01 -4.670664121058714583e-05
-3.003913894324853895e-01 -4.653508683467558638e-05
-3.023483365949119483e-01 -4.636528451221670437e-05
-3.043052837573387293e-01 -4.619576273323259202e-05
-3.062622309197652881e-01 -4.602793909174758688e-05
-3.082191780821919025e-01 -4.586181358776168895e-05
-3.101761252446184614e-01 -4.569738622127490502e-05
-3.121330724070452423e-01 -4.553465699228718088e-05
-3.140900195694718011e-01 -4.537362590079859105e-05
-3.160469667318983600e-01 -4.521429294680910166e-05
-3.180039138943249188e-01 -4.505763913461870954e-05
-3.199608610567515332e-01 -4.490425649295730120e-05
-3.219178082191782031e-01 -4.475309988977479975e-05
-3.238747553816047620e-01 -4.460416932507122552e-05
-3.258317025440315429e-01 -4.445746479884657849e-05
-3.277886497064581017e-01 -4.431298631110085868e-05
-3.297455968688846606e-01 -4.417073386183403898e-05
-3.317025440313113860e-01 -4.403070745104612616e-05
-3.336594911937379448e-01 -4.388377094655712251e-05
-3.356164383561645037e-01 -4.373208003578643685e-05
-3.375733855185910626e-01 -4.357943366363317884e-05
-3.395303326810176214e-01 -4.342583183009736880e-05
-3.414872798434443468e-01 -4.327127453517896606e-05
-3.434442270058709057e-01 -4.311576177887803163e-05
-3.454011741682974646e-01 -4.295929356119455194e-05
-3.473581213307242455e-01 -4.280186988212850667e-05
-3.493150684931508043e-01 -4.268099302785436776e-05
-3.512720156555775297e-01 -4.257208336527969780e-05
-3.532289628180040886e-01 -4.247174436190649102e-05
-3.551859099804306474e-01 -4.237997601773471352e-05
-3.571428571428572063e-01 -4.229677833276437887e-05
-3.590998043052839872e-01 -4.218535664476989961e-05
-3.610567514677105461e-01 -4.206283206673107914e-05
-3.630136986301371049e-01 -4.193433107103437249e-05
-3.649706457925636638e-01 -4.179985365767976610e-05
-3.669275929549902227e-01 -4.165939982666725321e-05
-3.688845401174169480e-01 -4.153026082756704088e-05
-3.708414872798435069e-01 -4.140593563669328582e-05
-3.727984344422702323e-01 -4.128296412273911185e-05
-3.747553816046967912e-01 -4.116134628570448510e-05
-3.767123287671233500e-01 -4.104153394346625943e-05
-3.786692759295501309e-01 -4.092481763975528239e-05
-3.806262230919766898e-01 -4.081017850793621985e-05
-3.825831702544032487e-01 -4.069761654800910569e-05
-3.845401174168298075e-01 -4.058713175997390605e-05
-3.864970645792565329e-01 -4.047619092681661006e-05
-3.884540117416830918e-01 -4.036515765301845158e-05
-3.904109589041096506e-01 -4.025485289738398915e-05
-3.923679060665362095e-01 -4.014527665991321601e-05
-3.943248532289629904e-01 -4.003642894060613214e-05
-3.962818003913895493e-01 -3.992830973946271046e-05
-3.982387475538162747e-01 -3.982091905648300515e-05
-4.001956947162428335e-01 -3.971425689166698913e-05
-4.021526418786693924e-01 -3.960832324501466239e-05
-4.041095890410959512e-01 -3.950397952589748397e-05
-4.060665362035226766e-01 -3.940111705507601118e-05
-4.080234833659492910e-01 -3.929926785783890032e-05
-4.099804305283758499e-01 -3.919843193418617850e-05
-4.119373776908024087e-01 -3.909860928411776441e-05
-4.138943248532291341e-01 -3.899979990763372581e-05
-4.158512720156556930e-01 -3.890200380473404236e-05
-4.178082191780822519e-01 -3.880522097541872764e-05
-4.197651663405089772e-01 -3.870945141968772741e-05
-4.217221135029355361e-01 -3.861269611787163401e-05
-4.236790606653623170e-01 -3.851459285252366245e-05
-4.256360078277888759e-01 -3.841672104941219393e-05
-4.275929549902154347e-01 -3.831908070853716746e-05
-4.295499021526419936e-01 -3.822167182989861015e-05
-4.315068493150685525e-01 -3.812449441349652877e-05
-4.334637964774952779e-01 -3.802754845933090300e-05
-4.354207436399218367e-01 -3.793083396740175994e-05
-4.373776908023483956e-01 -3.783435093770909959e-05
-4.393346379647749544e-01 -3.774202075340776661e-05
-4.412915851272017354e-01 -3.765625854035015976e-05
-4.432485322896284607e-01 -3.757259771215146665e-05
-4.452054794520550196e-01 -3.749103826881166696e-05
-4.471624266144815785e-01 -3.741158021033080811e-05
-4.491193737769081373e-01 -3.733422353670884944e-05
-4.510763209393348627e-01 -3.725745705030770181e-05
-4.530332681017614216e-01 -3.717098128367753607e-05
-4.549902152641879804e-01 -3.708308885258156660e-05
-4.569471624266145393e-01 -3.699377975701982727e-05
-4.589041095890410982e-01 -3.690305399699230453e-05
-4.608610567514678791e-01 -3.681091157249901193e-05
-4.628180039138944379e-01 -3.671735248353993593e-05
-4.647749510763211633e-01 -3.663706344507868060e-05
-4.667318982387477222e-01 -3.656298416840748190e-05
-4.686888454011742811e-01 -3.649246874504645597e-05
-4.706457925636010620e-01 -3.642551717499562994e-05
-4.726027397260276208e-01 -3.636212945825499025e-05
-4.745596868884541797e-01 -3.630230559482453689e-05
-4.765166340508807385e-01 -3.622635758141010826e-05
-4.784735812133072974e-01 -3.612738105730437801e-05
-4.804305283757340228e-01 -3.602087915353936710e-05
-4.823874755381605817e-01 -3.590685187011506197e-05
-4.843444227005871405e-01 -3.581107443211377226e-05
-4.863013698630138659e-01 -3.573527030594035315e-05
-4.882583170254404248e-01 -3.566917647011463762e-05
-4.902152641878672057e-01 -3.561279292463663922e-05
-4.921722113502937646e-01 -3.554491516101481737e-05
-4.941291585127203234e-01 -3.547134194719677439e-05
-4.960861056751468823e-01 -3.539615322307945874e-05
-4.980430528375736077e-01 -3.531934898866285685e-05
-5.000000000000002220e-01 -3.524875307642934659e-05
-5.000000000000000000e-01 -3.524875307642934659e-05
-4.980430528375733301e-01 -3.518428163397463947e-05
-4.960861056751467713e-01 -3.511108075539159408e-05
-4.941291585127201569e-01 -3.503972821670355318e-05
-4.921722113502935980e-01 -3.496846450732502768e-05
-4.902152641878669281e-01 -3.489894015517164001e-05
-4.882583170254402583e-01 -3.482960051352004929e-05
-4.863013698630136994e-01 -3.476026087186845858e-05
-4.843444227005870295e-01 -3.469092123021686109e-05
-4.823874755381604706e-01 -3.462292456826452703e-05
-4.804305283757338563e-01 -3.455524703020114202e-05
-4.784735812133072974e-01 -3.448756949213774346e-05
-4.765166340508806275e-01 -3.441989195407435168e-05
-4.745596868884539576e-01 -3.435437886134231944e-05
-4.726027397260273988e-01 -3.428974127458699734e-05
-4.706457925636007844e-01 -3.422510368783168201e-05
-4.686888454011742255e-01 -3.416046610107635991e-05
-4.667318982387475557e-01 -3.409582851432104458e-05
-4.647749510763208858e-01 -3.403119092756572248e-05
-4.628180039138943269e-01 -3.396655334081040715e-05
-4.608610567514677125e-01 -3.390191575405509183e-05
-4.589041095890410982e-01 -3.383860815977486272e-05
-4.569471624266144838e-01 -3.377652825085626209e-05
-4.549902152641878139e-01 -3.371444834193766823e-05
-4.530332681017612551e-01 -3.365236843301906082e-05
-4.510763209393345852e-01 -3.359028852410046018e-05
-4.491193737769080263e-01 -3.352820861518186632e-05
-4.471624266144814119e-01 -3.346612870626326569e-05
-4.452054794520548531e-01 -3.340441984760773723e-05
-4.432485322896281832e-01 -3.334486066058508195e-05
-4.412915851272015133e-01 -3.328530147356242668e-05
-4.393346379647749544e-01 -3.322574228653977141e-05
-4.373776908023483401e-01 -3.316618309951710936e-05
-4.354207436399216702e-01 -3.310662391249445408e-05
-4.334637964774951113e-01 -3.304706472547179203e-05
-4.315068493150684414e-01 -3.298750553844914354e-05
-4.295499021526418826e-01 -3.292968092975024394e-05
-4.275929549902152127e-01 -3.287236164242250355e-05
-4.256360078277886538e-01 -3.281504235509479026e-05
-4.236790606653620395e-01 -3.275772306776705665e-05
-4.217221135029353696e-01 -3.270040378043933659e-05
-4.197651663405088107e-01 -3.264308449311160976e-05
-4.178082191780821408e-01 -3.258576520578388970e-05
-4.158512720156555265e-01 -3.252877983095208965e-05
-4.138943248532289676e-01 -3.247244189715863910e-05
-4.119373776908022977e-01 -3.241631785907884994e-05
-4.099804305283757389e-01 -3.236040771671272215e-05
-4.080234833659491245e-01 -3.230471147006026253e-05
-4.060665362035224546e-01 -3.224922911912145074e-05
-4.041095890410958957e-01 -3.219396066389630711e-05
-4.021526418786692814e-01 -3.213890610438482486e-05
-4.001956947162426670e-01 -3.208406544058700399e-05
-3.982387475538159971e-01 -3.202943867250285129e-05
-3.962818003913894382e-01 -3.197502580013234641e-05
-3.943248532289627684e-01 -3.192082682347550292e-05
-3.923679060665362095e-01 -3.186684174253233436e-05
-3.904109589041095951e-01 -3.181307055730281364e-05
-3.884540117416829808e-01 -3.175951326778694752e-05
-3.864970645792563664e-01 -3.170632718979051070e-05
-3.845401174168296965e-01 -3.165346328713667106e-05
-3.825831702544031376e-01 -3.160084442120514206e-05
-3.806262230919765233e-01 -3.154847059199594403e-05
-3.786692759295498534e-01 -3.149634179950905663e-05
-3.767123287671232945e-01 -3.144445804374450021e-05
-3.747553816046966246e-01 -3.139281932470226798e-05
-3.727984344422700103e-01 -3.134142564238235994e-05
-3.708414872798433959e-01 -3.129027699678478964e-05
-3.688845401174168370e-01 -3.123937338790951643e-05
-3.669275929549902227e-01 -3.118871481575658775e-05
-3.649706457925635528e-01 -3.113830128032597647e-05
-3.630136986301369939e-01 -3.108813278161769617e-05
-3.610567514677103240e-01 -3.103820931963172650e-05
-3.590998043052837096e-01 -3.098853089436808103e-05
-3.571428571428571508e-01 -3.093903252669453672e-05
-3.551859099804304809e-01 -3.088976409127082749e-05
-3.532289628180039220e-01 -3.084073157475309080e-05
-3.512720156555772522e-01 -3.079193497714129276e-05
-3.493150684931506378e-01 -3.074337429843546727e-05
-3.473581213307240789e-01 -3.069504953863558722e-05
-3.454011741682974646e-01 -3.064696069774167292e-05
-3.434442270058707947e-01 -3.059910777575371084e-05
-3.414872798434441803e-01 -3.055149077267171453e-05
-3.395303326810176214e-01 -3.050410968849566365e-05
-3.375733855185909515e-01 -3.045696452322557514e-05
-3.356164383561643372e-01 -3.041005527686144901e-05
-3.336594911937377783e-01 -3.036338194940327510e-05
-3.317025440313111084e-01 -3.031694454085105000e-05
-3.297455968688845496e-01 -3.027068391387811917e-05
-3.277886497064578797e-01 -3.022433146733157988e-05
-3.258317025440312653e-01 -3.017816680644149754e-05
-3.238747553816047065e-01 -3.013218993120787216e-05
-3.219178082191780366e-01 -3.008640084163068001e-05
-3.199608610567514222e-01 -3.004079953770994482e-05
-3.180039138943248078e-01 -2.999538601944568014e-05
-3.160469667318982490e-01 -2.995016028683784531e-05
-3.140900195694715791e-01 -2.990512233988645727e-05
-3.121330724070449647e-01 -2.986027217859153296e-05
-3.101761252446184058e-01 -2.981560980295305544e-05
-3.082191780821917360e-01 -2.977113521297103149e-05
-3.062622309197651216e-01 -2.972684840864545094e-05
-3.043052837573385072e-01 -2.968274938997632396e-05
-3.023483365949118928e-01 -2.963883815696365394e-05
-3.003913894324853340e-01 -2.959511470960742393e-05
-2.984344422700586641e-01 -2.955157904790764410e-05
-2.964774951076320497e-01 -2.950823117186433478e-05
-2.945205479452054353e-01 -2.946507108147745869e-05
-2.925636007827788210e-01 -2.942209877674703956e-05
-2.906066536203522066e-01 -2.937931425767306384e-05
-2.886497064579256477e-01 -2.933671752425554845e-05
-2.866927592954989779e-01 -2.929430857649447647e-05
-2.847358121330723635e-01 -2.925208741438986145e-05
-2.827788649706457491e-01 -2.921005403794169660e-05
-2.808219178082191347e-01 -2.916820844714998533e-05
-2.788649706457925759e-01 -2.912655064201471068e-05
-2.769080234833659615e-01 -2.908508062253589976e-05
-2.749510763209392916e-01 -2.904379838871353224e-05
-2.729941291585126772e-01 -2.900270394054762507e-05
-2.710371819960860629e-01 -2.896143073217185654e-05
-2.690802348336594485e-01 -2.892013750478094572e-05
-2.671232876712328896e-01 -2.887899598393836630e-05
-2.651663405088062753e-01 -2.883800616964412843e-05
-2.632093933463796054e-01 -2.879716806189822534e-05
-2.612524461839529910e-01 -2.875648166070065025e-05
-2.592954990215263766e-01 -2.871594696605142010e-05
-2.573385518590997623e-01 -2.867556397795050779e-05
-2.553816046966732034e-01 -2.863533269639794042e-05
-2.534246575342465335e-01 -2.859525312139371461e-05
-2.514677103718199191e-01 -2.855532525293782357e-05
-2.495107632093933048e-01 -2.851554909103026732e-05
-2.475538160469667182e-01 -2.847592463567103906e-05
-2.455968688845400483e-01 -2.843645188686015236e-05
-2.436399217221134617e-01 -2.839713084459760721e-05
-2.416829745596868473e-01 -2.835796150888339346e-05
-2.397260273972602329e-01 -2.831894387971752464e-05
-2.377690802348336185e-01 -2.828007795709997367e-05
-2.358121330724070319e-01 -2.824136374103077102e-05
-2.338551859099803620e-01 -2.820280123150989976e-05
-2.318982387475537754e-01 -2.816439042853735990e-05
-2.299412915851271610e-01 -2.812613133211316497e-05
-2.279843444227005467e-01 -2.808802394223730483e-05
-2.260273972602739323e-01 -2.805006825890976930e-05
-2.240704500978473457e-01 -2.801226428213057193e-05
-2.221135029354206758e-01 -2.797461201189971951e-05
-2.201565557729940892e-01 -2.793711144821719848e-05
-2.181996086105674748e-01 -2.789976259108301900e-05
-2.162426614481408604e-01 -2.786256544049716413e-05
-2.142857142857142461e-01 -2.782529601639891542e-05
-2.123287671232876039e-01 -2.778712538765703771e-05
-2.103718199608609896e-01 -2.774902370092806244e-05
-2.084148727984344029e-01 -2.771099095621198621e-05
-2.064579256360077886e-01 -2.767302715350880224e-05
-2.045009784735811742e-01 -2.763513229281851393e-05
-2.025440313111545876e-01 -2.759730637414114159e-05
-2.005870841487279177e-01 -2.755954939747666492e-05
-1.986301369863013033e-01 -2.752186136282508050e-05
-1.966731898238747167e-01 -2.748424227018640530e-05
-1.947162426614481023e-01 -2.744669211956062235e-05
-1.927592954990214880e-01 -2.740921091094775539e-05
-1.908023483365949013e-01 -2.737179864434776376e-05
-1.888454011741682315e-01 -2.733445531976068810e-05
-1.868884540117415893e-01 -2.729718093718651488e-05
-1.849315068493150305e-01 -2.725997549662523392e-05
-1.829745596868884161e-01 -2.722283899807685539e-05
-1.810176125244617740e-01 -2.718577144154137590e-05
-1.790606653620352151e-01 -2.714877282701879885e-05
-1.771037181996085452e-01 -2.711184315450912083e-05
-1.751467710371819586e-01 -2.707498242401233847e-05
-1.731898238747553720e-01 -2.703819063552846192e-05
-1.712328767123286744e-01 -2.700146778905748442e-05
-1.692759295499021155e-01 -2.696481388459941273e-05
-1.673189823874754734e-01 -2.692822892215422653e-05
-1.653620352250488590e-01 -2.689171290172195632e-05
-1.634050880626222169e-01 -2.685526582330257159e-05
-1.614481409001956580e-01 -2.681888768689609607e-05
-1.594911937377690436e-01 -2.678257849250251620e-05
-1.575342465753424015e-01 -2.674633824012183876e-05
-1.555772994129158426e-01 -2.485517183575427274e-05
-1.536203522504891728e-01 -2.539849294049572711e-05
-1.516634050880625861e-01 -2.547965498899991811e-05
-1.497064579256359163e-01 -2.547389103732206961e-05
-1.477495107632093296e-01 -2.542549378853925065e-05
-1.457925636007827708e-01 -2.535319689983768474e-05
-1.438356164383561009e-01 -2.527269072653854514e-05
-1.418786692759294865e-01 -2.517342054772582204e-05
-1.399217221135028444e-01 -2.506795253470833843e-05
-1.379647749510762855e-01 -2.494623274952534277e-05
-1.360078277886496712e-01 -2.482039046989212351e-05
-1.340508806262230290e-01 -2.467291448679179025e-05
-1.320939334637964702e-01 -2.451082043106101699e-05
-1.301369863013697725e-01 -2.433410830269990875e-05
-1.281800391389432137e-01 -2.414477909560087387e-05
-1.262230919765165438e-01 -2.395222670197788954e-05
-1.242661448140899433e-01 -2.374998203263407412e-05
-1.223091976516633844e-01 -2.353804508756942421e-05
-1.203522504892367284e-01 -2.331502454651087041e-05
-1.183953033268101279e-01 -2.307057978363513480e-05
-1.164383561643834719e-01 -2.281151473220163420e-05
-1.144814090019569131e-01 -2.253782939221036521e-05
-1.125244618395302570e-01 -2.224907537821428364e-05
-1.105675146771036566e-01 -2.193891865912471560e-05
-1.086105675146770561e-01 -2.161136745752615176e-05
-1.066536203522504000e-01 -2.126642177341859214e-05
-1.046966731898238412e-01 -2.090362996210071996e-05
-1.027397260273971852e-01 -2.049453004560039185e-05
-1.007827788649705847e-01 -2.004886568098721651e-05
-9.882583170254401195e-02 -1.956286190089007217e-05
-9.686888454011736982e-02 -1.903274373793782689e-05
-9.491193737769075545e-02 -1.849042579291495524e-05
-9.295499021526411332e-02 -1.792180460151923050e-05
-9.099804305283754058e-02 -1.732705253639462955e-05
-8.904109589041089845e-02 -1.670726181234446974e-05
-8.708414872798424244e-02 -1.608003699103887905e-05
-8.512720156555768358e-02 -1.544322520133532007e-05
-8.317025440313102758e-02 -1.479917296500348870e-05
-8.121330724070446871e-02 -1.415140691985443088e-05
-7.925636007827781271e-02 -1.344376757459949884e-05
-7.729941291585125385e-02 -1.268524960054721086e-05
-7.534246575342459784e-02 -1.187716234912761576e-05
-7.338551859099795571e-02 -1.101348098773874089e-05
-7.142857142857138297e-02 -1.010641652622738636e-05
-6.947162426614474084e-02 -9.150452802910718380e-06
-6.751467710371818198e-02 -8.139442597018237244e-06
-6.555772994129152598e-02 -7.070543250601360656e-06
-6.360078277886486997e-02 -5.944565227578144856e-06
-6.164383561643831111e-02 -4.760165653064514683e-06
-5.968688845401166204e-02 -3.515251751398577739e-06
-5.772994129158509624e-02 -2.208783222023322044e-06
-5.577299412915844717e-02 -8.739318981730805889e-07
-5.381604696673188831e-02 4.700599247733814248e-07
-5.185909980430523231e-02 1.817566418910933873e-06
-4.990215264187858324e-02 3.150309399656965994e-06
-4.794520547945201744e-02 4.515851274681605186e-06
-4.598825831702536837e-02 5.935256752677845297e-06
-4.403131115459880951e-02 7.381379540667024117e-06
-4.207436399217215350e-02 8.854418525832134963e-06
-4.011741682974550444e-02 1.035462646883112886e-05
-3.816046966731884843e-02 1.188224204538021983e-05
-3.620352250489228957e-02 1.343745001250110472e-05
-3.424657534246573071e-02 1.502046339424797863e-05
-3.228962818003907470e-02 1.664698179153336621e-05
-3.033268101761251584e-02 1.833290253067169196e-05
-2.837573385518577310e-02 2.007287376118047109e-05
-2.641878669275921077e-02 2.187170621150412938e-05
-2.446183953033255823e-02 2.372820074198441674e-05
-2.250489236790599937e-02 2.563902907925769516e-05
-2.054794520547943704e-02 2.761188338342855148e-05
-1.859099804305278450e-02 2.964953049962084576e-05
-1.663405088062613196e-02 3.174241425219207402e-05
-1.467710371819948116e-02 3.387122351148274066e-05
-1.272015655577291883e-02 3.604651792881645949e-05
-1.076320939334635823e-02 3.826618767660377974e-05
-8.806262230919707432e-03 4.050728462497084651e-05
-6.849315068493054028e-03 4.271826843150562035e-05
-4.892367906066402358e-03 4.491441451106803836e-05
-2.935420743639841328e-03 4.708381919375584243e-05
-9.784735812131892252e-04 4.916658216383946398e-05
9.784735812133715880e-04 5.097433409770831046e-05
2.935420743639932401e-03 5.250890707879729362e-05
4.892367906066584504e-03 5.368877349644973681e-05
6.849315068493237041e-03 5.466758427117755174e-05
8.806262230919889578e-03 5.643846300486754996e-05
1.076320939334645017e-02 5.855987741916327850e-05
1.272015655577310271e-02 6.062683645797062852e-05
1.467710371819966331e-02 6.259653865012384860e-05
1.663405088062631584e-02 6.448068720385858926e-05
1.859099804305296838e-02 6.623904183450320159e-05
2.054794520547952724e-02 6.797743075588785799e-05
2.250489236790617978e-02 6.966909049632218716e-05
2.446183953033274211e-02 7.130860035325898389e-05
2.641878669275930097e-02 7.289567257996722399e-05
2.837573385518595351e-02 7.442391945190086216e-05
3.033268101761260604e-02 7.588911304515306359e-05
3.228962818003926205e-02 7.729437575047412004e-05
3.424657534246582091e-02 7.863970756785783800e-05
3.620352250489246998e-02 7.992510849731195596e-05
3.816046966731903578e-02 8.110280292694887030e-05
4.011741682974568485e-02 8.219526439591941897e-05
4.207436399217233391e-02 8.320819364760825029e-05
4.403131115459889972e-02 8.414159068201384638e-05
4.598825831702554878e-02 8.498791794277496482e-05
4.794520547945210764e-02 8.570492668139729879e-05
4.990215264187876365e-02 8.632340908144773260e-05
5.185909980430532251e-02 8.684336514293248687e-05
5.381604696673197852e-02 8.726479486584689952e-05
5.577299412915862759e-02 8.757547869849295532e-05
5.772994129158518645e-02 8.776526434339358034e-05
5.968688845401184245e-02 8.784606599134841165e-05
6.164383561643840131e-02 8.781788364235278718e-05
6.360078277886505038e-02 8.768071729640981046e-05
6.555772994129170639e-02 8.744531331953793115e-05
6.751467710371826525e-02 8.711221593080279498e-05
6.947162426614492126e-02 8.668024740634796199e-05
7.142857142857148012e-02 8.615097498843607643e-05
7.338551859099813612e-02 8.552580676212194314e-05
7.534246575342477825e-02 8.479995708053686529e-05
7.729941291585135099e-02 8.397770681326427499e-05
7.925636007827799312e-02 8.305996173663848011e-05
8.121330724070456586e-02 8.204762762699380207e-05
8.317025440313120799e-02 8.096885372846077047e-05
8.512720156555776685e-02 7.989066094693795031e-05
8.708414872798442286e-02 7.878306066108674375e-05
8.904109589041107886e-02 7.765731376700579097e-05
9.099804305283763772e-02 7.652468116079999343e-05
9.295499021526429373e-02 7.535026463520115147e-05
9.491193737769085259e-02 7.412493980973525317e-05
9.686888454011750860e-02 7.287290641531983873e-05
9.882583170254415073e-02 7.159694611866736236e-05
1.007827788649708067e-01 7.033083805605489034e-05
1.027397260273973656e-01 6.913823878345325710e-05
1.046966731898239245e-01 6.799704394118659260e-05
1.066536203522505805e-01 6.692164708929929041e-05
1.086105675146771393e-01 6.591076218601828987e-05
1.105675146771037953e-01 6.484308567289644610e-05
1.125244618395304513e-01 6.378374033023214557e-05
1.144814090019570102e-01 6.272838610670087829e-05
1.164383561643836523e-01 6.168284497713867034e-05
1.183953033268102251e-01 6.067083446062403320e-05
1.203522504892368672e-01 5.967901104936567557e-05
1.223091976516635232e-01 5.870857364325502976e-05
1.242661448140900821e-01 5.777078377415684749e-05
1.262230919765168213e-01 5.687824727771360471e-05
1.281800391389433802e-01 5.602887614067603405e-05
1.301369863013699391e-01 5.522728828641740073e-05
1.320939334637964979e-01 5.441270161244430383e-05
1.340508806262231678e-01 5.356617661153200750e-05
1.360078277886498932e-01 5.269743578503691556e-05
1.379647749510764798e-01 5.179585884955880120e-05
1.399217221135030387e-01 5.113505859347158416e-05
1.418786692759295975e-01 5.061081333911901427e-05
1.438356164383562397e-01 5.004820449094595164e-05
1.457925636007828818e-01 4.936449851186480112e-05
1.477495107632095517e-01 4.864096151754853926e-05
1.497064579256361105e-01 4.792815589044489339e-05
1.516634050880626694e-01 4.720692009995646583e-05
1.536203522504892283e-01 4.658148911590968025e-05
1.555772994129159814e-01 4.600979271766944664e-05
1.575342465753426235e-01 4.545413256953183820e-05
1.594911937377691824e-01 4.489416887589061473e-05
1.614481409001957413e-01 4.433919588278563564e-05
1.634050880626224944e-01 4.380802125795584960e-05
1.653620352250490533e-01 4.329188854402722409e-05
1.673189823874756121e-01 4.279398877160230964e-05
1.692759295499022543e-01 4.231285728570824000e-05
1.712328767123288131e-01 4.182424554556441582e-05
1.731898238747555663e-01 4.133747717800233972e-05
1.751467710371821251e-01 4.087934985880001785e-05
1.771037181996086840e-01 4.045416368276112082e-05
1.790606653620353539e-01 4.004789101604380887e-05
1.810176125244619127e-01 3.964005592430476494e-05
1.829745596868886381e-01 3.923168208737717096e-05
1.849315068493151970e-01 3.882107428304405083e-05
1.868884540117417559e-01 3.841046647871248246e-05
1.888454011741683425e-01 3.805003942492047133e-05
1.908023483365949846e-01 3.769359277177333046e-05
1.927592954990216267e-01 3.731337129514359730e-05
1.947162426614482966e-01 3.692083184617966533e-05
1.966731898238748555e-01 3.657349800522427486e-05
1.986301369863014143e-01 3.629659774566902186e-05
2.005870841487281397e-01 3.600792877435014225e-05
2.025440313111546986e-01 3.563544512520407765e-05
2.045009784735813685e-01 3.526296147605801983e-05
2.064579256360079274e-01 3.494802196965505651e-05
2.084148727984344862e-01 3.464281538997135407e-05
2.103718199608612394e-01 3.434352314021633349e-05
2.123287671232877982e-01 3.404557950473727777e-05
2.142857142857143571e-01 3.376354131861824143e-05
2.162426614481409992e-01 3.348616593923405796e-05
2.181996086105675581e-01 3.320879055985453656e-05
2.201565557729943112e-01 3.293141518047190485e-05
2.221135029354208701e-01 3.266517564911491559e-05
2.240704500978474289e-01 3.240390950745695878e-05
2.260273972602740711e-01 3.214264336579589166e-05
2.279843444227006299e-01 3.188165052652174470e-05
2.299412915851273831e-01 3.163605174565523926e-05
2.318982387475539420e-01 3.139045296479185091e-05
2.338551859099805008e-01 3.114485418392845577e-05
2.358121330724070597e-01 3.090445900208115638e-05
2.377690802348338128e-01 3.067400381538944935e-05
2.397260273972604550e-01 3.044354862869774571e-05
2.416829745596870138e-01 3.021309344200603868e-05
2.436399217221135727e-01 2.998660751784828764e-05
2.455968688845401593e-01 2.976435660354767395e-05
2.475538160469668847e-01 2.954483434930890826e-05
2.495107632093934436e-01 2.932804075513665602e-05
2.514677103718200857e-01 2.911397582102468986e-05
2.534246575342466445e-01 2.890263954697768538e-05
2.553816046966732034e-01 2.869403193299252213e-05
2.573385518590999843e-01 2.848769693793287488e-05
2.592954990215265432e-01 2.828288692973752026e-05
2.612524461839531575e-01 2.808043642505529347e-05
2.632093933463797164e-01 2.788034542388774626e-05
2.651663405088063308e-01 2.768261392623332686e-05
2.671232876712330562e-01 2.748724193209358706e-05
2.690802348336596150e-01 2.729422944146386816e-05
2.710371819960861739e-01 2.710357645434882884e-05
2.729941291585128438e-01 2.691909384089827251e-05
2.749510763209394582e-01 2.673799835049599433e-05
2.769080234833661280e-01 2.656020218464441644e-05
2.788649706457926869e-01 2.638570534334198030e-05
2.808219178082192458e-01 2.621450782659335476e-05
2.827788649706459156e-01 2.604660963439231919e-05
2.847358121330725300e-01 2.588201076673731169e-05
2.866927592954991999e-01 2.571476810435201183e-05
2.886497064579257588e-01 2.554535242519042734e-05
2.906066536203523176e-01 2.537685817452487008e-05
2.925636007827788765e-01 2.520928535235067799e-05
2.945205479452056019e-01 2.504263395867251652e-05
2.964774951076322163e-01 2.487690399348727537e-05
2.984344422700588306e-01 2.471209545679495115e-05
3.003913894324853895e-01 2.455339863587010916e-05
3.023483365949119483e-01 2.441214263840387494e-05
3.043052837573387293e-01 2.427668336072450603e-05
3.062622309197652881e-01 2.414702080283666788e-05
3.082191780821919025e-01 2.402315496473103298e-05
3.101761252446184614e-01 2.388865736209549851e-05
3.121330724070452423e-01 2.374367331840789822e-05
3.140900195694718011e-01 2.359505809903133703e-05
3.160469667318983600e-01 2.344281170397359072e-05
3.180039138943249188e-01 2.328797230163915735e-05
3.199608610567515332e-01 2.315933858128404869e-05
3.219178082191782031e-01 2.303790457043557098e-05
3.238747553816047620e-01 2.292367026909683116e-05
3.258317025440315429e-01 2.281663567726783260e-05
3.277886497064581017e-01 2.269828218772005496e-05
3.297455968688846606e-01 2.254940029227356818e-05
3.317025440313113860e-01 2.239031303045464641e-05
3.336594911937379448e-01 2.223140195304178167e-05
3.356164383561645037e-01 2.210790325861208155e-05
3.375733855185910626e-01 2.199815407080455782e-05
3.395303326810176214e-01 2.190010251683684398e-05
3.414872798434443468e-01 2.178609868056623555e-05
3.434442270058709057e-01 2.167209484429407198e-05
3.454011741682974646e-01 2.155809100802502209e-05
3.473581213307242455e-01 2.144469774635312712e-05
3.493150684931508043e-01 2.133136076140088193e-05
3.512720156555775297e-01 2.121802377644863675e-05
3.532289628180040886e-01 2.111056127947817613e-05
3.551859099804306474e-01 2.100509080551344793e-05
3.571428571428572063e-01 2.089962033155027488e-05
3.590998043052839872e-01 2.079414985758710522e-05
3.610567514677105461e-01 2.068867938362393218e-05
3.630136986301371049e-01 2.058320890966075913e-05
3.649706457925636638e-01 2.048014784213392133e-05
3.669275929549902227e-01 2.038056691791390398e-05
3.688845401174169480e-01 2.028098599369388663e-05
3.708414872798435069e-01 2.018140506947387267e-05
3.727984344422702323e-01 2.008182414525385532e-05
3.747553816046967912e-01 1.998224322103383797e-05
3.767123287671233500e-01 1.988307197923631494e-05
3.786692759295501309e-01 1.978922686083732914e-05
3.806262230919766898e-01 1.969538174243679157e-05
3.825831702544032487e-01 1.960153662403469547e-05
3.845401174168298075e-01 1.950769150563571306e-05
3.864970645792565329e-01 1.941384638723517211e-05
3.884540117416830918e-01 1.932000126883463454e-05
3.904109589041096506e-01 1.922771080048786297e-05
3.923679060665362095e-01 1.913650392230962285e-05
3.943248532289629904e-01 1.904589629159699670e-05
3.962818003913895493e-01 1.895588790835153967e-05
3.982387475538162747e-01 1.886647877257169661e-05
4.001956947162428335e-01 1.877766888425901930e-05
4.021526418786693924e-01 1.868945824341195595e-05
4.041095890410959512e-01 1.860184685003361349e-05
4.060665362035226766e-01 1.851483470412088839e-05
4.080234833659492910e-01 1.842842180567377388e-05
4.099804305283758499e-01 1.834260815469382849e-05
4.119373776908024087e-01 1.825739375117949368e-05
4.138943248532291341e-01 1.817281189667674528e-05
4.158512720156556930e-01 1.808941355320148575e-05
4.178082191780822519e-01 1.800670401027119522e-05
4.197651663405089772e-01 1.792468326788120825e-05
4.217221135029355361e-01 1.784335132603463513e-05
4.236790606653623170e-01 1.776270818473458618e-05
4.256360078277888759e-01 1.768275384397639593e-05
4.275929549902154347e-01 1.760348830375850924e-05
4.295499021526419936e-01 1.752491156408870186e-05
4.315068493150685525e-01 1.744702362495763949e-05
4.334637964774952779e-01 1.736982448637310129e-05
4.354207436399218367e-01 1.729331414833042518e-05
4.373776908023483956e-01 1.721749261083271469e-05
4.393346379647749544e-01 1.714205358557561250e-05
4.412915851272017354e-01 1.706672537885158485e-05
4.432485322896284607e-01 1.699196350999042777e-05
4.452054794520550196e-01 1.691776797898747581e-05
4.471624266144815785e-01 1.684413878584894956e-05
4.491193737769081373e-01 1.677107593057173873e-05
4.510763209393348627e-01 1.669857941315583993e-05
4.530332681017614216e-01 1.662664923359814624e-05
4.549902152641879804e-01 1.655528539190332651e-05
4.569471624266145393e-01 1.648448788807137396e-05
4.589041095890410982e-01 1.641425672209762313e-05
4.608610567514678791e-01 1.634459189398674626e-05
4.628180039138944379e-01 1.627549340373873657e-05
4.647749510763211633e-01 1.620897809463166264e-05
4.667318982387477222e-01 1.614422572457864641e-05
4.686888454011742811e-01 1.608046557440567318e-05
4.706457925636010620e-01 1.601769764410962586e-05
4.726027397260276208e-01 1.595592193369828701e-05
4.745596868884541797e-01 1.589513844316854291e-05
4.765166340508807385e-01 1.583534717251883843e-05
4.784735812133072974e-01 1.577654812175228725e-05
4.804305283757340228e-01 1.571874129086577569e-05
4.823874755381605817e-01 1.566192667985930373e-05
4.843444227005871405e-01 1.560610428873287139e-05
4.863013698630138659e-01 1.555127411749425442e-05
4.882583170254404248e-01 1.549696390057925613e-05
4.902152641878672057e-01 1.542834191034652365e-05
4.921722113502937646e-01 1.535841575480055918e-05
4.941291585127203234e-01 1.528718543394602138e-05
4.960861056751468823e-01 1.521465094777824988e-05
4.980430528375736077e-01 1.514081229629879646e-05
5.000000000000002220e-01 1.506566947950766280e-05
