5.000000000000000000e-01 1.000000000000000000e+00 0.000000000000000000e+00
4.980430528375733301e-01 9.999999992391330750e-01 7.608667282431724918e-10
4.960861056751467713e-01 9.999999989584154036e-01 1.041584543562548193e-09
4.941291585127201569e-01 9.999999987474263996e-01 1.252573722190395742e-09
4.921722113502935980e-01 9.999999985398020375e-01 1.460197981853839222e-09
4.902152641878669281e-01 9.999999983527447789e-01 1.647255115410577312e-09
4.882583170254402583e-01 9.999999981678717731e-01 1.832128129380762154e-09
4.863013698630136994e-01 9.999999979829987673e-01 2.017001143350947203e-09
4.843444227005870295e-01 9.999999977981255395e-01 2.201874157321132459e-09
4.823874755381604706e-01 9.999999975840734301e-01 2.415926243473854740e-09
4.804305283757338563e-01 9.999999973630875338e-01 2.636911970541238785e-09
4.784735812133072974e-01 9.999999971421020817e-01 2.857897697608622003e-09
4.765166340508806275e-01 9.999999969211164075e-01 3.078883424676005635e-09
4.745596868884539576e-01 9.999999967001307333e-01 3.299869151743390094e-09
4.726027397260273988e-01 9.999999964791449480e-01 3.520854878810773311e-09
4.706457925636007844e-01 9.999999962581591628e-01 3.741840605878158184e-09
4.686888454011742255e-01 9.999999960371733776e-01 3.962826332945540575e-09
4.667318982387475557e-01 9.999999957034280129e-01 4.296572223925824981e-09
4.647749510763208858e-01 9.999999952993905428e-01 4.700610165137522680e-09
4.628180039138943269e-01 9.999999948953530726e-01 5.104648106349220379e-09
4.608610567514677125e-01 9.999999944913156025e-01 5.508686047560918079e-09
4.589041095890410982e-01 9.999999940872781323e-01 5.912723988772615778e-09
4.569471624266144838e-01 9.999999936832407732e-01 6.316761929984314305e-09
4.549902152641878139e-01 9.999999932792034141e-01 6.720799871196012004e-09
4.530332681017612551e-01 9.999999928751658329e-01 7.124837812407711358e-09
4.510763209393345852e-01 9.999999924711284738e-01 7.528875753619408230e-09
4.491193737769080263e-01 9.999999920670908926e-01 7.932913694831106757e-09
4.471624266144814119e-01 9.999999916630535335e-01 8.336951636042806938e-09
4.452054794520548531e-01 9.999999912590161744e-01 8.740989577254503810e-09
4.432485322896281832e-01 9.999999908549788152e-01 9.145027518466200682e-09
4.412915851272015133e-01 9.999999904509412341e-01 9.549065459677900863e-09
4.393346379647749544e-01 9.999999900469038749e-01 9.953103400889597735e-09
4.373776908023483401e-01 9.999999896428661827e-01 1.035714134210129461e-08
4.354207436399217812e-01 9.999999890106922029e-01 1.098931531796472633e-08
4.334637964774951113e-01 9.999999876233065521e-01 1.237669823612357821e-08
4.315068493150685525e-01 9.999999862359211233e-01 1.376408115428242513e-08
4.295499021526418826e-01 9.999999848485354725e-01 1.515146407244127205e-08
4.275929549902152127e-01 9.999999834611499328e-01 1.653884699060010242e-08
4.256360078277886538e-01 9.999999820737641709e-01 1.792622990875895265e-08
4.236790606653620395e-01 9.999999806863787422e-01 1.931361282691779295e-08
4.217221135029353696e-01 9.999999792989930913e-01 2.070099574507664318e-08
4.197651663405088107e-01 9.999999779116074405e-01 2.208837866323547355e-08
4.178082191780821408e-01 9.999999765242217897e-01 2.347576158139431716e-08
4.158512720156555820e-01 9.999999751368364720e-01 2.486314449955316739e-08
4.138943248532289676e-01 9.999999737494507102e-01 2.625052741771200769e-08
4.119373776908024087e-01 9.999999723620650594e-01 2.763791033587085460e-08
4.099804305283757389e-01 9.999999709746794085e-01 2.902529325402970152e-08
4.080234833659490690e-01 9.999999695872939798e-01 3.041267617218854844e-08
4.060665362035225101e-01 9.999999681999083290e-01 3.180005909034737550e-08
4.041095890410958957e-01 9.999999668125227892e-01 3.318744200850622242e-08
4.021526418786692814e-01 9.999999654251370274e-01 3.457482492666506934e-08
4.001956947162426670e-01 9.999999640377515986e-01 3.596220784482391626e-08
3.982387475538160526e-01 9.999999626503659478e-01 3.734959076298276317e-08
3.962818003913894382e-01 9.999999612629804080e-01 3.873697368114159024e-08
3.943248532289627684e-01 9.999999598755946462e-01 4.012435659930044378e-08
3.923679060665362095e-01 9.999999584882093284e-01 4.151173951745929069e-08
3.904109589041095951e-01 9.999999571008235666e-01 4.289912243561813099e-08
3.884540117416829808e-01 9.999999557134380268e-01 4.428650535377697791e-08
3.864970645792563664e-01 9.999999543260522650e-01 4.567388827193581821e-08
3.845401174168296965e-01 9.999999529386669472e-01 4.706127119009465851e-08
3.825831702544031376e-01 9.999999515512811854e-01 4.844865410825349881e-08
3.806262230919765233e-01 9.999999501638956456e-01 4.983603702641234573e-08
3.786692759295499089e-01 9.999999487765098838e-01 5.122341994457117941e-08
3.767123287671232945e-01 9.999999473891245660e-01 5.261080286273001971e-08
3.747553816046966246e-01 9.999999460017388042e-01 5.399818578088886663e-08
3.727984344422700658e-01 9.999999446143532644e-01 5.538556869904771355e-08
3.708414872798433959e-01 9.999999371891785671e-01 6.281074214460068322e-08
3.688845401174168370e-01 9.999999227893168197e-01 7.721060464766118606e-08
3.669275929549902227e-01 9.999999083894550722e-01 9.161046715072190065e-08
3.649706457925635528e-01 9.999998939895933248e-01 1.060103296537824697e-07
3.630136986301369939e-01 9.999998795897315773e-01 1.204101921568427210e-07
3.610567514677103240e-01 9.999998651898696078e-01 1.348100546599033165e-07
3.590998043052837096e-01 9.999998507900079714e-01 1.492099171629639914e-07
3.571428571428571508e-01 9.999998363901461129e-01 1.636097796660241633e-07
3.551859099804305364e-01 9.999998219902845875e-01 1.780096421690848382e-07
3.532289628180039220e-01 9.999998075904226180e-01 1.924095046721453808e-07
3.512720156555772522e-01 9.999997931905606485e-01 2.068093671752059233e-07
3.493150684931506933e-01 9.999997787906991231e-01 2.212092296782663600e-07
3.473581213307240789e-01 9.999997643908372646e-01 2.356090921813269290e-07
3.454011741682974646e-01 9.999997499909756282e-01 2.500089546843874450e-07
3.434442270058708502e-01 9.999997355911136587e-01 2.644088171874480405e-07
3.414872798434442358e-01 9.999997211912518003e-01 2.788086796905084772e-07
3.395303326810176214e-01 9.999997067913901638e-01 2.932085421935689138e-07
3.375733855185909515e-01 9.999996923915284164e-01 3.076084046966295623e-07
3.356164383561643927e-01 9.999996779916667800e-01 3.220082671996898930e-07
3.336594911937377783e-01 9.999996635918046994e-01 3.364081297027504356e-07
3.317025440313111639e-01 9.999996491919431740e-01 3.508079922058110310e-07
3.297455968688845496e-01 9.999996347920813156e-01 3.652078547088716265e-07
3.277886497064578797e-01 9.999996203922194571e-01 3.796077172119319573e-07
3.258317025440313208e-01 9.999996059923579317e-01 3.940075797149924998e-07
3.238747553816047065e-01 9.999995915924958512e-01 4.084074422180531483e-07
3.219178082191780921e-01 9.999995771926342147e-01 4.228073047211135320e-07
3.199608610567514777e-01 9.999995627927724673e-01 4.372071672241740216e-07
3.180039138943248078e-01 9.999995483929106088e-01 4.516070297272346171e-07
3.160469667318981934e-01 9.999995339930489724e-01 4.660068922302953184e-07
3.140900195694715791e-01 9.999995195931870029e-01 4.804067547333554374e-07
3.121330724070450202e-01 9.999995051933252554e-01 4.948066172364160858e-07
3.101761252446184058e-01 9.999994907934635080e-01 5.092064797394767343e-07
3.082191780821917915e-01 9.999994763936017605e-01 5.236063422425369592e-07
3.062622309197651771e-01 9.999994619937401241e-01 5.380062047455976076e-07
3.043052837573385072e-01 9.999994475938780436e-01 5.524060672486580442e-07
3.023483365949118928e-01 9.999994331940165182e-01 5.668059297517187985e-07
3.003913894324853340e-01 9.999994187941546597e-01 5.812057922547792352e-07
2.984344422700587196e-01 9.999994043942928013e-01 5.956056547578395660e-07
2.964774951076321052e-01 9.999993899944312759e-01 6.100055172609003203e-07
2.945205479452054909e-01 9.999993755945690843e-01 6.244053797639606510e-07
2.925636007827788210e-01 9.999993611947075589e-01 6.388052422670210877e-07
2.906066536203522066e-01 9.999993467948457004e-01 6.532051047700819479e-07
2.886497064579256477e-01 9.999993323949839530e-01 6.676049672731423845e-07
2.866927592954990334e-01 9.999993179951223166e-01 6.820048297762026094e-07
2.847358121330724190e-01 9.999993035952603471e-01 6.964046922792632579e-07
2.827788649706457491e-01 9.999992891953985996e-01 7.108045547823236945e-07
2.808219178082191902e-01 9.999992747955368522e-01 7.252044172853843429e-07
2.788649706457925759e-01 9.999992603956749937e-01 7.396042797884447796e-07
2.769080234833659615e-01 9.999992459958133573e-01 7.540041422915054280e-07
2.749510763209393471e-01 9.999992315959513878e-01 7.684040047945658647e-07
2.729941291585127328e-01 9.999992171960897513e-01 7.828038672976260896e-07
2.710371819960860629e-01 9.999992027962278929e-01 7.972037298006867380e-07
2.690802348336594485e-01 9.999991883963661454e-01 8.116035923037473864e-07
2.671232876712328896e-01 9.999991739965045090e-01 8.260034548068079289e-07
2.651663405088062753e-01 9.999991595966424285e-01 8.404033173098684715e-07
2.632093933463796609e-01 9.999991451967809031e-01 8.548031798129289081e-07
2.612524461839529910e-01 9.999991307969190446e-01 8.692030423159895566e-07
2.592954990215264321e-01 9.999991163970571861e-01 8.836029048190498873e-07
2.573385518590997623e-01 9.999991019971956607e-01 8.980027673221103240e-07
2.553816046966732034e-01 9.999990875973335802e-01 9.124026298251708665e-07
2.534246575342465890e-01 9.999990731974719438e-01 9.268024923282313032e-07
2.514677103718199747e-01 9.999990587976101963e-01 9.412023548312919516e-07
2.495107632093933048e-01 9.999990443977483379e-01 9.556022173343523883e-07
2.475538160469667182e-01 9.999990299978867014e-01 9.700020798374130367e-07
2.455968688845401038e-01 9.999990155980247319e-01 9.844019423404736851e-07
2.436399217221134617e-01 9.999990011981630955e-01 9.988018048435339100e-07
2.416829745596868750e-01 9.999989155067214863e-01 1.084493246578787156e-06
2.397260273972602884e-01 9.999988242840367469e-01 1.175715931530333157e-06
2.377690802348336740e-01 9.999987330613517855e-01 1.266938616481880429e-06
2.358121330724070319e-01 9.999986418386671572e-01 1.358161301433427276e-06
2.338551859099804175e-01 9.999985506159823068e-01 1.449383986384974124e-06
2.318982387475538032e-01 9.999984593932976784e-01 1.540606671336520761e-06
2.299412915851271610e-01 9.999983681706128280e-01 1.631829356288067397e-06
2.279843444227006022e-01 9.999982769479281997e-01 1.723052041239611704e-06
2.260273972602739878e-01 9.999981857252433493e-01 1.814274726191158551e-06
2.240704500978473457e-01 9.999980945025583878e-01 1.905497411142705399e-06
2.221135029354207313e-01 9.999980032798736485e-01 1.996720096094251824e-06
2.201565557729941169e-01 9.999979120571889091e-01 2.087942781045798672e-06
2.181996086105674748e-01 9.999978208345040587e-01 2.179165465997344673e-06
2.162426614481408604e-01 9.999977296118194303e-01 2.270388150948891944e-06
2.142857142857143016e-01 9.999976383891345799e-01 2.361610835900435827e-06
2.123287671232876872e-01 9.999975471664497295e-01 2.452833520851982675e-06
2.103718199608610451e-01 9.999974559437649901e-01 2.544056205803529523e-06
2.084148727984344307e-01 9.999973647210802508e-01 2.635278890755075948e-06
2.064579256360078441e-01 9.999972734983952893e-01 2.726501575706622795e-06
2.045009784735811742e-01 9.999971822757106610e-01 2.817724260658170490e-06
2.025440313111545876e-01 9.999970910530258106e-01 2.908946945609716491e-06
2.005870841487280010e-01 9.999969998303411822e-01 3.000169630561259951e-06
1.986301369863013588e-01 9.999969086076563318e-01 3.091392315512807646e-06
1.966731898238747445e-01 9.999968173849713704e-01 3.182615000464354494e-06
1.947162426614481578e-01 9.999967261622868531e-01 3.273837685415900918e-06
1.927592954990214880e-01 9.999966349396018916e-01 3.365060370367447766e-06
1.908023483365949013e-01 9.999965437169170412e-01 3.456283055318993767e-06
1.888454011741682870e-01 9.999964524942324129e-01 3.547505740270541039e-06
1.868884540117416448e-01 9.999963612715478956e-01 3.638728425222088310e-06
1.849315068493150582e-01 9.999962700488629341e-01 3.729951110173631770e-06
1.829745596868884716e-01 9.999961788261780837e-01 3.821173795125178618e-06
1.810176125244618017e-01 9.999960876034932333e-01 3.912396480076725042e-06
1.790606653620352151e-01 9.999959963808083829e-01 4.003619165028273161e-06
1.771037181996086007e-01 9.999959051581237546e-01 4.094841849979818738e-06
1.751467710371819586e-01 9.999958139354387932e-01 4.186064534931366009e-06
1.731898238747553442e-01 9.999957227127542758e-01 4.277287219882910740e-06
1.712328767123287854e-01 9.999956314900693144e-01 4.368509904834455470e-06
1.692759295499021710e-01 9.999955402673846860e-01 4.459732589786003588e-06
1.673189823874755289e-01 9.999954490446998356e-01 4.550955274737549166e-06
1.653620352250489145e-01 9.999953578220148742e-01 4.642177959689096437e-06
1.634050880626223001e-01 9.999952665993301348e-01 4.733400644640643709e-06
1.614481409001956580e-01 9.999951753766453955e-01 4.824623329592189286e-06
1.594911937377690436e-01 9.999950841539606561e-01 4.915846014543736558e-06
1.575342465753424848e-01 9.999949929312759167e-01 5.007068699495280441e-06
1.555772994129158426e-01 9.999949017085910663e-01 5.098291384446826865e-06
1.536203522504892283e-01 9.999945936824659043e-01 5.406317509530931372e-06
1.516634050880626139e-01 9.999942413722151535e-01 5.758627760497032287e-06
1.497064579256359718e-01 9.999938890619641807e-01 6.110938011463135742e-06
1.477495107632093574e-01 9.999935367517134299e-01 6.463248262429235809e-06
1.457925636007827708e-01 9.999931844414624571e-01 6.815558513395339265e-06
1.438356164383561564e-01 9.999928321312117063e-01 7.167868764361430862e-06
1.418786692759295420e-01 9.999924798209607335e-01 7.520179015327532624e-06
1.399217221135029277e-01 9.999921275107097607e-01 7.872489266293636079e-06
1.379647749510762855e-01 9.999917752004590099e-01 8.224799517259737841e-06
1.360078277886496712e-01 9.999914228902081481e-01 8.577109768225839602e-06
1.340508806262230845e-01 9.999910705799573973e-01 8.929420019191941363e-06
1.320939334637964147e-01 9.999907182697064245e-01 9.281730270158043125e-06
1.301369863013698558e-01 9.999903659594554517e-01 9.634040521124138110e-06
1.281800391389432414e-01 9.999900136492047009e-01 9.986350772090236483e-06
1.262230919765166548e-01 9.999896613389536171e-01 1.033866102305634163e-05
1.242661448140899988e-01 9.999893090287028663e-01 1.069097127402244001e-05
1.223091976516633844e-01 9.999889567184518935e-01 1.104328152498854516e-05
1.203522504892367839e-01 9.999886044082011427e-01 1.139559177595464522e-05
1.183953033268101279e-01 9.999882520979501699e-01 1.174790202692074529e-05
1.164383561643835691e-01 9.999878997876991971e-01 1.210021227788683858e-05
1.144814090019569547e-01 9.999875474774484463e-01 1.245252252885294204e-05
1.125244618395303126e-01 9.999871951671974735e-01 1.280483277981904380e-05
1.105675146771036982e-01 9.999868428569467227e-01 1.315714303078514725e-05
1.086105675146770977e-01 9.999864905466957499e-01 1.350945328175125071e-05
1.066536203522504417e-01 9.999861382364449991e-01 1.386176353271734908e-05
1.046966731898238412e-01 9.999857859261940263e-01 1.421407378368345254e-05
1.027397260273972823e-01 9.999854336159432755e-01 1.456638403464954244e-05
1.007827788649706263e-01 9.999850813056923027e-01 1.491869428561564590e-05
9.882583170254401195e-02 9.999847289954412188e-01 1.527100453658174935e-05
9.686888454011741145e-02 9.999843766851904681e-01 1.562331478754784773e-05
9.491193737769075545e-02 9.999840243749394952e-01 1.597562503851394949e-05
9.295499021526415495e-02 9.999836720646887445e-01 1.632793528948005464e-05
9.099804305283754058e-02 9.999833197544377716e-01 1.668024554044615301e-05
8.904109589041098172e-02 9.999826310431332299e-01 1.736895684507797034e-05
8.708414872798433959e-02 9.999817019459186218e-01 1.829805405985849805e-05
8.512720156555768358e-02 9.999807728487037917e-01 1.922715127463903254e-05
8.317025440313112472e-02 9.999798437514892946e-01 2.015624848941955348e-05
8.121330724070446871e-02 9.999789146542745755e-01 2.108534570420008458e-05
7.925636007827781271e-02 9.999779855570599674e-01 2.201444291898061568e-05
7.729941291585125385e-02 9.999770564598453593e-01 2.294354013376114678e-05
7.534246575342469499e-02 9.999761273626306401e-01 2.387263734854164061e-05
7.338551859099803898e-02 9.999751982654159210e-01 2.480173456332217510e-05
7.142857142857138297e-02 9.999742691682013129e-01 2.573083177810270620e-05
6.947162426614482411e-02 9.999733400709867048e-01 2.665992899288323391e-05
6.751467710371818198e-02 9.999724109737719857e-01 2.758902620766375485e-05
6.555772994129152598e-02 9.999714818765572666e-01 2.851812342244428933e-05
6.360078277886496712e-02 9.999705527793426585e-01 2.944722063722481705e-05
6.164383561643840131e-02 9.999696236821280504e-01 3.037631785200532443e-05
5.968688845401175225e-02 9.999686945849133313e-01 3.130541506678585214e-05
5.772994129158509624e-02 9.999677654876988342e-01 3.223451228156637308e-05
5.577299412915853738e-02 9.999668363904840040e-01 3.316360949634691434e-05
5.381604696673188831e-02 9.999659072932692849e-01 3.409270671112742850e-05
5.185909980430523231e-02 9.999649781960548989e-01 3.502180392590795621e-05
4.990215264187867344e-02 9.999640490988401798e-01 3.595090114068849748e-05
4.794520547945201744e-02 9.999631200016255717e-01 3.687999835546901164e-05
4.598825831702545858e-02 9.999621909044109636e-01 3.780909557024952580e-05
4.403131115459880951e-02 9.999612302565248356e-01 3.876974345635203798e-05
4.207436399217215350e-02 9.999592604051698030e-01 4.073959481129179130e-05
4.011741682974559464e-02 9.999572905538149925e-01 4.270944616623151751e-05
3.816046966731893864e-02 9.999553207024600709e-01 4.467929752117125728e-05
3.620352250489228957e-02 9.999533508511053714e-01 4.664914887611099704e-05
3.424657534246573071e-02 9.999513809997502278e-01 4.861900023105073681e-05
3.228962818003916491e-02 9.999494111483955283e-01 5.058885158599042237e-05
3.033268101761251584e-02 9.999474412970406068e-01 5.255870294093014858e-05
2.837573385518586330e-02 9.999454714456855742e-01 5.452855429586988157e-05
2.641878669275930097e-02 9.999435015943307636e-01 5.649840565080964166e-05
2.446183953033264843e-02 9.999415317429758421e-01 5.846825700574936110e-05
2.250489236790599937e-02 9.999395618916210315e-01 6.043810836068910086e-05
2.054794520547943704e-02 9.999375920402659990e-01 6.240795971562884063e-05
1.859099804305287471e-02 9.999356221889110774e-01 6.437781107056851941e-05
1.663405088062622564e-02 9.999336523375562669e-01 6.634766242550825240e-05
1.467710371819957137e-02 9.999316824862012343e-01 6.831751378044798539e-05
1.272015655577301077e-02 9.999297126348465348e-01 7.028736513538773193e-05
1.076320939334645017e-02 9.999277427834916132e-01 7.225721649032739715e-05
8.806262230919707432e-03 9.999257729321364696e-01 7.422706784526719791e-05
6.849315068493145968e-03 9.999229495670415302e-01 7.705043220737471015e-05
4.892367906066493431e-03 9.999189170362161594e-01 8.108296126057876565e-05
2.935420743639932401e-03 9.999148845053913437e-01 8.511549031378264497e-05
9.784735812132805150e-04 9.999108519745663060e-01 8.914801936698671402e-05
-9.784735812133715880e-04 9.999068194437411572e-01 9.318054842019055269e-05
-2.935420743639932401e-03 9.999027869129160084e-01 9.721307747339439135e-05
-4.892367906066584504e-03 9.998987543820911927e-01 1.012456065265984740e-04
-6.849315068493145968e-03 9.998947218512658219e-01 1.052781355798023397e-04
-8.806262230919797637e-03 9.998906893204408952e-01 1.093106646330063952e-04
-1.076320939334635823e-02 9.998866567896156354e-01 1.133431936862102745e-04
-1.272015655577310271e-02 9.998826242587908197e-01 1.173757227394143300e-04
-1.467710371819966331e-02 9.998785917279656710e-01 1.214082517926181823e-04
-1.663405088062622564e-02 9.998745591971405222e-01 1.254407808458220209e-04
-1.859099804305287471e-02 9.998705266663154845e-01 1.294733098990261035e-04
-2.054794520547943704e-02 9.998664941354904467e-01 1.335058389522299693e-04
-2.250489236790608957e-02 9.998624616046652980e-01 1.375383680054340519e-04
-2.446183953033264843e-02 9.998584290738403713e-01 1.415708970586378635e-04
-2.641878669275939465e-02 9.998543965430150005e-01 1.456034261118419732e-04
-2.837573385518595351e-02 9.998503640121900737e-01 1.496359551650458118e-04
-3.033268101761251584e-02 9.998429987101329353e-01 1.570012547064142546e-04
-3.228962818003916491e-02 9.998347859107746816e-01 1.652140513593938233e-04
-3.424657534246573071e-02 9.998265731114166499e-01 1.734268480123729041e-04
-3.620352250489237977e-02 9.998183603120582852e-01 1.816396446653523915e-04
-3.816046966731893864e-02 9.998101475127002535e-01 1.898524413183314994e-04
-4.011741682974568485e-02 9.998019347133422219e-01 1.980652379713110410e-04
-4.207436399217224371e-02 9.997937219139840792e-01 2.062780346242901490e-04
-4.403131115459880951e-02 9.997855091146259365e-01 2.144908312772692840e-04
-4.598825831702545858e-02 9.997772963152679049e-01 2.227036279302487714e-04
-4.794520547945201744e-02 9.997690835159098732e-01 2.309164245832279064e-04
-4.990215264187876365e-02 9.997608707165517306e-01 2.391292212362074480e-04
-5.185909980430532251e-02 9.997526579171935879e-01 2.473420178891865559e-04
-5.381604696673197852e-02 9.997444451178355562e-01 2.555548145421660975e-04
-5.577299412915853738e-02 9.997362323184773025e-01 2.637676111951451513e-04
-5.772994129158509624e-02 9.997280195191191599e-01 2.719804078481242050e-04
-5.968688845401175225e-02 9.997198067197610172e-01 2.801932045011037466e-04
-6.164383561643831111e-02 9.997115939204030965e-01 2.884060011540828545e-04
-6.360078277886505038e-02 9.997033811210449539e-01 2.966187978070625045e-04
-6.555772994129160924e-02 9.996939393298320820e-01 3.060605872388674851e-04
-6.751467710371826525e-02 9.996789266062444668e-01 3.210733132344131867e-04
-6.947162426614482411e-02 9.996639138826567406e-01 3.360860392299580210e-04
-7.142857142857138297e-02 9.996489011590692364e-01 3.510987652255028553e-04
-7.338551859099803898e-02 9.996338884354818433e-01 3.661114912210485569e-04
-7.534246575342459784e-02 9.996188757118940060e-01 3.811242172165935538e-04
-7.729941291585135099e-02 9.996038629883066129e-01 3.961369432121392012e-04
-7.925636007827790985e-02 9.995888502647191087e-01 4.111496692076841439e-04
-8.121330724070456586e-02 9.995738375411316046e-01 4.261623952032298998e-04
-8.317025440313112472e-02 9.995588248175439894e-01 4.411751211987747882e-04
-8.512720156555768358e-02 9.995438120939561522e-01 4.561878471943196225e-04
-8.708414872798433959e-02 9.995287993703687590e-01 4.712005731898653241e-04
-8.904109589041098172e-02 9.995137866467813659e-01 4.862132991854103210e-04
-9.099804305283763772e-02 9.994987739231935286e-01 5.012260251809559685e-04
-9.295499021526419658e-02 9.994837611996061355e-01 5.162387511765009112e-04
-9.491193737769085259e-02 9.994687484760186313e-01 5.312514771720466128e-04
-9.686888454011741145e-02 9.994458363342622054e-01 5.541636204039932477e-04
-9.882583170254397031e-02 9.994219643791943941e-01 5.780355768343890289e-04
-1.007827788649707096e-01 9.993980924241268049e-01 6.019075332647865449e-04
-1.027397260273972823e-01 9.993742204690587716e-01 6.257794896951825430e-04
-1.046966731898239245e-01 9.993503485139909603e-01 6.496514461255798421e-04
-1.066536203522504833e-01 9.993264765589231491e-01 6.735234025559760571e-04
-1.086105675146771393e-01 9.993026046038553378e-01 6.973953589863733562e-04
-1.105675146771036982e-01 9.992787326487874155e-01 7.212673154167693543e-04
-1.125244618395302570e-01 9.992548606937196043e-01 7.451392718471655692e-04
-1.144814090019570102e-01 9.992309887386514600e-01 7.690112282775626515e-04
-1.164383561643835691e-01 9.992071167835836487e-01 7.928831847079588664e-04
-1.183953033268102251e-01 9.991806022193863157e-01 8.193977501286917216e-04
-1.203522504892367839e-01 9.991454531502584890e-01 8.545468200246387688e-04
-1.223091976516634399e-01 9.991103040811306624e-01 8.896958899205878761e-04
-1.242661448140899988e-01 9.990751550120029467e-01 9.248449598165351402e-04
-1.262230919765167381e-01 9.990400059428750090e-01 9.599940297124842474e-04
-1.281800391389432969e-01 9.990048568737471824e-01 9.951430996084315115e-04
-1.301369863013698558e-01 9.989697078046193557e-01 1.030292169504378776e-03
-1.320939334637964979e-01 9.989345587354914180e-01 1.065441239400327774e-03
-1.340508806262230845e-01 9.988994096663635913e-01 1.100590309296274822e-03
-1.360078277886497267e-01 9.988642605972357646e-01 1.135739379192223820e-03
-1.379647749510763688e-01 9.988178703419254845e-01 1.182129634379205929e-03
-1.399217221135030387e-01 9.987707994317277516e-01 1.229200544399819232e-03
-1.418786692759295975e-01 9.987237285215300187e-01 1.276271454420430150e-03
-1.438356164383561564e-01 9.986766576113322857e-01 1.323342364441040635e-03
-1.457925636007827985e-01 9.986295867011345528e-01 1.370413274461653938e-03
-1.477495107632093574e-01 9.985825157909365979e-01 1.417484184482264856e-03
-1.497064579256361105e-01 9.985354448807388650e-01 1.464555094502878376e-03
-1.516634050880626694e-01 9.984805542662855693e-01 1.519445708367287481e-03
-1.536203522504893115e-01 9.984198994427605500e-01 1.580100530999849207e-03
-1.555772994129158704e-01 9.983592446192355307e-01 1.640755353632407680e-03
-1.575342465753424293e-01 9.982985897957104005e-01 1.701410176264966370e-03
-1.594911937377690991e-01 9.982379349721854922e-01 1.762064998897528529e-03
-1.614481409001956580e-01 9.981772801486605839e-01 1.822719821530087003e-03
-1.634050880626224111e-01 9.981147705965538464e-01 1.885229372649240877e-03
-1.653620352250489700e-01 9.980393296794910496e-01 1.960670288061900583e-03
-1.673189823874756121e-01 9.979638887624282528e-01 2.036111203474564625e-03
-1.692759295499021710e-01 9.978884478453653450e-01 2.111552118887224331e-03
-1.712328767123287299e-01 9.978130069283026593e-01 2.186993034299884904e-03
-1.731898238747553720e-01 9.977375660112398625e-01 2.262433949712547646e-03
-1.751467710371820419e-01 9.976527116641671356e-01 2.347288296020951133e-03
-1.771037181996086840e-01 9.975601577616385329e-01 2.439842198509568818e-03
-1.790606653620352429e-01 9.974676038591100413e-01 2.532396100998182166e-03
-1.810176125244619127e-01 9.973750499565814387e-01 2.624950003486799417e-03
-1.829745596868884716e-01 9.972824960540529471e-01 2.717503905975412332e-03
-1.849315068493150305e-01 9.971806646716978584e-01 2.819335288184730490e-03
-1.868884540117417559e-01 9.970706800679984827e-01 2.929319891645325823e-03
-1.888454011741683425e-01 9.969606954642991070e-01 3.039304495105914217e-03
-1.908023483365949846e-01 9.968507108605996203e-01 3.149289098566509550e-03
-1.927592954990215435e-01 9.967392073015584053e-01 3.260792657303317448e-03
-1.947162426614481856e-01 9.966107014356557769e-01 3.389298522171202768e-03
-1.966731898238747445e-01 9.964821955697531486e-01 3.517804387039081583e-03
-1.986301369863013033e-01 9.963536897038505202e-01 3.646310251906959531e-03
-2.005870841487280565e-01 9.962237042102722873e-01 3.776295744382047147e-03
-2.025440313111546153e-01 9.960759316799083773e-01 3.924068272822250208e-03
-2.045009784735812852e-01 9.959281591495443564e-01 4.071840801262462811e-03
-2.064579256360078441e-01 9.957803866191805575e-01 4.219613329702668475e-03
-2.084148727984344862e-01 9.956213666010385044e-01 4.378633362557662542e-03
-2.103718199608610451e-01 9.954497699252080611e-01 4.550230071704144952e-03
-2.123287671232876872e-01 9.952781732493773958e-01 4.721826780850626494e-03
-2.142857142857143571e-01 9.951065765735465085e-01 4.893423489997118445e-03
-2.162426614481409159e-01 9.949171813385668806e-01 5.082818714346383493e-03
-2.181996086105675581e-01 9.947250655062263025e-01 5.274934529338957435e-03
-2.201565557729941169e-01 9.945329496738861685e-01 5.467050344331520102e-03
-2.221135029354207868e-01 9.943216788182029919e-01 5.678321216768493843e-03
-2.240704500978474289e-01 9.941019826237679213e-01 5.898017442957521547e-03
-2.260273972602739878e-01 9.938822864293326287e-01 6.117713669146547517e-03
-2.279843444227006299e-01 9.936506631674036916e-01 6.349336936471551909e-03
-2.299412915851272166e-01 9.934081016120994700e-01 6.591898472999693781e-03
-2.318982387475538587e-01 9.931655400567951375e-01 6.834460009527849531e-03
-2.338551859099804175e-01 9.929038063743292897e-01 7.096193671399034231e-03
-2.358121330724071707e-01 9.926345077488382129e-01 7.365492275577874282e-03
-2.377690802348337296e-01 9.923652091233472472e-01 7.634790879756699587e-03
-2.397260273972602884e-01 9.920683264245346855e-01 7.931673564881811661e-03
-2.416829745596869305e-01 9.917687987306783581e-01 8.231201245781713180e-03
-2.436399217221134894e-01 9.914675948027311669e-01 8.532405161307408253e-03
-2.455968688845401593e-01 9.911466306186924591e-01 8.853369339234282848e-03
-2.475538160469667182e-01 9.908150026897656337e-01 9.184997265454023646e-03
-2.495107632093934436e-01 9.904727110159505798e-01 9.527288939966672282e-03
-2.514677103718200302e-01 9.901197555972476305e-01 9.880244362772183653e-03
-2.534246575342465890e-01 9.897561364336566747e-01 1.024386353387058204e-02
-2.553816046966732034e-01 9.893768094564810989e-01 1.062319051363558656e-02
-2.573385518590997623e-01 9.889792694659413907e-01 1.102073049771287380e-02
-2.592954990215264321e-01 9.885677546408888627e-01 1.143224531424462745e-02
-2.612524461839531020e-01 9.881422649813230707e-01 1.185773496323080239e-02
-2.632093933463797164e-01 9.877028004872445699e-01 1.229719944467144721e-02
-2.651663405088063308e-01 9.872493611586526940e-01 1.275063875856650986e-02
-2.671232876712328896e-01 9.867714277768862008e-01 1.322857213239591809e-02
-2.690802348336595040e-01 9.862747775305914510e-01 1.372522237267026490e-02
-2.710371819960860629e-01 9.857605138476783768e-01 1.423948605055451629e-02
-2.729941291585128438e-01 9.852286367281470891e-01 1.477136316604873122e-02
-2.749510763209394026e-01 9.846791461719972549e-01 1.532085371915284377e-02
-2.769080234833660170e-01 9.841085365815618324e-01 1.589146330587509065e-02
-2.788649706457925759e-01 9.835086085572999348e-01 1.649139132187481954e-02
-2.808219178082191347e-01 9.828868244200359428e-01 1.711317544986012962e-02
-2.827788649706458046e-01 9.822431841697693011e-01 1.775681568983105557e-02
-2.847358121330723635e-01 9.815776878065010091e-01 1.842231204178751761e-02
-2.866927592954990889e-01 9.808903353302304007e-01 1.910966450572959205e-02
-2.886497064579256477e-01 9.801733727715988831e-01 1.982662705397710001e-02
-2.906066536203523176e-01 9.794258050143187511e-01 2.057419480319761657e-02
-2.925636007827788765e-01 9.786496257672168131e-01 2.135037404380351819e-02
-2.945205479452054353e-01 9.778439071680173900e-01 2.215609263842394094e-02
-2.964774951076321052e-01 9.770077213544465788e-01 2.299227844968805556e-02
-2.984344422700587751e-01 9.761401404642291446e-01 2.385985934022489055e-02
-3.003913894324853895e-01 9.752402366350901852e-01 2.475976317266364440e-02
-3.023483365949119483e-01 9.743070820047556868e-01 2.569291780963333174e-02
-3.043052837573386182e-01 9.733397487109498591e-01 2.666025111376316842e-02
-3.062622309197651771e-01 9.723373088913986884e-01 2.766269094768216211e-02
-3.082191780821917360e-01 9.712988346838271614e-01 2.870116517401947315e-02
-3.101761252446184614e-01 9.702195212591336881e-01 2.978047861424938311e-02
-3.121330724070450202e-01 9.690957943354370219e-01 3.090420554516037921e-02
-3.140900195694716901e-01 9.679305006326353045e-01 3.206949925497835918e-02
-3.160469667318982490e-01 9.667224578108857269e-01 3.327754208337684039e-02
-3.180039138943249188e-01 9.654704835303449251e-01 3.452951637002964203e-02
-3.199608610567514777e-01 9.641733954511697569e-01 3.582660445461030574e-02
-3.219178082191780366e-01 9.628300112335169691e-01 3.716998867679258134e-02
-3.238747553816047620e-01 9.614391485375439750e-01 3.856085137625021864e-02
-3.258317025440313208e-01 9.599996250234064110e-01 4.000037489265674540e-02
-3.277886497064578797e-01 9.585102583512616903e-01 4.148974156568598082e-02
-3.297455968688846606e-01 9.569553737523242010e-01 4.304462613993792486e-02
-3.317025440313112195e-01 9.553425327813171997e-01 4.465746707500951179e-02
-3.336594911937377783e-01 9.536712709577990221e-01 4.632872885236231919e-02
-3.356164383561643372e-01 9.519399871998786011e-01 4.806001255302412567e-02
-3.375733855185910626e-01 9.501470804256649805e-01 4.985291925802264046e-02
-3.395303326810176214e-01 9.482909495532670929e-01 5.170905004838531605e-02
-3.414872798434443468e-01 9.463699935007936492e-01 5.363000600514002125e-02
-3.434442270058709057e-01 9.443826111863535822e-01 5.561738820931416694e-02
-3.454011741682974646e-01 9.423272015280557135e-01 5.767279774193563580e-02
-3.473581213307240789e-01 9.401971144195369057e-01 5.980288474436617346e-02
-3.493150684931506378e-01 9.379846771704997144e-01 6.201532194916457852e-02
-3.512720156555773632e-01 9.356948991010070049e-01 6.430509998845268527e-02
-3.532289628180039220e-01 9.333257659779303772e-01 6.667423309742989690e-02
-3.551859099804306474e-01 9.308752635681413201e-01 6.912473551129630356e-02
-3.571428571428572063e-01 9.283413776385105454e-01 7.165862146525128762e-02
-3.590998043052837652e-01 9.257220939559099859e-01 7.427790519449491147e-02
-3.610567514677103240e-01 9.230153982872104645e-01 7.698460093422659911e-02
-3.630136986301368829e-01 9.202192763992840252e-01 7.978072291964627416e-02
-3.649706457925636638e-01 9.173191514207713615e-01 8.268084795267736931e-02
-3.669275929549902227e-01 9.143176996538698864e-01 8.568229975989176406e-02
-3.688845401174169480e-01 9.112150783634276330e-01 8.878492109087382511e-02
-3.708414872798435069e-01 9.080087404489509684e-01 9.199125904515403906e-02
-3.727984344422700658e-01 9.046961388099472590e-01 9.530386072226362804e-02
-3.747553816046966246e-01 9.012747263459235381e-01 9.872527322173316189e-02
-3.767123287671231835e-01 8.977419559563866169e-01 1.022580436430935991e-01
-3.786692759295499644e-01 8.940952805408444171e-01 1.059047190858761200e-01
-3.806262230919765233e-01 8.903297900433629897e-01 1.096702096021414108e-01
-3.825831702544032487e-01 8.864342558620419421e-01 1.135657437821359084e-01
-3.845401174168298075e-01 8.824129357463545986e-01 1.175870638838054094e-01
-3.864970645792563664e-01 8.782628498587358168e-01 1.217371497432202798e-01
-3.884540117416829252e-01 8.739810183616208983e-01 1.260189811964499973e-01
-3.904109589041096506e-01 8.695644614174442566e-01 1.304355380795649832e-01
-3.923679060665362095e-01 8.650101991886416375e-01 1.349898002286347987e-01
-3.943248532289627684e-01 8.603152518376478985e-01 1.396847474797294208e-01
-3.962818003913895493e-01 8.554766395268980084e-01 1.445233596689192712e-01
-3.982387475538161081e-01 8.504935451342461317e-01 1.495064539847270058e-01
-4.001956947162426670e-01 8.453630433193972671e-01 1.546369557676635087e-01
-4.021526418786692259e-01 8.400812171723688326e-01 1.599187818968073049e-01
-4.041095890410959512e-01 8.346452121840548521e-01 1.653547868837038359e-01
-4.060665362035225101e-01 8.290521738453486833e-01 1.709478252398975440e-01
-4.080234833659490690e-01 8.232992476471434617e-01 1.767007514769333432e-01
-4.099804305283758499e-01 8.173835790803315460e-01 1.826164201063564807e-01
-4.119373776908024087e-01 8.113023136358082921e-01 1.886976856397111213e-01
-4.138943248532289676e-01 8.050531611420617129e-01 1.949468382478298234e-01
-4.158512720156556930e-01 7.986459872320035291e-01 2.013540122299895818e-01
-4.178082191780822519e-01 7.920691812931153208e-01 2.079308182495050727e-01
-4.197651663405088107e-01 7.853203589854806932e-01 2.146796406461339846e-01
-4.217221135029353696e-01 7.783971359691824743e-01 2.216028637596347828e-01
-4.236790606653620950e-01 7.712971279043037143e-01 2.287028719297662105e-01
-4.256360078277886538e-01 7.640179504509285735e-01 2.359820494962859005e-01
-4.275929549902154347e-01 7.565572192691394360e-01 2.434427807989529013e-01
-4.295499021526419936e-01 7.489125500190203510e-01 2.510874501775245404e-01
-4.315068493150685525e-01 7.410933226035232302e-01 2.589066777029907507e-01
-4.334637964774951113e-01 7.331069761611193059e-01 2.668930242150931997e-01
-4.354207436399216702e-01 7.249422346655144400e-01 2.750577657595438819e-01
-4.373776908023483956e-01 7.165988657125483829e-01 2.834011347356075738e-01
-4.393346379647749544e-01 7.080767819079656356e-01 2.919232185323239470e-01
-4.412915851272017354e-01 6.993760408674127849e-01 3.006239595285115085e-01
-4.432485322896282942e-01 6.904968452164442771e-01 3.095031550927627717e-01
-4.452054794520548531e-01 6.814395425905137582e-01 3.185604575834493080e-01
-4.471624266144814119e-01 6.722046256349842874e-01 3.277953743487173610e-01
-4.491193737769079708e-01 6.628218889455518292e-01 3.371781109072961025e-01
-4.510763209393346962e-01 6.532799393671708810e-01 3.467200603564719597e-01
-4.530332681017612551e-01 6.435790372207854659e-01 3.564209623650752001e-01
-4.549902152641879804e-01 6.337229137777828925e-01 3.662770856650047202e-01
-4.569471624266145393e-01 6.237156195728219554e-01 3.762843797252911626e-01
-4.589041095890410982e-01 6.135615244038308269e-01 3.864384747521028007e-01
-4.608610567514677125e-01 6.032653173320099427e-01 3.967346816887400429e-01
-4.628180039138942714e-01 5.928320066818292267e-01 4.071679922156400400e-01
-4.647749510763209968e-01 5.822736025407221350e-01 4.177263962342575021e-01
-4.667318982387475557e-01 5.716110967589843606e-01 4.283889018623015521e-01
-4.686888454011742811e-01 5.608397068513649719e-01 4.391602916175619820e-01
-4.706457925636008399e-01 5.499676610288475320e-01 4.500323372908076047e-01
-4.726027397260273988e-01 5.390036391644120739e-01 4.609963590108915321e-01
-4.745596868884539576e-01 5.279567727930389864e-01 4.720432252447462895e-01
-4.765166340508805165e-01 5.168366451117056837e-01 4.831633527973869247e-01
-4.784735812133070754e-01 5.056532909793878261e-01 4.943467068119108410e-01
-4.804305283757340228e-01 4.944171969170582659e-01 5.055828007694969095e-01
-4.823874755381605817e-01 4.831413641567613992e-01 5.168586334251589198e-01
-4.843444227005871405e-01 4.718369900625939417e-01 5.281630074185279522e-01
-4.863013698630136994e-01 4.605154766040436831e-01 5.394845207857419389e-01
-4.882583170254402583e-01 4.491893537797492231e-01 5.508106435288924185e-01
-4.902152641878670392e-01 4.378716189435742923e-01 5.621283782948105490e-01
-4.921722113502935980e-01 4.265757368046101949e-01 5.734242603750636658e-01
-4.941291585127201569e-01 4.153156394271708685e-01 5.846843577059617214e-01
-4.960861056751467157e-01 4.041057262307961029e-01 5.958942708685537326e-01
-4.980430528375734411e-01 3.929534175035722665e-01 6.070465795597936864e-01
-5.000000000000000000e-01 3.818191764682902223e-01 6.181808204431088472e-01
-5.000000000000000000e-01 3.818191764682902223e-01 6.181808204431088472e-01
-4.980430528375733301e-01 3.751492087460588376e-01 6.248507884372699328e-01
-4.960861056751467713e-01 3.713078439468517900e-01 6.286921533077827196e-01
-4.941291585127201569e-01 3.688899295714610505e-01 6.311100678388492646e-01
-4.921722113502935980e-01 3.674801443711680493e-01 6.325198531900699805e-01
-4.902152641878669281e-01 3.666968516996104710e-01 6.333031459289850673e-01
-4.882583170254402583e-01 3.665373252365722312e-01 6.334626723261520542e-01
-4.863013698630136994e-01 3.668473095738861711e-01 6.331526876467764575e-01
-4.843444227005870295e-01 3.676288982175939246e-01 6.323710985431882925e-01
-4.823874755381604706e-01 3.686907818726858910e-01 6.313092145815794032e-01
-4.804305283757338563e-01 3.700806183572879493e-01 6.299193778578409120e-01
-4.784735812133072974e-01 3.716719153654572949e-01 6.283280807891815645e-01
-4.765166340508806275e-01 3.735068293116264315e-01 6.264931669150808347e-01
-4.745596868884539576e-01 3.755183537298961705e-01 6.244816427001181891e-01
-4.726027397260273988e-01 3.776952072995169996e-01 6.223047894437059302e-01
-4.706457925636007844e-01 3.800201023631182840e-01 6.199798946138079803e-01
-4.686888454011742255e-01 3.824693153927243849e-01 6.175306817191635878e-01
-4.667318982387475557e-01 3.850427165057760392e-01 6.149572807643766126e-01
-4.647749510763208858e-01 3.877211114419989446e-01 6.122788859686663088e-01
-4.628180039138943269e-01 3.904903516070887814e-01 6.095096459284488066e-01
-4.608610567514677125e-01 3.933365309567329327e-01 6.066634666900776462e-01
-4.589041095890410982e-01 3.962560637799017460e-01 6.037439339635818358e-01
-4.569471624266144838e-01 3.992319258062754228e-01 6.007680720222403625e-01
-4.549902152641878139e-01 4.022517522801632994e-01 5.977482456233303987e-01
-4.530332681017612551e-01 4.053031784458744347e-01 5.946968195241286725e-01
-4.510763209393345852e-01 4.084115095818346974e-01 5.915884884674302846e-01
-4.491193737769080263e-01 4.115550029253907671e-01 5.884449952125865302e-01
-4.471624266144814119e-01 4.147247131717134994e-01 5.852752850677955809e-01
-4.452054794520548531e-01 4.179135327730056915e-01 5.820864655851806235e-01
-4.432485322896281832e-01 4.211383814964658745e-01 5.788616169654019483e-01
-4.412915851272015133e-01 4.243903715958819434e-01 5.756096269616997052e-01
-4.393346379647749544e-01 4.276629997651076320e-01 5.723369988836294331e-01
-4.373776908023483401e-01 4.309530080786897477e-01 5.690469906551277601e-01
-4.354207436399217812e-01 4.342691921420335222e-01 5.657308066566114624e-01
-4.334637964774951113e-01 4.376100408143582809e-01 5.623899580255100616e-01
-4.315068493150685525e-01 4.409716213869555590e-01 5.590283774697241137e-01
-4.295499021526418826e-01 4.443529234570222641e-01 5.556470753881794788e-01
-4.275929549902152127e-01 4.477409798230938542e-01 5.522590190026408496e-01
-4.256360078277886538e-01 4.511296669162961348e-01 5.488703318884453619e-01
-4.236790606653620395e-01 4.545198804776460211e-01 5.454801182968437301e-01
-4.217221135029353696e-01 4.579079701633738120e-01 5.420920285730659316e-01
-4.197651663405088107e-01 4.612961666441952047e-01 5.387038320530481705e-01
-4.178082191780821408e-01 4.646855668674639839e-01 5.353144317950853104e-01
-4.158512720156555820e-01 4.680707756579216561e-01 5.319292229743575184e-01
-4.138943248532289676e-01 4.714497155248650317e-01 5.285502830844164279e-01
-4.119373776908024087e-01 4.748203089775911989e-01 5.251796896188143382e-01
-4.099804305283757389e-01 4.781804785253964130e-01 5.218195200711032156e-01
-4.080234833659490690e-01 4.815281466775782615e-01 5.184718519348345822e-01
-4.060665362035225101e-01 4.848612359434329999e-01 5.151387627035608485e-01
-4.041095890410958957e-01 4.881798169183252378e-01 5.118201817690885003e-01
-4.021526418786692814e-01 4.914851483715221292e-01 5.085148503406511367e-01
-4.001956947162426670e-01 4.947723781461622616e-01 5.052276205982082491e-01
-3.982387475538160526e-01 4.980397597384981223e-01 5.019602390459410035e-01
-3.962818003913894382e-01 5.012855466447827535e-01 4.987144521880294001e-01
-3.943248532289627684e-01 5.045079923612687534e-01 4.954920065286538833e-01
-3.923679060665362095e-01 5.077053503842089421e-01 4.922946485719950638e-01
-3.904109589041095951e-01 5.108758742098562511e-01 4.891241248222329419e-01
-3.884540117416829808e-01 5.140209293720985340e-01 4.859790697408511440e-01
-3.864970645792563664e-01 5.171551208883213846e-01 4.828448782843025033e-01
-3.845401174168296965e-01 5.202647567580066523e-01 4.797352424729669496e-01
-3.825831702544031376e-01 5.233488936891587118e-01 4.766511055979667510e-01
-3.806262230919765233e-01 5.264065883897821596e-01 4.735934109504240652e-01
-3.786692759295499089e-01 5.294368975678820366e-01 4.705631018214609940e-01
-3.767123287671232945e-01 5.324388779314622733e-01 4.675611215021998612e-01
-3.747553816046966246e-01 5.354115861885282435e-01 4.645884132837626024e-01
-3.727984344422700658e-01 5.383540790470837667e-01 4.616459204572715969e-01
-3.708414872798433959e-01 5.412785982902493798e-01 4.587214012528306739e-01
-3.688845401174168370e-01 5.441759568824096061e-01 4.558240426963680036e-01
-3.669275929549902227e-01 5.470454485960091207e-01 4.529545510148192400e-01
-3.649706457925635528e-01 5.498866394226803456e-01 4.501133602162227798e-01
-3.630136986301369939e-01 5.526990953540575902e-01 4.473009043086165759e-01
-3.610567514677103240e-01 5.554823823817729433e-01 4.445176173000386366e-01
-3.590998043052837096e-01 5.582360664974603814e-01 4.417639331985273587e-01
-3.571428571428571508e-01 5.609597136927523264e-01 4.390402860121205286e-01
-3.551859099804305364e-01 5.636587239665551419e-01 4.363412757487146187e-01
-3.532289628180039220e-01 5.663307750223374182e-01 4.336692247022045921e-01
-3.512720156555772522e-01 5.689743775199607168e-01 4.310256222111100710e-01
-3.493150684931506933e-01 5.715893871851536190e-01 4.284106125497276762e-01
-3.473581213307240789e-01 5.741756597436447063e-01 4.258243399923540284e-01
-3.454011741682974646e-01 5.767330509211627820e-01 4.232669488132860813e-01
-3.434442270058708502e-01 5.792614164434365387e-01 4.207385832868206776e-01
-3.414872798434442358e-01 5.817606120361944466e-01 4.182393876872544380e-01
-3.395303326810176214e-01 5.842323611419102392e-01 4.157676385721681411e-01
-3.375733855185909515e-01 5.866770757019836857e-01 4.133229240001961013e-01
-3.356164383561643927e-01 5.890938505659031321e-01 4.109061491218634066e-01
-3.336594911937377783e-01 5.914828315829816496e-01 4.085171680878870726e-01
-3.317025440313111639e-01 5.938441847780253635e-01 4.061558148734911722e-01
-3.297455968688845496e-01 5.961780963513325649e-01 4.038219032784078344e-01
-3.277886497064578797e-01 5.984847726786943767e-01 4.015152269268769669e-01
-3.258317025440313208e-01 6.007644403113940879e-01 3.992355592676459231e-01
-3.238747553816047065e-01 6.030170981413194298e-01 3.969829014111705412e-01
-3.219178082191780921e-01 6.052426894173195127e-01 3.947573101116508831e-01
-3.199608610567514777e-01 6.074417433147223377e-01 3.925582561915340607e-01
-3.180039138943248078e-01 6.096145085104398564e-01 3.903854909744866042e-01
-3.160469667318981934e-01 6.117612497282923778e-01 3.882387497373050445e-01
-3.140900195694715791e-01 6.138822477390113441e-01 3.861177517099151912e-01
-3.121330724070450202e-01 6.159777993602353341e-01 3.840222000753729659e-01
-3.101761252446184058e-01 6.180482174565133935e-01 3.819517819698632355e-01
-3.082191780821917915e-01 6.200935402514253791e-01 3.799064591684215841e-01
-3.062622309197651771e-01 6.221129008785717396e-01 3.778870985292661633e-01
-3.043052837573385072e-01 6.241074134922077743e-01 3.758925859045807449e-01
-3.023483365949118928e-01 6.260773192414280652e-01 3.739226801451517312e-01
-3.003913894324853340e-01 6.280228656120971920e-01 3.719771337649616649e-01
-2.984344422700587196e-01 6.299443064268518411e-01 3.700556929411880080e-01
-2.964774951076321052e-01 6.318419018450993629e-01 3.681580975142045853e-01
-2.945205479452054909e-01 6.337159183630178827e-01 3.662840809875798076e-01
-2.925636007827788210e-01 6.355666288135576325e-01 3.644333705280790037e-01
-2.906066536203522066e-01 6.373943123664398414e-01 3.626056869656616444e-01
-2.886497064579256477e-01 6.391992545281559579e-01 3.608007447934836187e-01
-2.866927592954990334e-01 6.409817471419695378e-01 3.590182521678961791e-01
-2.847358121330724190e-01 6.427420883879151337e-01 3.572579109084462745e-01
-2.827788649706457491e-01 6.444805827827982947e-01 3.555194164978762728e-01
-2.808219178082191902e-01 6.461975411801959002e-01 3.538024580821242382e-01
-2.788649706457925759e-01 6.478932807704563812e-01 3.521067184703235986e-01
-2.769080234833659615e-01 6.495681250806980556e-01 3.504318741348035893e-01
-2.749510763209393471e-01 6.512224550575989035e-01 3.487775441460652659e-01
-2.729941291585127328e-01 6.528565817136295912e-01 3.471434174822611851e-01
-2.710371819960860629e-01 6.544708400098508960e-01 3.455291591790436989e-01
-2.690802348336594485e-01 6.560655809237722069e-01 3.439344182589505472e-01
-2.671232876712328896e-01 6.576411618710089613e-01 3.423588373064155310e-01
-2.651663405088062753e-01 6.591979467052817565e-01 3.408020524677680685e-01
-2.632093933463796609e-01 6.607363057184177935e-01 3.392636934512336389e-01
-2.612524461839529910e-01 6.622566156403499882e-01 3.377433835269345042e-01
-2.592954990215264321e-01 6.637592596391175270e-01 3.362407395268874888e-01
-2.573385518590997623e-01 6.652446273208656446e-01 3.347553718450070326e-01
-2.553816046966732034e-01 6.667131147298450689e-01 3.332868844371021932e-01
-2.534246575342465890e-01 6.681651243484121316e-01 3.318348748208789223e-01
-2.514677103718199747e-01 6.696010650970309896e-01 3.303989340759388993e-01
-2.495107632093933048e-01 6.710213523342699604e-01 3.289786468437797540e-01
-2.475538160469667182e-01 6.724259220889343691e-01 3.275740770942544566e-01
-2.455968688845401038e-01 6.738091119942758445e-01 3.261908871765036300e-01
-2.436399217221134617e-01 6.751762018346444405e-01 3.248237973203130791e-01
-2.416829745596868750e-01 6.765274460801153911e-01 3.234725530551405548e-01
-2.397260273972602884e-01 6.778630974806310050e-01 3.221369016305549171e-01
-2.377690802348336740e-01 6.791834070660016653e-01 3.208165920162352469e-01
-2.358121330724070319e-01 6.804886241459047191e-01 3.195113749019717897e-01
-2.338551859099804175e-01 6.817789963098845885e-01 3.182210026976657335e-01
-2.318982387475538032e-01 6.830547694273544357e-01 3.169452295333291536e-01
-2.299412915851271610e-01 6.843161876475933880e-01 3.156838112590846235e-01
-2.279843444227006022e-01 6.855634933997494240e-01 3.144365054451661035e-01
-2.260273972602739878e-01 6.867969273928369311e-01 3.132030713819178303e-01
-2.240704500978473457e-01 6.880167286157383710e-01 3.119832700797953717e-01
-2.221135029354207313e-01 6.892231343372028363e-01 3.107768642693647387e-01
-2.201565557729941169e-01 6.904163801058480487e-01 3.095836184013033288e-01
-2.181996086105674748e-01 6.915963786716519124e-01 3.084036197444721683e-01
-2.162426614481408604e-01 6.927628776003812439e-01 3.072371207618850297e-01
-2.142857142857143016e-01 6.939166495373787491e-01 3.060833487743811476e-01
-2.123287671232876872e-01 6.950578960055739941e-01 3.049421022598935438e-01
-2.103718199608610451e-01 6.961868156934651886e-01 3.038131825308312273e-01
-2.084148727984344307e-01 6.973036044551232937e-01 3.026963937340778621e-01
-2.064579256360078441e-01 6.984084553101883586e-01 3.015915428509935436e-01
-2.045009784735811742e-01 6.995015584438722955e-01 3.004984396974129668e-01
-2.025440313111545876e-01 7.005831012069572150e-01 2.994168969236467026e-01
-2.005870841487280010e-01 7.016532681157962026e-01 2.983467300144805323e-01
-1.986301369863013588e-01 7.027122408523136521e-01 2.972877572891760023e-01
-1.966731898238747445e-01 7.037601982640036002e-01 2.962397999014696470e-01
-1.947162426614481578e-01 7.047973163639316141e-01 2.952026818395737662e-01
-1.927592954990214880e-01 7.058237683307337917e-01 2.941762299261760916e-01
-1.908023483365949013e-01 7.068397245086177616e-01 2.931602738184397872e-01
-1.888454011741682870e-01 7.078450421567745732e-01 2.921549562174189929e-01
-1.868884540117416448e-01 7.088398731115064244e-01 2.911601252865714251e-01
-1.849315068493150582e-01 7.098245576841899496e-01 2.901754407397112434e-01
-1.829745596868884716e-01 7.107992400333530414e-01 2.892007584178950541e-01
-1.810176125244618017e-01 7.117640608696849114e-01 2.882359376099840054e-01
-1.790606653620352151e-01 7.127191574560339804e-01 2.872808410526428435e-01
-1.771037181996086007e-01 7.136646636074109873e-01 2.863353349303407458e-01
-1.751467710371819586e-01 7.146007096909858802e-01 2.853992888753513202e-01
-1.731898238747553442e-01 7.155274226260894821e-01 2.844725759677521060e-01
-1.712328767123287854e-01 7.164449258842138235e-01 2.835550727354252398e-01
-1.692759295499021710e-01 7.173533394890105885e-01 2.826466591540569562e-01
-1.673189823874755289e-01 7.182527800162928910e-01 2.817472186471374762e-01
-1.653620352250489145e-01 7.191433605940338314e-01 2.808566380859616740e-01
-1.634050880626223001e-01 7.200251909023671626e-01 2.799748077896282439e-01
-1.614481409001956580e-01 7.208983771735875123e-01 2.791016215250405885e-01
-1.594911937377690436e-01 7.217636348577266547e-01 2.782363638628664315e-01
-1.575342465753424848e-01 7.226207316715277384e-01 2.773792670738322030e-01
-1.555772994129158426e-01 7.234696806939397984e-01 2.765303180751702561e-01
-1.536203522504892283e-01 7.243105944169127008e-01 2.756894043746913603e-01
-1.516634050880626139e-01 7.251435827043064553e-01 2.748564161082925339e-01
-1.497064579256359718e-01 7.259687527918863292e-01 2.740312460399558780e-01
-1.477495107632093574e-01 7.267862092873274005e-01 2.732137895617505752e-01
-1.457925636007827708e-01 7.275960541702103379e-01 2.724039446938306686e-01
-1.438356164383561564e-01 7.283983867920249544e-01 2.716016120844370052e-01
-1.418786692759295420e-01 7.291933038761682084e-01 2.708066950098957371e-01
-1.399217221135029277e-01 7.299808995179453142e-01 2.700190993746197643e-01
-1.379647749510762855e-01 7.307612651845678542e-01 2.692387337111071810e-01
-1.360078277886496712e-01 7.315344897151566661e-01 2.684655091799422744e-01
-1.340508806262230845e-01 7.323006593207389558e-01 2.676993395697953582e-01
-1.320939334637964147e-01 7.330599111154105785e-01 2.669400877679005690e-01
-1.301369863013698558e-01 7.338128550451001875e-01 2.661871438441954507e-01
-1.281800391389432414e-01 7.345591410659441101e-01 2.654408578291197474e-01
-1.262230919765166548e-01 7.352988611789067486e-01 2.647011377218798645e-01
-1.242661448140899988e-01 7.360321054443039746e-01 2.639678934623456708e-01
-1.223091976516633844e-01 7.367589619818026847e-01 2.632410369310510534e-01
-1.203522504892367839e-01 7.374795169704211339e-01 2.625204819491931962e-01
-1.183953033268101279e-01 7.381938546485283803e-01 2.618061442786330240e-01
-1.164383561643835691e-01 7.389020573138436188e-01 2.610979416218952576e-01
-1.144814090019569547e-01 7.396042053234389568e-01 2.603957936221679148e-01
-1.125244618395303126e-01 7.403003770937357508e-01 2.596996218633030873e-01
-1.105675146771036982e-01 7.409906491005071594e-01 2.590093498698162189e-01
-1.086105675146770977e-01 7.416750958788773662e-01 2.583249031068861612e-01
-1.066536203522504417e-01 7.423537900233216913e-01 2.576462089803562838e-01
-1.046966731898238412e-01 7.430268021876658135e-01 2.569731968367324759e-01
-1.027397260273972823e-01 7.436942931175321014e-01 2.563057059276303562e-01
-1.007827788649706263e-01 7.443564598392865550e-01 2.556435392226436010e-01
-9.882583170254401195e-02 7.450132299379610412e-01 2.549867691417552207e-01
-9.686888454011741145e-02 7.456646778596751624e-01 2.543353212388463902e-01
-9.491193737769075545e-02 7.463108769519997132e-01 2.536891221663328810e-01
-9.295499021526415495e-02 7.469518994904041920e-01 2.530480996487175505e-01
-9.099804305283754058e-02 7.475878167047029788e-01 2.524121824561428862e-01
-8.904109589041098172e-02 7.482186988055010701e-01 2.517813003779443837e-01
-8.708414872798433959e-02 7.488446150106409238e-01 2.511553841962013145e-01
-8.512720156555768358e-02 7.494656335716509687e-01 2.505343656592909918e-01
-8.317025440313112472e-02 7.500818218001890081e-01 2.499181774554406210e-01
-8.121330724070446871e-02 7.506932460944903962e-01 2.493067531862797059e-01
-7.925636007827781271e-02 7.512999719658155495e-01 2.487000273403931760e-01
-7.729941291585125385e-02 7.519020640648943488e-01 2.480979352668731264e-01
-7.534246575342469499e-02 7.524995862083740938e-01 2.475004131488721670e-01
-7.338551859099803898e-02 7.530926014052661266e-01 2.469073979771553295e-01
-7.142857142857138297e-02 7.536811718833913432e-01 2.463188275236532498e-01
-6.947162426614482411e-02 7.542653591158282600e-01 2.457346403150140746e-01
-6.751467710371818198e-02 7.548452238473577491e-01 2.451547756061563388e-01
-6.555772994129152598e-02 7.554208261209107711e-01 2.445791733538219270e-01
-6.360078277886496712e-02 7.559922253040156637e-01 2.440077741901276465e-01
-6.164383561643840131e-02 7.565594801152426552e-01 2.434405193961187708e-01
-5.968688845401175225e-02 7.571226486506518194e-01 2.428773508753209187e-01
-5.772994129158509624e-02 7.576817884102393652e-01 2.423182111272930706e-01
-5.577299412915853738e-02 7.582369563243840371e-01 2.417630432211795299e-01
-5.381604696673188831e-02 7.587882087802939601e-01 2.412117907692632457e-01
-5.185909980430523231e-02 7.593356016484533733e-01 2.406643979005179124e-01
-4.990215264187867344e-02 7.598791903090673650e-01 2.401208092341602374e-01
-4.794520547945201744e-02 7.604190296785113823e-01 2.395809698532032628e-01
-4.598825831702545858e-02 7.609551742357758553e-01 2.390448252780084104e-01
-4.403131115459880951e-02 7.614875298738884579e-01 2.385124696491864038e-01
-4.207436399217215350e-02 7.620162145772220175e-01 2.379837849596189714e-01
-4.011741682974559464e-02 7.625412918400289453e-01 2.374587077098251897e-01
-3.816046966731893864e-02 7.630628038135126578e-01 2.369371957485215674e-01
-3.620352250489228957e-02 7.635807915201729967e-01 2.364192080531259399e-01
-3.424657534246573071e-02 7.640952948538041190e-01 2.359047047297576916e-01
-3.228962818003916491e-02 7.646063525794982718e-01 2.353936470132371728e-01
-3.033268101761251584e-02 7.651140023336411300e-01 2.348859972670862828e-01
-2.837573385518586330e-02 7.656182806239163474e-01 2.343817189835279979e-01
-2.641878669275930097e-02 7.661192228293023376e-01 2.338807767834867601e-01
-2.446183953033264843e-02 7.666168632000742722e-01 2.333831364165881994e-01
-2.250489236790599937e-02 7.671112348578020823e-01 2.328887647611594947e-01
-2.054794520547943704e-02 7.676023697953531233e-01 2.323976298242287908e-01
-1.859099804305287471e-02 7.680902988768899542e-01 2.319097007415257261e-01
-1.663405088062622564e-02 7.685750518378700047e-01 2.314249477774811270e-01
-1.467710371819957137e-02 7.690566572850484617e-01 2.309433423252272299e-01
-1.272015655577301077e-02 7.695351426964756048e-01 2.304648569065976260e-01
-1.076320939334645017e-02 7.700105344214969172e-01 2.299894651721270944e-01
-8.806262230919707432e-03 7.704828576807550844e-01 2.295171419010515468e-01
-6.849315068493145968e-03 7.709521365661877734e-01 2.290478630013084715e-01
-4.892367906066493431e-03 7.714183940410296314e-01 2.285816055095367116e-01
-2.935420743639932401e-03 7.718816519398102871e-01 2.281183475910760483e-01
-9.784735812132805150e-04 7.723419309683547951e-01 2.276580685399678394e-01
9.784735812133715880e-04 7.727992507037855230e-01 2.272007487789548252e-01
2.935420743639932401e-03 7.732536295945202642e-01 2.267463698594807120e-01
4.892367906066584504e-03 7.737050849602720159e-01 2.262949144616906993e-01
6.849315068493145968e-03 7.741536329920506443e-01 2.258463663944313971e-01
8.806262230919797637e-03 7.745992887521617742e-01 2.254007105952505752e-01
1.076320939334635823e-02 7.750420661742062345e-01 2.249579331303972751e-01
1.272015655577310271e-02 7.754826223360568038e-01 2.245173769337864278e-01
1.467710371819966331e-02 7.759215869937994281e-01 2.240784122606310491e-01
1.663405088062622564e-02 7.763579467440566706e-01 2.236420524951747701e-01
1.859099804305287471e-02 7.767917245790882941e-01 2.232082746452488664e-01
2.054794520547943704e-02 7.772229426824407428e-01 2.227770565274010961e-01
2.250489236790608957e-02 7.776516224289451440e-01 2.223483767668967825e-01
2.446183953033264843e-02 7.780777843847208608e-01 2.219222147977178428e-01
2.641878669275939465e-02 7.785014483071716063e-01 2.214985508625632593e-01
2.837573385518595351e-02 7.789226331449883300e-01 2.210773660128489970e-01
3.033268101761251584e-02 7.793413570381482192e-01 2.206586421087079475e-01
3.228962818003916491e-02 7.797576373179141429e-01 2.202423618189900401e-01
3.424657534246573071e-02 7.801714905068346528e-01 2.198285086212621864e-01
3.620352250489237977e-02 7.805829323187458701e-01 2.194170668018081416e-01
3.816046966731893864e-02 7.809919776587693763e-01 2.190080214556288651e-01
4.011741682974568485e-02 7.813986406233124349e-01 2.186013584864420212e-01
4.207436399217224371e-02 7.818029345000696573e-01 2.181970646066824782e-01
4.403131115459880951e-02 7.822048717680203378e-01 2.177951273375018093e-01
4.598825831702545858e-02 7.826044640974316735e-01 2.173955350087688476e-01
4.794520547945201744e-02 7.830017223498555445e-01 2.169982767590692418e-01
4.990215264187876365e-02 7.833966565781309566e-01 2.166033425357056785e-01
5.185909980430532251e-02 7.837892760263822645e-01 2.162107230946977710e-01
5.381604696673197852e-02 7.841795891300209487e-01 2.158204100007820592e-01
5.577299412915853738e-02 7.845676035157438388e-01 2.154323956274121765e-01
5.772994129158509624e-02 7.849533260015348901e-01 2.150466731567586276e-01
5.968688845401175225e-02 7.853367625966632959e-01 2.146632365797089825e-01
6.164383561643831111e-02 7.857179185016845979e-01 2.142820806958676827e-01
6.360078277886505038e-02 7.860967981084407974e-01 2.139032011135562072e-01
6.555772994129160924e-02 7.864734050000607990e-01 2.135265942498129066e-01
6.751467710371826525e-02 7.868477419509576354e-01 2.131522573303933354e-01
6.947162426614482411e-02 7.872198109268326860e-01 2.127801883897698088e-01
7.142857142857138297e-02 7.875920936405867989e-01 2.124079056863503734e-01
7.338551859099803898e-02 7.879627873044001696e-01 2.120372120291180440e-01
7.534246575342459784e-02 7.883315827986030477e-01 2.116684165415155805e-01
7.729941291585135099e-02 7.886984983403140248e-01 2.113015010063842847e-01
7.925636007827790985e-02 7.890635517559744239e-01 2.109364475972391184e-01
8.121330724070456586e-02 7.894267604813509642e-01 2.105732388782688980e-01
8.317025440313112472e-02 7.897881415615348732e-01 2.102118578043359887e-01
8.512720156555768358e-02 7.901477116509414422e-01 2.098522877209768045e-01
8.708414872798433959e-02 7.905054870133105815e-01 2.094945123644012530e-01
8.904109589041098172e-02 7.908614835217075978e-01 2.091385158614932904e-01
9.099804305283763772e-02 7.912157166585209733e-01 2.087842827298103388e-01
9.295499021526419658e-02 7.915682015154648088e-01 2.084317978775837576e-01
9.491193737769085259e-02 7.919189527935769357e-01 2.080810466037185114e-01
9.686888454011741145e-02 7.922679848032208039e-01 2.077320145977937793e-01
9.882583170254397031e-02 7.926153114640825947e-01 2.073846879400617627e-01
1.007827788649707096e-01 7.929609463051749962e-01 2.070390531014489888e-01
1.027397260273972823e-01 7.933049024648342051e-01 2.066950969435555896e-01
1.046966731898239245e-01 7.936471926907207042e-01 2.063528067186554127e-01
1.066536203522504833e-01 7.939878293398201503e-01 2.060121700696961877e-01
1.086105675146771393e-01 7.943268243784420424e-01 2.056731750302991935e-01
1.105675146771036982e-01 7.946641893822212754e-01 2.053358100247596463e-01
1.125244618395302570e-01 7.949999355361165865e-01 2.050000638680465337e-01
1.144814090019570102e-01 7.953340736344117756e-01 2.046659257658023923e-01
1.164383561643835691e-01 7.956666140807142629e-01 2.043333853143437240e-01
1.183953033268102251e-01 7.959975668879571975e-01 2.040024325006609129e-01
1.203522504892367839e-01 7.963269416783971266e-01 2.036730577024177813e-01
1.223091976516634399e-01 7.966547476836158825e-01 2.033452516879519223e-01
1.242661448140899988e-01 7.969809937445195835e-01 2.030190056162751722e-01
1.262230919765167381e-01 7.973056883113389670e-01 2.026943110370723888e-01
1.281800391389432969e-01 7.976296220311493990e-01 2.023703773085797630e-01
1.301369863013698558e-01 7.979534432636876673e-01 2.020465560753930134e-01
1.320939334637964979e-01 7.982760016589777186e-01 2.017239976794132916e-01
1.340508806262230845e-01 7.985973183583320312e-01 2.014026809793366402e-01
1.360078277886497267e-01 7.989174144214286066e-01 2.010825849154920797e-01
1.379647749510763688e-01 7.992363108263129678e-01 2.007636885098423862e-01
1.399217221135030387e-01 7.995540284693982702e-01 2.004459708659833139e-01
1.418786692759295975e-01 7.998705881654634142e-01 2.001294111691444555e-01
1.438356164383561564e-01 8.001860106476558210e-01 1.998139886861883541e-01
1.457925636007827985e-01 8.005003165674891008e-01 1.994996827656111138e-01
1.477495107632093574e-01 8.008135264948439414e-01 1.991864728375421223e-01
1.497064579256361105e-01 8.011256609179684407e-01 1.988743384137444670e-01
1.516634050880626694e-01 8.014367402434775522e-01 1.985632590876141301e-01
1.536203522504893115e-01 8.017467847963531957e-01 1.982532145341806828e-01
1.555772994129158704e-01 8.020558148199443682e-01 1.979441845101072017e-01
1.575342465753424293e-01 8.023638504759669221e-01 1.976361488536897970e-01
1.594911937377690991e-01 8.026709118445046753e-01 1.973290874848583898e-01
1.614481409001956580e-01 8.029770189240068579e-01 1.970229804051759070e-01
1.634050880626224111e-01 8.032821916312915533e-01 1.967178076978387813e-01
1.653620352250489700e-01 8.035864498015424795e-01 1.964135495276767840e-01
1.673189823874756121e-01 8.038898131883112086e-01 1.961101861411532199e-01
1.692759295499021710e-01 8.041923014635161682e-01 1.958076978663644829e-01
1.712328767123287299e-01 8.044939342174425301e-01 1.955060651130407223e-01
1.731898238747553720e-01 8.047947309587433207e-01 1.952052683725449267e-01
1.751467710371820419e-01 8.050947111144370893e-01 1.949052882178739510e-01
1.771037181996086840e-01 8.053938940299110172e-01 1.946061053036577393e-01
1.790606653620352429e-01 8.056922989689186965e-01 1.943077003661598523e-01
1.810176125244619127e-01 8.059899451135810189e-01 1.940100542232768843e-01
1.829745596868884716e-01 8.062868515643848433e-01 1.937131477745390740e-01
1.849315068493150305e-01 8.065830373401856601e-01 1.934169620011098878e-01
1.868884540117417559e-01 8.068804183005854336e-01 1.931195810410832880e-01
1.888454011741683425e-01 8.071775890948358345e-01 1.928224102469703605e-01
1.908023483365949846e-01 8.074743721874599878e-01 1.925256271545080777e-01
1.927592954990215435e-01 8.077708008689087338e-01 1.922291984732475978e-01
1.947162426614481856e-01 8.080669086610551277e-01 1.919330906813181692e-01
1.966731898238747445e-01 8.083627293171935513e-01 1.916372700254270756e-01
1.986301369863013033e-01 8.086582968220417111e-01 1.913417025208595523e-01
2.005870841487280565e-01 8.089536453917378633e-01 1.910463539514790088e-01
2.025440313111546153e-01 8.092488094738425897e-01 1.907511898697268893e-01
2.045009784735812852e-01 8.095438237473397969e-01 1.904561755966224235e-01
2.064579256360078441e-01 8.098387231226333860e-01 1.901612762217632369e-01
2.084148727984344862e-01 8.101335427415502499e-01 1.898664566033247403e-01
2.103718199608610451e-01 8.104283179773403845e-01 1.895716813680604629e-01
2.123287671232876872e-01 8.107230844346735577e-01 1.892769149113021354e-01
2.142857142857143571e-01 8.110178779496428625e-01 1.889821213969591907e-01
2.162426614481409159e-01 8.113127345897631626e-01 1.886872647575194017e-01
2.181996086105675581e-01 8.116076906539715363e-01 1.883923086940483826e-01
2.201565557729941169e-01 8.119027826726268326e-01 1.880972166761899489e-01
2.221135029354207868e-01 8.121980474075092271e-01 1.878019519421658123e-01
2.240704500978474289e-01 8.124935218518225533e-01 1.875064774987758032e-01
2.260273972602739878e-01 8.127892432301908610e-01 1.872107561213978144e-01
2.279843444227006299e-01 8.130852489986615250e-01 1.869147503539876909e-01
2.299412915851272166e-01 8.133815768447030248e-01 1.866184225090793680e-01
2.318982387475538587e-01 8.136782646872064984e-01 1.863217346677848996e-01
2.338551859099804175e-01 8.139753506764845215e-01 1.860246486797942356e-01
2.358121330724071707e-01 8.142728731942719955e-01 1.857271261633753334e-01
2.377690802348337296e-01 8.145708708537258147e-01 1.854291285053744909e-01
2.397260273972602884e-01 8.148693824994246437e-01 1.851306168612156799e-01
2.416829745596869305e-01 8.151684472073695842e-01 1.848315521549010743e-01
2.436399217221134894e-01 8.154701444520032760e-01 1.845298549116264064e-01
2.455968688845401593e-01 8.157759383907101647e-01 1.842240609737565704e-01
2.475538160469667182e-01 8.160830662163387483e-01 1.839169331489458603e-01
2.495107632093934436e-01 8.163916034425375834e-01 1.836083959235429997e-01
2.514677103718200302e-01 8.167016265840330025e-01 1.832983727828181031e-01
2.534246575342465890e-01 8.170132131566301137e-01 1.829867862109626764e-01
2.553816046966732034e-01 8.173264416772131336e-01 1.826735576910891168e-01
2.573385518590997623e-01 8.176413916637443879e-01 1.823586077052313792e-01
2.592954990215264321e-01 8.179581436352654222e-01 1.820418557343443378e-01
2.612524461839531020e-01 8.182767791118958911e-01 1.817232202583042022e-01
2.632093933463797164e-01 8.185973806148344467e-01 1.814026187559085179e-01
2.651663405088063308e-01 8.189200316663588497e-01 1.810799677048759715e-01
2.671232876712328896e-01 8.192448167898244149e-01 1.807551825818463354e-01
2.690802348336595040e-01 8.195718215096665649e-01 1.804281778623809673e-01
2.710371819960860629e-01 8.199011323513976102e-01 1.800988670209620057e-01
2.729941291585128438e-01 8.202328368416105242e-01 1.797671625309930910e-01
2.749510763209394026e-01 8.205670235079752795e-01 1.794329758647990603e-01
2.769080234833660170e-01 8.209037818792421781e-01 1.790962174936259754e-01
2.788649706457925759e-01 8.212432024852380774e-01 1.787567968876410673e-01
2.808219178082191347e-01 8.215853768568701643e-01 1.784146225159327914e-01
2.827788649706458046e-01 8.219303975261240680e-01 1.780696018465108277e-01
2.847358121330723635e-01 8.222783580260633052e-01 1.777216413463060807e-01
2.866927592954990889e-01 8.226293528908312780e-01 1.773706464811707906e-01
2.886497064579256477e-01 8.229834776556488318e-01 1.770165217158783111e-01
2.906066536203523176e-01 8.233408288568163647e-01 1.766591705141231650e-01
2.925636007827788765e-01 8.237015040317126058e-01 1.762984953385212106e-01
2.945205479452054353e-01 8.240656017187943938e-01 1.759343976506095863e-01
2.964774951076321052e-01 8.244332214575984530e-01 1.755667779108464055e-01
2.984344422700587751e-01 8.248044637887392838e-01 1.751955355786113666e-01
3.003913894324853895e-01 8.251794302539107173e-01 1.748205691122048933e-01
3.023483365949119483e-01 8.255666091833253617e-01 1.744333901824505484e-01
3.043052837573386182e-01 8.259597725119423028e-01 1.740402268535963248e-01
3.062622309197651771e-01 8.263583619240033595e-01 1.736416374413119468e-01
3.082191780821917360e-01 8.267625780437790617e-01 1.732374213213316583e-01
3.101761252446184614e-01 8.271726260261066388e-01 1.728273733388256406e-01
3.121330724070450202e-01 8.275887156134089651e-01 1.724112837513760987e-01
3.140900195694716901e-01 8.280110611927247177e-01 1.719889381719518773e-01
3.160469667318982490e-01 8.284398818527278774e-01 1.715601175118851851e-01
3.180039138943249188e-01 8.288754014407549997e-01 1.711245979238468218e-01
3.199608610567514777e-01 8.293178486198291566e-01 1.706821507448220698e-01
3.219178082191780366e-01 8.297674569256826560e-01 1.702325424390859210e-01
3.238747553816047620e-01 8.302244648237837588e-01 1.697755345411794403e-01
3.258317025440313208e-01 8.306891157663580660e-01 1.693108835988851590e-01
3.277886497064578797e-01 8.311616582494156802e-01 1.688383411162024950e-01
3.297455968688846606e-01 8.316423458697743687e-01 1.683576534963237004e-01
3.317025440313112195e-01 8.321314373820829502e-01 1.678685619846097821e-01
3.336594911937377783e-01 8.326291967558464568e-01 1.673708026115658387e-01
3.356164383561643372e-01 8.331358932324515187e-01 1.668641061358166755e-01
3.375733855185910626e-01 8.336518013821885287e-01 1.663481979870830574e-01
3.395303326810176214e-01 8.341772011612780258e-01 1.658227982091567965e-01
3.414872798434443468e-01 8.347123779688929712e-01 1.652876214028766166e-01
3.434442270058709057e-01 8.352576227041845769e-01 1.647423766691041291e-01
3.454011741682974646e-01 8.358132318233065794e-01 1.641867675516990310e-01
3.473581213307240789e-01 8.363795073964382931e-01 1.636204919804954694e-01
3.493150684931506378e-01 8.369567571648106608e-01 1.630432422142768789e-01
3.512720156555773632e-01 8.375452945977286401e-01 1.624547047837524572e-01
3.532289628180039220e-01 8.381454389495981427e-01 1.618545604345324185e-01
3.551859099804306474e-01 8.387575153169468667e-01 1.612424840701037199e-01
3.571428571428572063e-01 8.393818546954519011e-01 1.606181446948060088e-01
3.590998043052837652e-01 8.400217534255496332e-01 1.599782459671684198e-01
3.610567514677103240e-01 8.406793841563762193e-01 1.593206152374233020e-01
3.630136986301368829e-01 8.413513720443759336e-01 1.586486273504653655e-01
3.649706457925636638e-01 8.420381461453706473e-01 1.579618532504651895e-01
3.669275929549902227e-01 8.427401444706641431e-01 1.572598549261106093e-01
3.688845401174169480e-01 8.434578140891986209e-01 1.565421853084499049e-01
3.708414872798435069e-01 8.441916112297106478e-01 1.558083881687373218e-01
3.727984344422700658e-01 8.449420013828878862e-01 1.550579980162761773e-01
3.747553816046966246e-01 8.457094594035219348e-01 1.542905399962639090e-01
3.767123287671231835e-01 8.464944696126662782e-01 1.535055297876359304e-01
3.786692759295499644e-01 8.472975258997929027e-01 1.527024735009100687e-01
3.806262230919765233e-01 8.481191318249448052e-01 1.518808675760308091e-01
3.825831702544032487e-01 8.489598007208946084e-01 1.510401986802134000e-01
3.845401174168298075e-01 8.498200557952990675e-01 1.501799436057884574e-01
3.864970645792563664e-01 8.507004302328549095e-01 1.492995691680457093e-01
3.884540117416829252e-01 8.516014672974547839e-01 1.483985321030789617e-01
3.904109589041096506e-01 8.525237204343426578e-01 1.474762789656295925e-01
3.923679060665362095e-01 8.534677533722698772e-01 1.465322460269314342e-01
3.943248532289627684e-01 8.544341402256503404e-01 1.455658591725545459e-01
3.962818003913895493e-01 8.554234655967176693e-01 1.445765338002499845e-01
3.982387475538161081e-01 8.564363246776790506e-01 1.435636747177936323e-01
4.001956947162426670e-01 8.574733233528719634e-01 1.425266760408305244e-01
4.021526418786692259e-01 8.585350783009195741e-01 1.414649210907197308e-01
4.041095890410959512e-01 8.596222170968871312e-01 1.403777822923771845e-01
4.060665362035225101e-01 8.607353783144371384e-01 1.392646210721219802e-01
4.080234833659490690e-01 8.618752116279846387e-01 1.381247877555186465e-01
4.099804305283758499e-01 8.630423779148546082e-01 1.369576214652225565e-01
4.119373776908024087e-01 8.642375493574352419e-01 1.357624500188239769e-01
4.138943248532289676e-01 8.654614095453355693e-01 1.345385898266922564e-01
4.158512720156556930e-01 8.667146535775398508e-01 1.332853457898201532e-01
4.178082191780822519e-01 8.679494618028862352e-01 1.320505375705169904e-01
4.197651663405088107e-01 8.692048890139636441e-01 1.307951103673048454e-01
4.217221135029353696e-01 8.704847076215160850e-01 1.295152917687066307e-01
4.236790606653620950e-01 8.717892438997101312e-01 1.282107555006178345e-01
4.256360078277886538e-01 8.731188245586081198e-01 1.268811748530406791e-01
4.275929549902154347e-01 8.744737767441669307e-01 1.255262226800833714e-01
4.295499021526419936e-01 8.758544280382376535e-01 1.241455713999608246e-01
4.315068493150685525e-01 8.772611064585682517e-01 1.227388929949942697e-01
4.334637964774951113e-01 8.786941404587993443e-01 1.213058590116116164e-01
4.354207436399216702e-01 8.801538589284685354e-01 1.198461405603469254e-01
4.373776908023483956e-01 8.816405911930074168e-01 1.183594083158407140e-01
4.393346379647749544e-01 8.831546670137420119e-01 1.168453325168402196e-01
4.412915851272017354e-01 8.846964165878944408e-01 1.153035829661987755e-01
4.432485322896282942e-01 8.862661705485810337e-01 1.137338290308764766e-01
4.452054794520548531e-01 8.878642599648135514e-01 1.121357396419395830e-01
4.471624266144814119e-01 8.894910163414984083e-01 1.105089832945609640e-01
4.491193737769079708e-01 8.911467716194371169e-01 1.088532280480199177e-01
4.510763209393346962e-01 8.928318581753260652e-01 1.071681415257019349e-01
4.530332681017612551e-01 8.945466088217564060e-01 1.054533909150994347e-01
4.549902152641879804e-01 8.962913568072148340e-01 1.037086429678107380e-01
4.569471624266145393e-01 8.980664358160821426e-01 1.019335639995411213e-01
4.589041095890410982e-01 8.998721799686354439e-01 1.001278198901018046e-01
4.608610567514677125e-01 9.017089238210449498e-01 9.829107608341083879e-02
4.628180039138942714e-01 9.035665728161469401e-01 9.643342713331244653e-02
4.647749510763209968e-01 9.053564562341185340e-01 9.464354373061162340e-02
4.667318982387475557e-01 9.071626372554045803e-01 9.283736272234038855e-02
4.686888454011742811e-01 9.089844956376966767e-01 9.101550435058775035e-02
4.706457925636008399e-01 9.108213885759579576e-01 8.917861142016719755e-02
4.726027397260273988e-01 9.126726507024212065e-01 8.732734929861568629e-02
4.745596868884539576e-01 9.145375940865883013e-01 8.546240591619462534e-02
4.765166340508805165e-01 9.164155082352316573e-01 8.358449176588900187e-02
4.784735812133070754e-01 9.183056600923933388e-01 8.169433990340776996e-02
4.804305283757340228e-01 9.202072940393866141e-01 7.979270594718379517e-02
4.823874755381605817e-01 9.221196318947918469e-01 7.788036807837446507e-02
4.843444227005871405e-01 9.240418729144626031e-01 7.595812704086041256e-02
4.863013698630136994e-01 9.259731937915200994e-01 7.402680614124657055e-02
4.882583170254402583e-01 9.279127486563565341e-01 7.208725124886163071e-02
4.902152641878670392e-01 9.298596690766335326e-01 7.014033079575822394e-02
4.921722113502935980e-01 9.318130640572828138e-01 6.818693577671341988e-02
4.941291585127201569e-01 9.337720200405056348e-01 6.622797974922772779e-02
4.960861056751467157e-01 9.356659829430917785e-01 6.433401681683331708e-02
4.980430528375734411e-01 9.375485576215558670e-01 6.245144210654036965e-02
5.000000000000000000e-01 9.394185942328027172e-01 6.058140546117746217e-02
