5.000000000000000000e-01 1.000000000000000000e+00 0.000000000000000000e+00
4.980430528375733301e-01 9.999999993977395363e-01 3.776625842376058622e-09
4.960861056751467713e-01 9.999999987461993811e-01 4.076082697752779698e-09
4.941291585127201569e-01 9.999999967468558015e-01 4.411643989847396001e-09
4.921722113502935980e-01 9.999999946763244996e-01 4.749004980958156696e-09
4.902152641878669281e-01 9.999999945359554498e-01 5.167985483126378119e-09
4.882583170254402583e-01 9.999999946005593277e-01 5.595633543990965398e-09
4.863013698630136994e-01 9.999999946651633165e-01 6.023281604855555987e-09
4.843444227005870295e-01 9.999999947297675273e-01 6.450929665720144921e-09
4.823874755381604706e-01 1.000000001092800295e+00 7.091646103351108434e-09
4.804305283757338563e-01 1.000000008952489861e+00 7.782992650312696854e-09
4.784735812133071864e-01 1.000000016812179648e+00 8.474339197274283620e-09
4.765166340508806275e-01 1.000000024671868992e+00 9.165685744235873695e-09
4.745596868884539576e-01 1.000000032531558780e+00 9.857032291197460460e-09
4.726027397260273988e-01 1.000000040391248124e+00 1.054837883815905053e-08
4.706457925636007844e-01 1.000000048250937468e+00 1.123972538512064061e-08
4.686888454011742255e-01 1.000000056110627256e+00 1.193107193208222903e-08
4.667318982387475557e-01 1.000000039822580344e+00 1.333622366512981543e-08
4.647749510763208858e-01 1.000000008481398250e+00 1.518634486482840962e-08
4.628180039138943269e-01 9.999999771402166004e-01 1.703646606452700711e-08
4.608610567514677125e-01 9.999999457990349505e-01 1.888658726422559469e-08
4.589041095890410982e-01 9.999999144578533006e-01 2.073670846392419549e-08
4.569471624266144838e-01 9.999998831166715396e-01 2.258682966362278968e-08
4.549902152641878139e-01 9.999998517754900007e-01 2.443695086332137726e-08
4.530332681017612551e-01 9.999998204343081287e-01 2.628707206301997144e-08
4.510763209393345852e-01 9.999997890931265898e-01 2.813719326271857225e-08
4.491193737769080263e-01 9.999997577519448289e-01 2.998731446241716644e-08
4.471624266144814119e-01 9.999997264107629569e-01 3.183743566211575401e-08
4.452054794520547421e-01 9.999996950695815290e-01 3.368755686181434159e-08
4.432485322896281832e-01 9.999996637283998790e-01 3.553767806151294239e-08
4.412915851272015133e-01 9.999996323872180071e-01 3.738779926121152997e-08
4.393346379647749544e-01 9.999996010460363571e-01 3.923792046091013077e-08
4.373776908023483401e-01 9.999995697048547072e-01 4.108804166060872496e-08
4.354207436399216702e-01 9.999994961703841945e-01 4.586393470749817087e-08
4.334637964774951113e-01 9.999992829615783618e-01 6.032514145543368207e-08
4.315068493150684414e-01 9.999990697527723071e-01 7.478634820336904768e-08
4.295499021526418826e-01 9.999988565439665855e-01 8.924755495130436035e-08
4.275929549902152127e-01 9.999986433351606419e-01 1.037087616992397921e-07
4.256360078277886538e-01 9.999984301263551423e-01 1.181699684471752239e-07
4.236790606653620395e-01 9.999982169175490876e-01 1.326311751951105631e-07
4.217221135029353696e-01 9.999980037087432549e-01 1.470923819430459154e-07
4.197651663405088107e-01 9.999977904999375333e-01 1.615535886909813208e-07
4.178082191780821408e-01 9.999975772911315897e-01 1.760147954389167261e-07
4.158512720156555820e-01 9.999973640823256460e-01 1.904760021868520785e-07
4.138943248532289676e-01 9.999971508735198134e-01 2.049372089347875367e-07
4.119373776908022977e-01 9.999969376647139807e-01 2.193984156827228361e-07
4.099804305283757389e-01 9.999967244559082591e-01 2.338596224306582415e-07
4.080234833659490690e-01 9.999965112471023154e-01 2.483208291785936997e-07
4.060665362035224546e-01 9.999962980382965938e-01 2.627820359265290521e-07
4.041095890410958957e-01 9.999960848294907612e-01 2.772432426744643515e-07
4.021526418786692814e-01 9.999958716206849285e-01 2.917044494223998098e-07
4.001956947162426670e-01 9.999956584118789849e-01 3.061656561703352151e-07
3.982387475538159971e-01 9.999954452030731522e-01 3.206268629182706204e-07
3.962818003913894382e-01 9.999952319942673196e-01 3.350880696662059728e-07
3.943248532289627684e-01 9.999950187854615979e-01 3.495492764141413252e-07
3.923679060665361540e-01 9.999948055766554322e-01 3.640104831620768364e-07
3.904109589041095951e-01 9.999945923678497106e-01 3.784716899100121358e-07
3.884540117416829252e-01 9.999943791590438780e-01 3.929328966579476470e-07
3.864970645792563664e-01 9.999941659502380453e-01 4.073941034058828406e-07
3.845401174168296965e-01 9.999939527414323237e-01 4.218553101538181929e-07
3.825831702544030821e-01 9.999937395326263800e-01 4.363165169017536512e-07
3.806262230919765233e-01 9.999935263238206584e-01 4.507777236496891624e-07
3.786692759295498534e-01 9.999933131150149368e-01 4.652389303976245677e-07
3.767123287671232945e-01 9.999930999062087711e-01 4.797001371455599730e-07
3.747553816046966246e-01 9.999928866974030495e-01 4.941613438934952725e-07
3.727984344422700103e-01 9.999926734885972168e-01 5.086225506414304660e-07
3.708414872798433959e-01 9.999924810489975169e-01 6.363476302224045239e-07
3.688845401174168370e-01 9.999923126014116370e-01 8.949120111794728880e-07
3.669275929549902227e-01 9.999921441538257572e-01 1.153476392136543793e-06
3.649706457925635528e-01 9.999919757062396553e-01 1.412040773093614698e-06
3.630136986301369384e-01 9.999918072586539974e-01 1.670605154050682216e-06
3.610567514677103240e-01 9.999916388110678955e-01 1.929169535007752697e-06
3.590998043052837096e-01 9.999914703634820157e-01 2.187733915964821061e-06
3.571428571428571508e-01 9.999913019158963579e-01 2.446298296921888155e-06
3.551859099804304809e-01 9.999911334683102559e-01 2.704862677878962872e-06
3.532289628180038665e-01 9.999909650207243761e-01 2.963427058836029965e-06
3.512720156555772522e-01 9.999907965731384962e-01 3.221991439793098753e-06
3.493150684931506378e-01 9.999906281255526164e-01 3.480555820750167541e-06
3.473581213307240789e-01 9.999904596779667365e-01 3.739120201707236328e-06
3.454011741682974090e-01 9.999902912303806346e-01 3.997684582664305116e-06
3.434442270058708502e-01 9.999901227827949768e-01 4.256248963621373903e-06
3.414872798434441803e-01 9.999899543352088749e-01 4.514813344578446079e-06
3.395303326810175659e-01 9.999897858876229950e-01 4.773377725535514867e-06
3.375733855185909515e-01 9.999896174400373372e-01 5.031942106492583654e-06
3.356164383561643372e-01 9.999894489924512353e-01 5.290506487449651595e-06
3.336594911937377783e-01 9.999892805448653554e-01 5.549070868406721230e-06
3.317025440313111084e-01 9.999891120972794756e-01 5.807635249363790017e-06
3.297455968688844941e-01 9.999889436496935957e-01 6.066199630320862193e-06
3.277886497064578797e-01 9.999887752021077159e-01 6.324764011277929287e-06
3.258317025440312653e-01 9.999886067545218360e-01 6.583328392234999768e-06
3.238747553816047065e-01 9.999884383069359561e-01 6.841892773192068556e-06
3.219178082191780366e-01 9.999882698593498542e-01 7.100457154149135650e-06
3.199608610567514777e-01 9.999881014117639744e-01 7.359021535106206131e-06
3.180039138943248078e-01 9.999879329641783166e-01 7.617585916063278307e-06
3.160469667318981379e-01 9.999877645165922146e-01 7.876150297020347095e-06
3.140900195694715791e-01 9.999875960690063348e-01 8.134714677977414188e-06
3.121330724070449647e-01 9.999874276214204549e-01 8.393279058934484670e-06
3.101761252446184058e-01 9.999872591738345751e-01 8.651843439891553458e-06
3.082191780821917360e-01 9.999870907262486952e-01 8.910407820848622245e-06
3.062622309197651216e-01 9.999869222786628153e-01 9.168972201805691033e-06
3.043052837573385072e-01 9.999867538310769355e-01 9.427536582762763209e-06
3.023483365949118928e-01 9.999865853834908336e-01 9.686100963719831996e-06
3.003913894324852785e-01 9.999864169359051758e-01 9.944665344676900784e-06
2.984344422700586641e-01 9.999862484883192959e-01 1.020322972563396957e-05
2.964774951076320497e-01 9.999860800407331940e-01 1.046179410659104005e-05
2.945205479452054353e-01 9.999859115931475362e-01 1.072035848754810715e-05
2.925636007827788210e-01 9.999848548794867398e-01 1.183660363664603579e-05
2.906066536203522066e-01 9.999829392550151352e-01 1.378218506795535331e-05
2.886497064579256477e-01 9.999810236305438638e-01 1.572776649926466743e-05
2.866927592954989779e-01 9.999791080060723703e-01 1.767334793057401883e-05
2.847358121330723080e-01 9.999771923816008767e-01 1.961892936188333635e-05
2.827788649706456936e-01 9.999752767571294942e-01 2.156451079319264709e-05
2.808219178082191347e-01 9.999733611326580007e-01 2.351009222450196461e-05
2.788649706457925204e-01 9.999714455081865072e-01 2.545567365581127535e-05
2.769080234833659060e-01 9.999695298837150137e-01 2.740125508712058609e-05
2.749510763209392916e-01 9.999676142592437422e-01 2.934683651842990700e-05
2.729941291585126772e-01 9.999656986347720267e-01 3.129241794973922791e-05
2.710371819960860629e-01 9.999637830103005331e-01 3.323799938104853187e-05
2.690802348336594485e-01 9.999618673858292617e-01 3.518358081235784939e-05
2.671232876712328341e-01 9.999599517613575461e-01 3.712916224366715335e-05
2.651663405088062198e-01 9.999580361368863857e-01 3.907474367497647765e-05
2.632093933463796054e-01 9.999561205124148922e-01 4.102032510628578161e-05
2.612524461839529355e-01 9.999542048879435097e-01 4.296590653759513979e-05
2.592954990215263211e-01 9.999522892634720161e-01 4.491148796890446408e-05
2.573385518590997623e-01 9.999503736390005226e-01 4.685706940021378160e-05
2.553816046966731479e-01 9.999484580145290291e-01 4.880265083152308557e-05
2.534246575342465335e-01 9.999448297880970671e-01 5.247595116587413307e-05
2.514677103718199191e-01 9.999396865001681789e-01 5.767768627235441152e-05
2.495107632093933048e-01 9.999345432122397348e-01 6.287942137883467642e-05
2.475538160469666626e-01 9.999293999243109576e-01 6.808115648531494132e-05
2.455968688845400483e-01 9.999242566363824025e-01 7.328289159179520622e-05
2.436399217221134617e-01 9.999191133484537364e-01 7.848462669827547112e-05
2.416829745596868473e-01 9.999139700605248482e-01 8.368636180475572247e-05
2.397260273972602329e-01 9.999088267725961821e-01 8.888809691123602803e-05
2.377690802348336185e-01 9.999036834846672939e-01 9.408983201771627938e-05
2.358121330724069764e-01 9.998985401967388498e-01 9.929156712419666625e-05
2.338551859099803620e-01 9.998933969088099616e-01 1.044933022306769447e-04
2.318982387475537754e-01 9.998882536208815175e-01 1.096950373371571961e-04
2.299412915851271055e-01 9.998831103329527403e-01 1.148967724436374745e-04
2.279843444227005189e-01 9.998779670450239632e-01 1.200985075501177123e-04
2.260273972602739045e-01 9.998728237570952970e-01 1.253002426565980043e-04
2.240704500978472902e-01 9.998676804691664088e-01 1.305019777630782286e-04
2.221135029354206758e-01 9.998625371812379647e-01 1.357037128695585070e-04
2.201565557729940892e-01 9.998573938933091876e-01 1.409054479760387855e-04
2.181996086105674748e-01 9.998522506053806325e-01 1.461071830825190639e-04
2.162426614481408604e-01 9.998471073174518553e-01 1.513089181889992882e-04
2.142857142857142461e-01 9.998249679383245381e-01 1.734525686392976961e-04
2.123287671232876039e-01 9.997890792744483779e-01 2.093016773348244932e-04
2.103718199608609618e-01 9.997531906105723287e-01 2.451507860303519951e-04
2.084148727984343474e-01 9.997173019466958355e-01 2.809998947258787109e-04
2.064579256360077331e-01 9.996814132828196753e-01 3.168490034214054268e-04
2.045009784735811464e-01 9.996477723433074836e-01 3.507547244815630624e-04
2.025440313111545321e-01 9.996164002718387342e-01 3.826987770323745340e-04
2.005870841487279177e-01 9.995850282003699849e-01 4.146428295831860057e-04
1.986301369863013033e-01 9.995536561289013466e-01 4.465868821339974773e-04
1.966731898238747167e-01 9.995222840574323753e-01 4.785309346848089489e-04
1.947162426614481023e-01 9.994859804244144996e-01 5.143739784363261444e-04
1.927592954990214602e-01 9.994434640123657232e-01 5.551289695555356851e-04
1.908023483365948458e-01 9.994009476003171688e-01 5.958839606747447920e-04
1.888454011741682315e-01 9.993584311882685034e-01 6.366389517939541158e-04
1.868884540117416448e-01 9.993159147762198380e-01 6.773939429131634396e-04
1.849315068493149750e-01 9.992665804219790227e-01 7.247931187585824470e-04
1.829745596868883606e-01 9.992064636390716181e-01 7.826999295819350635e-04
1.810176125244617740e-01 9.991463468561643246e-01 8.406067404052878968e-04
1.790606653620351596e-01 9.990862300732568091e-01 8.985135512286408386e-04
1.771037181996085452e-01 9.990261132903495156e-01 9.564203620519936720e-04
1.751467710371819031e-01 9.989578941870662643e-01 1.022884192346054611e-03
1.731898238747552887e-01 9.988673591881627178e-01 1.112916277715698130e-03
1.712328767123286744e-01 9.987677706201543160e-01 1.212510014996994508e-03
1.692759295499020877e-01 9.986591284830406146e-01 1.321665404189943313e-03
1.673189823874754734e-01 9.985414327768218357e-01 1.440382445294545195e-03
1.653620352250488590e-01 9.984146996560334664e-01 1.568369531357938131e-03
1.634050880626222724e-01 9.982789690753940404e-01 1.704905436208104842e-03
1.614481409001956025e-01 9.981342067928777873e-01 1.850608265692550757e-03
1.594911937377690159e-01 9.979804128084849291e-01 2.005478019811269153e-03
1.575342465753424015e-01 9.978175871222150217e-01 2.169514698564263284e-03
1.555772994129157316e-01 9.976444096791962091e-01 2.343397614070804290e-03
1.536203522504891450e-01 9.974611119749305921e-01 2.527007636662165647e-03
1.516634050880625306e-01 9.972680948406091872e-01 2.720138494998892986e-03
1.497064579256359163e-01 9.970653582762327716e-01 2.922790189080988043e-03
1.477495107632093296e-01 9.968518553170999663e-01 3.135936483833252734e-03
1.457925636007827153e-01 9.966223257912336653e-01 3.364469780082716445e-03
1.438356164383561009e-01 9.963805861557305521e-01 3.604840452848261274e-03
1.418786692759294865e-01 9.961266364105901827e-01 3.857048502129885054e-03
1.399217221135028999e-01 9.958604765558130012e-01 4.121093927927588219e-03
1.379647749510762300e-01 9.955734356108788541e-01 4.405575199689369323e-03
1.360078277886495879e-01 9.952647124091696940e-01 4.711286784277503477e-03
1.340508806262229735e-01 9.949384476202481897e-01 5.034122638478263564e-03
1.320939334637963869e-01 9.945946412441126760e-01 5.374082762291659127e-03
1.301369863013697725e-01 9.942221371415279618e-01 5.742615221936620516e-03
1.281800391389431582e-01 9.936478970304010172e-01 6.317286258725549747e-03
1.262230919765165438e-01 9.929432454083759740e-01 7.024904999476963216e-03
1.242661448140899433e-01 9.921266174435960927e-01 7.846579814973296541e-03
1.223091976516633428e-01 9.914490816755947566e-01 8.524855075341460087e-03
1.203522504892367284e-01 9.908338970866210627e-01 9.138797208163185193e-03
1.183953033268100863e-01 9.901692217368616156e-01 9.811106414292673078e-03
1.164383561643834719e-01 9.894784717999769441e-01 1.051846471016392934e-02
1.144814090019568714e-01 9.886753972218313979e-01 1.133161162967896186e-02
1.125244618395302570e-01 9.877321058701049594e-01 1.227754101945389802e-02
1.105675146771036566e-01 9.866889749167599977e-01 1.331633454079802006e-02
1.086105675146770005e-01 9.855401242943723217e-01 1.445158186008440107e-02
1.066536203522504417e-01 9.843409855166891376e-01 1.563712878398845069e-02
1.046966731898237857e-01 9.831353465271321923e-01 1.683558935797822842e-02
1.027397260273972268e-01 9.818867157899767717e-01 1.808379625178428707e-02
1.007827788649705292e-01 9.805702333834900308e-01 1.940557551443353179e-02
9.882583170254388705e-02 9.791564133366749134e-01 2.082689768435964928e-02
9.686888454011731431e-02 9.776089367036256972e-01 2.238104065413613897e-02
9.491193737769067218e-02 9.759217062117171437e-01 2.407432692489996917e-02
9.295499021526411332e-02 9.740561767581420449e-01 2.594309783451802937e-02
9.099804305283745731e-02 9.720271747302309251e-01 2.797358394515767066e-02
8.904109589041089845e-02 9.698237384877139711e-01 3.017660093056862003e-02
8.708414872798424244e-02 9.674523604882189209e-01 3.254599661431309410e-02
8.512720156555768358e-02 9.649211277002401888e-01 3.507517642419664960e-02
8.317025440313102758e-02 9.622306854588735803e-01 3.776377855350020879e-02
8.121330724070446871e-02 9.593771329167597450e-01 4.061663002204361772e-02
7.925636007827781271e-02 9.563601004031834218e-01 4.363466507706499631e-02
7.729941291585125385e-02 9.531023947222173609e-01 4.689311891196058790e-02
7.534246575342459784e-02 9.495926705917432376e-01 5.040365352167663904e-02
7.338551859099795571e-02 9.458053235999160924e-01 5.419155372569243317e-02
7.142857142857129971e-02 9.417291691871108039e-01 5.826750192047072674e-02
6.947162426614464370e-02 9.373349876449994511e-01 6.266044399550457777e-02
6.751467710371808484e-02 9.326115055833342771e-01 6.738162719538368095e-02
6.555772994129142883e-02 9.275653183532890367e-01 7.242490249113381351e-02
6.360078277886486997e-02 9.221715848472349375e-01 7.781472610035644610e-02
6.164383561643822090e-02 9.164382743004951815e-01 8.354383424863791319e-02
5.968688845401166204e-02 9.103782297502813758e-01 8.960026818363946155e-02
5.772994129158500604e-02 9.039784723081998319e-01 9.599694365006358754e-02
5.577299412915844717e-02 8.972390063599591237e-01 1.027347517484164252e-01
5.381604696673179117e-02 8.901586689026423915e-01 1.098154892570613328e-01
5.185909980430523231e-02 8.827352273643338521e-01 1.172417827422640862e-01
4.990215264187858324e-02 8.748863626707246155e-01 1.250950962573643133e-01
4.794520547945192723e-02 8.665741325484344060e-01 1.334132793456696553e-01
4.598825831702536837e-02 8.577470517461633914e-01 1.422474687013803862e-01
4.403131115459871237e-02 8.482794747082140763e-01 1.517209042440357258e-01
4.207436399217215350e-02 8.380836966905875762e-01 1.619201710002762251e-01
4.011741682974550444e-02 8.270562308150228858e-01 1.729469504082623565e-01
3.816046966731893864e-02 8.151699584568572465e-01 1.848270884632811639e-01
3.620352250489228957e-02 8.023019665023187752e-01 1.976811087566122671e-01
3.424657534246564050e-02 7.890362897412863674e-01 2.109304933216596956e-01
3.228962818003898450e-02 7.770162024112182708e-01 2.229498354262585413e-01
3.033268101761242563e-02 7.654600377627676089e-01 2.345142543856762740e-01
2.837573385518577310e-02 7.523268439998365142e-01 2.476544729117339250e-01
2.641878669275921077e-02 7.378783488017619518e-01 2.621103417731767138e-01
2.446183953033255823e-02 7.223250347457130793e-01 2.776648631734292549e-01
2.250489236790590569e-02 7.056746505944724301e-01 2.943109497622767301e-01
2.054794520547934683e-02 6.890071945286679878e-01 3.109750726501200324e-01
1.859099804305269429e-02 6.724069677053219340e-01 3.275732096134128524e-01
1.663405088062613196e-02 6.561431957658794278e-01 3.438395291747726179e-01
1.467710371819948116e-02 6.397996907120555576e-01 3.601879269075601853e-01
1.272015655577291883e-02 6.226596670565367475e-01 3.773317815302095202e-01
1.076320939334626803e-02 6.045473111798012056e-01 3.954457520323110264e-01
8.806262230919707432e-03 5.851035627623428770e-01 4.148868639745244558e-01
6.849315068493054028e-03 5.654196611061035327e-01 4.345674830059594318e-01
4.892367906066493431e-03 5.458133680542494037e-01 4.541704765495451213e-01
2.935420743639841328e-03 5.273662074955305368e-01 4.726181083959217766e-01
9.784735812132805150e-04 5.095136695096662560e-01 4.904731806737422373e-01
-9.784735812133715880e-04 4.910173727806734778e-01 5.089713896140350968e-01
-2.935420743640114981e-03 4.722433082118549508e-01 5.277471681708334472e-01
-4.892367906066675577e-03 4.530084246655181057e-01 5.469821378241723764e-01
-6.849315068493328114e-03 4.337060702106642629e-01 5.662838046782960877e-01
-8.806262230919889578e-03 4.148047300194037668e-01 5.851841210330015475e-01
-1.076320939334654038e-02 3.963136299424558917e-01 6.036743990706694429e-01
-1.272015655577310271e-02 3.783856651766839274e-01 6.216022622818500043e-01
-1.467710371819975351e-02 3.608368532772454618e-01 6.391513289256911534e-01
-1.663405088062631584e-02 3.435694361244505113e-01 6.564192753366687727e-01
-1.859099804305296838e-02 3.266048685035382593e-01 6.733841910570632638e-01
-2.054794520547952724e-02 3.099162880808824516e-01 6.900726667204515330e-01
-2.250489236790617978e-02 2.937320090728230415e-01 7.062569910353060365e-01
-2.446183953033274211e-02 2.780926272512206365e-01 7.218965179301943813e-01
-2.641878669275939465e-02 2.630849387655939675e-01 7.369045510990260839e-01
-2.837573385518604718e-02 2.487132851741846451e-01 7.512766725286487146e-01
-3.033268101761260604e-02 2.347813212913418268e-01 7.652087218561776094e-01
-3.228962818003926205e-02 2.214282245257394033e-01 7.785617335141192807e-01
-3.424657534246582091e-02 2.086695884599012174e-01 7.913200615232895974e-01
-3.620352250489246998e-02 1.963498579425723145e-01 8.036398703131968357e-01
-3.816046966731912599e-02 1.845083579523404127e-01 8.154816907610877852e-01
-4.011741682974577505e-02 1.731362683216265408e-01 8.268543850234217896e-01
-4.207436399217233391e-02 1.624007401073168100e-01 8.375902842803952808e-01
-4.403131115459898992e-02 1.524424576723552305e-01 8.475482713171939020e-01
-4.598825831702554878e-02 1.432273902879216965e-01 8.567625045356972446e-01
-4.794520547945220479e-02 1.346628388785979791e-01 8.653258479139719350e-01
-4.990215264187876365e-02 1.261262111772894490e-01 8.738621943588120722e-01
-5.185909980430541272e-02 1.178078484554585526e-01 8.821807608519627308e-01
-5.381604696673206872e-02 1.096102835792835961e-01 8.903791896494271940e-01
-5.577299412915862759e-02 1.021442625949021965e-01 8.978456420129726778e-01
-5.772994129158528359e-02 9.530507146413996766e-02 9.046850200760672145e-01
-5.968688845401184245e-02 8.908140700641947740e-02 9.109086478942832743e-01
-6.164383561643849152e-02 8.309994712312873677e-02 9.168895980737401530e-01
-6.360078277886505038e-02 7.737378327033131442e-02 9.226146704962567835e-01
-6.555772994129170639e-02 7.189390680100692099e-02 9.280927570922404835e-01
-6.751467710371826525e-02 6.696480171749712162e-02 9.330213167458516477e-01
-6.947162426614492126e-02 6.258789353689420132e-02 9.373991065118824073e-01
-7.142857142857148012e-02 5.876398039195060430e-02 9.412255071853055099e-01
-7.338551859099813612e-02 5.496613925784676891e-02 9.450250064958738427e-01
-7.534246575342477825e-02 5.112682825220868366e-02 9.488650156909979039e-01
-7.729941291585143426e-02 4.720810769938289797e-02 9.527834923220881436e-01
-7.925636007827809026e-02 4.370139156225469335e-02 9.562900454472205158e-01
-8.121330724070464913e-02 4.055226625688716779e-02 9.594390106960939413e-01
-8.317025440313130513e-02 3.764831602013941902e-02 9.623427021536086201e-01
-8.512720156555786399e-02 3.495716509695939028e-02 9.650337222798381909e-01
-8.708414872798452000e-02 3.249633222421247081e-02 9.674944296663193777e-01
-8.904109589041107886e-02 3.018505587714402985e-02 9.698054106945799280e-01
-9.099804305283773487e-02 2.804785550163698196e-02 9.719421990927565869e-01
-9.295499021526429373e-02 2.608921244312622720e-02 9.739003232338697691e-01
-9.491193737769093586e-02 2.425373078801585161e-02 9.757345390797703688e-01
-9.686888454011750860e-02 2.252394803768346596e-02 9.774621073965743534e-01
-9.882583170254415073e-02 2.092638568738046032e-02 9.790568130740340269e-01
-1.007827788649707096e-01 1.944280989990852804e-02 9.805374419022241383e-01
-1.027397260273973656e-01 1.802459574624918140e-02 9.819540907257642282e-01
-1.046966731898240216e-01 1.670386904674769912e-02 9.832736612499608508e-01
-1.066536203522505805e-01 1.548062980140412284e-02 9.844961534748137844e-01
-1.086105675146772365e-01 1.434107072963644071e-02 9.856359344629858077e-01
-1.105675146771037953e-01 1.329209073252142839e-02 9.866858256144994677e-01
-1.125244618395304513e-01 1.233398390078163653e-02 9.876455209154504367e-01
-1.144814090019570935e-01 1.143251153163313445e-02 9.885478013629434013e-01
-1.164383561643837495e-01 1.058210561552608113e-02 9.893979979096745314e-01
-1.183953033268103083e-01 9.796259651457623827e-03 9.901831915395715722e-01
-1.203522504892369643e-01 9.074298875652087037e-03 9.909043603760263608e-01
-1.223091976516635232e-01 8.414349772542772596e-03 9.915642202278388551e-01
-1.242661448140901792e-01 7.816766821538942075e-03 9.921622572491055614e-01
-1.262230919765167381e-01 7.280473780838498006e-03 9.926997627184872552e-01
-1.281800391389433802e-01 6.758596093225866658e-03 9.932240655440173205e-01
-1.301369863013700501e-01 6.260586235711464512e-03 9.937258732689054908e-01
-1.320939334637966089e-01 5.777422344312155983e-03 9.942144643129513515e-01
-1.340508806262232511e-01 5.348146330627819196e-03 9.946458978063384970e-01
-1.360078277886498099e-01 4.985020351425602757e-03 9.950058851383788427e-01
-1.379647749510764798e-01 4.679679235357917140e-03 9.953029775967411341e-01
-1.399217221135030387e-01 4.390396132368971222e-03 9.955838880989663631e-01
-1.418786692759296808e-01 4.017688035736886702e-03 9.959607930312501800e-01
-1.438356164383562397e-01 3.585357746178828749e-03 9.964061310088450085e-01
-1.457925636007828818e-01 3.089986322463929985e-03 9.969240671966964618e-01
-1.477495107632094684e-01 2.885320293936696409e-03 9.971293507898482122e-01
-1.497064579256361938e-01 2.780441621815464386e-03 9.972297918833189501e-01
-1.516634050880628637e-01 2.726916831531557388e-03 9.972759959581445344e-01
-1.536203522504894226e-01 2.545860794201073446e-03 9.974548702737757733e-01
-1.555772994129160647e-01 2.336702717787015118e-03 9.976625267044321177e-01
-1.575342465753426235e-01 2.167123688666233380e-03 9.978313423895599499e-01
-1.594911937377692657e-01 2.002284888682962297e-03 9.979954499813932234e-01
-1.614481409001958245e-01 1.865334827556130136e-03 9.981314475909401907e-01
-1.634050880626224944e-01 1.747483452825280940e-03 9.982481950027983775e-01
-1.653620352250490533e-01 1.625408979450043701e-03 9.983695037946835882e-01
-1.673189823874756954e-01 1.491726151061700117e-03 9.985033508015542791e-01
-1.692759295499022543e-01 1.358043322673361739e-03 9.986371978084251921e-01
-1.712328767123289242e-01 1.296118072430118076e-03 9.986980328882839597e-01
-1.731898238747554830e-01 1.238775435838208525e-03 9.987542052487190514e-01
-1.751467710371821251e-01 1.118809642342799299e-03 9.988746600122756503e-01
-1.771037181996087673e-01 9.593399360047758818e-04 9.990356653736591763e-01
-1.790606653620353539e-01 8.401153969659299649e-04 9.991557927078884571e-01
-1.810176125244619960e-01 8.211635405091211558e-04 9.991740705601428463e-01
-1.829745596868885549e-01 8.022116840523114793e-04 9.991923484123967913e-01
-1.849315068493151970e-01 7.471705843317753663e-04 9.992471818239134773e-01
-1.868884540117418669e-01 6.906110188732834075e-04 9.993035533215534061e-01
-1.888454011741685090e-01 6.422514883294063587e-04 9.993516092049181676e-01
-1.908023483365950679e-01 5.944453203236754399e-04 9.993991039261087561e-01
-1.927592954990217378e-01 5.525829695934470105e-04 9.994408269876444706e-01
-1.947162426614482966e-01 5.112802918393250830e-04 9.994820065866563130e-01
-1.966731898238749388e-01 4.735750310031314365e-04 9.995196159334975849e-01
-1.986301369863014976e-01 4.389293705639378367e-04 9.995541887835386330e-01
-2.005870841487281397e-01 4.070545551170265744e-04 9.995860117117399968e-01
-2.025440313111548096e-01 3.779505846623976498e-04 9.996150847181017873e-01
-2.045009784735813685e-01 3.485037423904889346e-04 9.996445867678771524e-01
-2.064579256360080106e-01 3.198688108531221215e-04 9.996733388798578757e-01
-2.084148727984345695e-01 2.924987098201067490e-04 9.997008786432663996e-01
-2.103718199608612394e-01 2.663934392914428170e-04 9.997272060581026132e-01
-2.123287671232877982e-01 2.493406392533163186e-04 9.997441538053841725e-01
-2.142857142857144404e-01 2.391196270946751093e-04 9.997540508349957999e-01
-2.162426614481409992e-01 2.341827899426606428e-04 9.997585202122061254e-01
-2.181996086105676413e-01 2.345301277972716182e-04 9.997575619370160371e-01
-2.201565557729942280e-01 1.989305365902773598e-04 9.997938812548495813e-01
-2.221135029354208701e-01 1.351850666101422210e-04 9.998593982033907590e-01
-2.240704500978475122e-01 5.393969009142652107e-05 9.999430861834893713e-01
-2.260273972602741821e-01 -4.480559296587494425e-05 1.000044945195145862e+00
-2.279843444227008242e-01 -3.611614302343737690e-05 1.000036314357001022e+00
-2.299412915851273831e-01 2.145400613115132013e-05 9.999773666790716664e-01
-2.318982387475540252e-01 7.902415528574261924e-05 9.999184190011426443e-01
-2.338551859099806118e-01 1.113593912583509156e-04 9.998853194507875131e-01
-2.358121330724072540e-01 1.038822035442318360e-04 9.998929997754841814e-01
-2.377690802348338128e-01 9.640823822920988051e-05 9.999006694504739556e-01
-2.397260273972604550e-01 8.928054967594859642e-05 9.999071947154178908e-01
-2.416829745596870138e-01 8.215286112268774601e-05 9.999137199803619369e-01
-2.436399217221136837e-01 7.612065029061285820e-05 9.999191899025146046e-01
-2.455968688845402426e-01 7.073045508489139710e-05 9.999240413305161557e-01
-2.475538160469668847e-01 6.548100009573943475e-05 9.999287833321539587e-01
-2.495107632093934436e-01 6.091583148531976022e-05 9.999329932970218993e-01
-2.514677103718200857e-01 5.677568680306993923e-05 9.999368728032325127e-01
-2.534246575342467556e-01 5.306056604899127283e-05 9.999404218507862430e-01
-2.553816046966733144e-01 4.977046922308376101e-05 9.999436404396828681e-01
-2.573385518590999843e-01 4.613078223619955509e-05 9.999473349219962781e-01
-2.592954990215265432e-01 4.167779838277563612e-05 9.999519880037213149e-01
-2.612524461839531575e-01 3.705306664333407954e-05 9.999569318499207382e-01
-2.632093933463798274e-01 3.225658701787662008e-05 9.999621664605947702e-01
-2.651663405088064973e-01 2.728835950640195671e-05 9.999676918357429667e-01
-2.671232876712330562e-01 2.661505531061439389e-05 9.999680763576687115e-01
-2.690802348336597261e-01 2.928134892628839539e-05 9.999644817333077640e-01
-2.710371819960862849e-01 3.398245742281110968e-05 9.999584946212110026e-01
-2.729941291585128993e-01 4.071838080018383779e-05 9.999501150213785383e-01
-2.749510763209394582e-01 4.948911905840441133e-05 9.999393429338105932e-01
-2.769080234833661280e-01 2.614053665944649982e-05 9.999664494530204895e-01
-2.788649706457926869e-01 -7.923520476476545588e-06 1.000006197333549673e+00
-2.808219178082193568e-01 -5.211005148176217280e-05 1.000057887368886345e+00
-2.827788649706459712e-01 -1.064190563564095145e-04 1.000121519559029615e+00
-2.847358121330726410e-01 -1.561776546331683849e-04 1.000180327604917263e+00
-2.866927592954990889e-01 -1.483999939239674486e-04 1.000173766022707689e+00
-2.886497064579257588e-01 -1.241920321777729985e-04 1.000148805465898016e+00
-2.906066536203524286e-01 -8.355376939458676946e-05 1.000105445934488912e+00
-2.925636007827790430e-01 -2.648520557440789402e-05 1.000043687428480155e+00
-2.945205479452055464e-01 1.110283034149242565e-05 1.000002184705204744e+00
-2.964774951076322163e-01 1.168983109837680792e-05 1.000000319276098004e+00
-2.984344422700589416e-01 1.227683185526205756e-05 9.999984538469913753e-01
-3.003913894324856115e-01 1.286383261214730719e-05 9.999965884178845243e-01
-3.023483365949122259e-01 1.011373964838763878e-05 9.999982986125287576e-01
-3.043052837573387293e-01 7.360765233522473944e-06 1.000000011894585761e+00
-3.062622309197653436e-01 4.607790818657309106e-06 1.000001725176642431e+00
-3.082191780821920135e-01 4.513030037888669105e-06 1.000001229451205065e+00
-3.101761252446186834e-01 6.740065013057308652e-06 9.999988042855745274e-01
-3.121330724070451312e-01 8.967099988225514517e-06 9.999963791199444341e-01
-3.140900195694718011e-01 1.111500092939709389e-05 9.999940293022369087e-01
-3.160469667318984155e-01 1.183567531841400733e-05 9.999930384264485994e-01
-3.180039138943250854e-01 1.190172243867521421e-05 9.999926708577560053e-01
-3.199608610567515332e-01 1.131314229017984715e-05 9.999929265961591263e-01
-3.219178082191782031e-01 1.006993487292920722e-05 9.999938056416577403e-01
-3.238747553816049285e-01 8.172100186921559678e-06 9.999953079942518475e-01
-3.258317025440315429e-01 5.619638232158639252e-06 9.999974336539416697e-01
-3.277886497064582683e-01 2.919251337671260188e-06 9.999989788739453989e-01
-3.297455968688846606e-01 3.329704955857409887e-06 9.999922019720143274e-01
-3.317025440313113860e-01 4.126747946165635478e-06 9.999835748121115309e-01
-3.336594911937379448e-01 5.310380308597671684e-06 9.999730973942371204e-01
-3.356164383561646702e-01 6.880602043152651143e-06 9.999607697183907629e-01
-3.375733855185910626e-01 8.837413149829706493e-06 9.999465917845731244e-01
-3.395303326810177880e-01 1.118081362862970510e-05 9.999305635927835390e-01
-3.414872798434443468e-01 1.283385265883705412e-05 9.999178581639759367e-01
-3.434442270058711277e-01 9.867260773062207224e-06 9.999273493342593078e-01
-3.454011741682974646e-01 5.829280634399996996e-06 9.999419934900426465e-01
-3.473581213307242455e-01 7.199122428486887104e-07 9.999617906313257309e-01
-3.493150684931508043e-01 -5.460844401589549230e-06 9.999867407581082279e-01
-3.512720156555775297e-01 -1.271298929891601787e-05 1.000016843870390915e+00
-3.532289628180040886e-01 -2.103652244913028352e-05 1.000052099968173236e+00
-3.551859099804306474e-01 -2.490160862299653499e-05 1.000072001547054779e+00
-3.571428571428574283e-01 -1.180591023542797852e-05 1.000030183438382014e+00
-3.590998043052839872e-01 5.773362556724809247e-06 9.999729176252396545e-01
-3.610567514677107126e-01 2.783620975346052726e-05 9.999002041076272551e-01
-3.630136986301371049e-01 5.438263135477830815e-05 9.998120428855452602e-01
-3.649706457925638303e-01 8.541262736068075401e-05 9.997084339589934476e-01
-3.669275929549903892e-01 1.209261977711674312e-04 9.995893773279720396e-01
-3.688845401174171146e-01 1.399388389575124438e-04 9.995099581882291861e-01
-3.708414872798435069e-01 1.124582754421588407e-04 9.995489075116689159e-01
-3.727984344422702323e-01 7.276839250880580423e-05 9.996162286719580958e-01
-3.747553816046967912e-01 2.086919015745333436e-05 9.997119216690965038e-01
-3.767123287671235721e-01 -5.342207397634416571e-06 9.999363523454478653e-01
-3.786692759295501309e-01 -2.316323584028532473e-06 1.000298921050339906e+00
-3.806262230919766898e-01 1.492334569774909220e-05 1.000759839914572735e+00
-3.825831702544032487e-01 4.637680044770149321e-05 1.001319108938146130e+00
-3.845401174168299741e-01 2.848092149690005168e-05 1.001151590351903709e+00
-3.864970645792565329e-01 -4.487584797402410786e-06 1.000702243518876156e+00
-3.884540117416830918e-01 -5.123109606799784721e-05 9.999879133837312750e-01
-3.904109589041098727e-01 -9.358631766181969500e-05 9.992521161012597464e-01
-3.923679060665364315e-01 -8.471228537820741852e-05 9.991228507050473606e-01
-3.943248532289631569e-01 -5.801403708896720954e-05 9.991522542644654115e-01
-3.962818003913895493e-01 -1.349157279410297117e-05 9.993403267795137879e-01
-3.982387475538162747e-01 -1.328067782825018833e-06 9.993858145198311060e-01
-4.001956947162428335e-01 3.499860754165983606e-06 9.994389349113592669e-01
-4.021526418786695589e-01 2.086826970644842238e-06 9.995062590129297764e-01
-4.041095890410961178e-01 4.628021396382506203e-07 9.995616235091220325e-01
-4.060665362035226766e-01 9.333554445421256285e-07 9.996056818501610763e-01
-4.080234833659492910e-01 1.403908749446434318e-06 9.996497401912003422e-01
-4.099804305283760164e-01 1.372509845976987303e-06 9.996811191826966425e-01
-4.119373776908025753e-01 3.604665229860713749e-07 9.996877270243402780e-01
-4.138943248532291341e-01 -6.515768000039771912e-07 9.996943348659843576e-01
-4.158512720156556930e-01 -1.636138812647746493e-06 9.997010371022699848e-01
-4.178082191780824184e-01 -1.380179765544074788e-06 9.997120003632251617e-01
-4.197651663405089772e-01 -1.124220718439535721e-06 9.997229636241800055e-01
-4.217221135029355361e-01 -8.682616713354303351e-07 9.997339268851350713e-01
-4.236790606653620950e-01 -6.123026242308912681e-07 9.997448901460901372e-01
-4.256360078277888759e-01 -3.563435771272195629e-07 9.997558534070450920e-01
-4.275929549902154347e-01 -1.003845300226804960e-07 9.997668166680002688e-01
-4.295499021526421601e-01 5.828753444616849300e-08 9.997751685363437391e-01
-4.315068493150687190e-01 6.343774268998542132e-08 9.997793995466837114e-01
-4.334637964774952779e-01 6.858795093380234964e-08 9.997836305570237947e-01
-4.354207436399220033e-01 7.373815917805295883e-08 9.997878615673636560e-01
-4.373776908023486176e-01 7.888836742143620628e-08 9.997920925777037393e-01
-4.393346379647751765e-01 8.403857566525313461e-08 9.997963235880436006e-01
-4.412915851272017354e-01 7.817800021930887411e-08 9.997984340373770040e-01
-4.432485322896284607e-01 5.971665645960674840e-08 9.997981177114059204e-01
-4.452054794520550196e-01 4.125531269947094182e-08 9.997978013854345036e-01
-4.471624266144815785e-01 2.279396893976881611e-08 9.997974850594634200e-01
-4.491193737769081373e-01 4.332625180066690396e-09 9.997971687334923363e-01
-4.510763209393348627e-01 -1.412871857985227575e-08 9.997968524075209196e-01
-4.530332681017614216e-01 -7.581210837055707419e-09 9.997961390163949691e-01
-4.549902152641882025e-01 1.986480764387330011e-08 9.997950938199320348e-01
-4.569471624266145393e-01 4.731082612501914808e-08 9.997940486234693225e-01
-4.589041095890413202e-01 7.475684460616499605e-08 9.997930034270061661e-01
-4.608610567514678791e-01 1.022028630873108440e-07 9.997919582305434538e-01
-4.628180039138946045e-01 1.296488815680230111e-07 9.997909130340805195e-01
-4.647749510763211633e-01 2.856163005061137378e-07 9.997850900976836819e-01
-4.667318982387477222e-01 5.704361839592615724e-07 9.997744771141575670e-01
-4.686888454011745031e-01 9.182763213804161911e-07 9.997615213738381135e-01
-4.706457925636010620e-01 1.329136712770444956e-06 9.997462228767253212e-01
-4.726027397260276208e-01 1.803017358128480505e-06 9.997285816228187461e-01
-4.745596868884541797e-01 2.339918257454956518e-06 9.997085976121189432e-01
-4.765166340508809051e-01 2.939839410749872997e-06 9.996862708446252466e-01
-4.784735812133074639e-01 3.602780818012796260e-06 9.996616013203385442e-01
-4.804305283757341893e-01 4.328742479244810509e-06 9.996345890392581701e-01
-4.823874755381605817e-01 5.117724394444831543e-06 9.996052340013840132e-01
-4.843444227005873071e-01 5.969726563613293041e-06 9.995735362067166285e-01
-4.863013698630138659e-01 6.884748986750411845e-06 9.995394956552554611e-01
-4.882583170254406468e-01 3.626359675438367569e-06 9.996547116497507268e-01
-4.902152641878670392e-01 -1.529171024366006784e-06 9.998377286166768574e-01
-4.921722113502937646e-01 -7.482123175767607312e-06 1.000049193445655016e+00
-4.941291585127203234e-01 -1.423249677876578349e-05 1.000289106136685202e+00
-4.960861056751470488e-01 -2.178029183336096901e-05 1.000557466689767416e+00
-4.980430528375734411e-01 -3.012550833955186282e-05 1.000854275104902102e+00
-5.000000000000002220e-01 -3.926814629734019964e-05 1.001179531382088372e+00
-5.000000000000000000e-01 -3.926814629734019964e-05 1.001179531382088372e+00
-4.980430528375733301e-01 3.848881480672181055e-09 1.000720703771980080e+00
-4.960861056751467713e-01 4.150683570718766147e-09 1.000612456778904313e+00
-4.941291585127201569e-01 4.488878585463471071e-09 1.000553514166882429e+00
-4.921722113502935980e-01 4.828887472827989025e-09 1.000496959583010881e+00
-4.902152641878669281e-01 5.250890893317497476e-09 1.000466349038593217e+00
-4.882583170254402583e-01 5.681601698013030721e-09 1.000438493613409197e+00
-4.863013698630136994e-01 6.112312502274883097e-09 1.000410638188225398e+00
-4.843444227005870295e-01 6.543023306753575907e-09 1.000382782763041600e+00
-4.823874755381604706e-01 7.082373049789245090e-09 1.000362055176211573e+00
-4.804305283757338563e-01 7.647537986123914555e-09 1.000343021333149007e+00
-4.784735812133071864e-01 8.212702922241743586e-09 1.000323987490086441e+00
-4.765166340508806275e-01 8.777867858576413052e-09 1.000304953647023876e+00
-4.745596868884539576e-01 9.624547526359064631e-09 1.000293837651007767e+00
-4.726027397260273988e-01 1.058509832151284524e-08 1.000285924379639368e+00
-4.706457925636007844e-01 1.154564911688346629e-08 1.000278011108271192e+00
-4.686888454011742255e-01 1.250619991182040647e-08 1.000270097836902794e+00
-4.667318982387475557e-01 1.346675070740786795e-08 1.000262184565534618e+00
-4.647749510763208858e-01 1.442730150256164856e-08 1.000254271294166664e+00
-4.628180039138943269e-01 1.538785229793226961e-08 1.000246358022798265e+00
-4.608610567514677125e-01 1.634840309308605022e-08 1.000238444751429867e+00
-4.589041095890410982e-01 1.766716041171068063e-08 1.000232008102950321e+00
-4.569471624266144838e-01 1.931656990611374525e-08 1.000226934490983322e+00
-4.549902152641878139e-01 2.096597940051680986e-08 1.000221860879016322e+00
-4.530332681017612551e-01 2.261538889470303404e-08 1.000216787267049323e+00
-4.510763209393345852e-01 2.426479838910609865e-08 1.000211713655082324e+00
-4.491193737769080263e-01 2.591420788350916327e-08 1.000206640043115325e+00
-4.471624266144814119e-01 2.756361737769538744e-08 1.000201566431148326e+00
-4.452054794520547421e-01 2.932498517041644270e-08 1.000196094662002988e+00
-4.432485322896281832e-01 3.173498092632655310e-08 1.000188316177901271e+00
-4.412915851272015133e-01 3.414497668267034436e-08 1.000180537693799332e+00
-4.393346379647749544e-01 3.655497243901413562e-08 1.000172759209697171e+00
-4.373776908023483401e-01 3.896496819492424601e-08 1.000164980725595232e+00
-4.354207436399216702e-01 4.137496395148487771e-08 1.000157202241493293e+00
-4.334637964774951113e-01 4.378495970782866897e-08 1.000149423757391354e+00
-4.315068493150684414e-01 4.619495546417246024e-08 1.000141645273289193e+00
-4.295499021526418826e-01 4.970719282861545130e-08 1.000136472489226325e+00
-4.275929549902152127e-01 5.354053776935110975e-08 1.000132058803728352e+00
-4.256360078277886538e-01 5.737388270965308734e-08 1.000127645118230602e+00
-4.236790606653620395e-01 6.120722765017190536e-08 1.000123231432732629e+00
-4.217221135029353696e-01 6.504057259069072339e-08 1.000118817747234434e+00
-4.197651663405088107e-01 6.887391753142638184e-08 1.000114404061736684e+00
-4.178082191780821408e-01 7.270726247194519987e-08 1.000109990376238711e+00
-4.158512720156555820e-01 7.734887506796045420e-08 1.000106035052369835e+00
-4.138943248532289676e-01 8.355768163427652884e-08 1.000102968470709897e+00
-4.119373776908022977e-01 9.028424356825187624e-08 1.000100195503661471e+00
-4.099804305283757389e-01 9.752856086945281555e-08 1.000097716151225002e+00
-4.080234833659490690e-01 1.052906335378793468e-07 1.000095530413399825e+00
-4.060665362035224546e-01 1.135704615739651507e-07 1.000093638290186160e+00
-4.041095890410958957e-01 1.223680449779270679e-07 1.000092039781584230e+00
-4.021526418786692814e-01 1.316833837486808961e-07 1.000090734887594035e+00
-4.001956947162426670e-01 1.415164778877445184e-07 1.000089723608215131e+00
-3.982387475538159971e-01 1.518673273931663709e-07 1.000089005943447962e+00
-3.962818003913894382e-01 1.627359322668980174e-07 1.000088581893292528e+00
-3.943248532289627684e-01 1.741222925076384154e-07 1.000088451457748828e+00
-3.923679060665361540e-01 1.860264081156044053e-07 1.000088614636816420e+00
-3.904109589041095951e-01 1.984482790918801892e-07 1.000089071430495746e+00
-3.884540117416829252e-01 2.113879054351647246e-07 1.000089821838786808e+00
-3.864970645792563664e-01 2.262017266602047577e-07 1.000089189950822854e+00
-3.845401174168296965e-01 2.424669333263296256e-07 1.000087698156971738e+00
-3.825831702544030821e-01 2.595184055362298459e-07 1.000086168227502181e+00
-3.806262230919765233e-01 2.773561432892548972e-07 1.000084600162413739e+00
-3.786692759295498534e-01 2.959801465856216202e-07 1.000082993961706190e+00
-3.767123287671232945e-01 3.153904154251131742e-07 1.000081349625379978e+00
-3.747553816046966246e-01 3.355869498083800806e-07 1.000079667153435325e+00
-3.727984344422700103e-01 3.565697497347718181e-07 1.000077946545871344e+00
-3.708414872798433959e-01 3.783388152042883867e-07 1.000076187802688921e+00
-3.688845401174168370e-01 4.008941462171466269e-07 1.000074390923887613e+00
-3.669275929549902227e-01 4.242357427737802195e-07 1.000072555909467420e+00
-3.649706457925635528e-01 4.483636048737554836e-07 1.000070682759428120e+00
-3.630136986301369384e-01 4.732777325170724192e-07 1.000068771473770601e+00
-3.610567514677103240e-01 4.989781257030805051e-07 1.000066822052494420e+00
-3.590998043052837096e-01 5.254647844328639433e-07 1.000064834495598909e+00
-3.571428571428571508e-01 5.573264931083617840e-07 1.000063857260624633e+00
-3.551859099804304809e-01 5.910411354293539782e-07 1.000063085605168212e+00
-3.532289628180038665e-01 6.261859376037372943e-07 1.000062422932759709e+00
-3.512720156555772522e-01 6.627608996317285728e-07 1.000061869243399570e+00
-3.493150684931506378e-01 7.007660215126772923e-07 1.000061424537087795e+00
-3.473581213307240789e-01 7.402013032478844956e-07 1.000061088813823940e+00
-3.454011741682974090e-01 7.810667448356154591e-07 1.000060862073608448e+00
-3.434442270058708502e-01 8.233623462778217467e-07 1.000060744316441097e+00
-3.414872798434441803e-01 8.670881075729854753e-07 1.000060735542322110e+00
-3.395303326810175659e-01 9.122440287215403260e-07 1.000060835751251265e+00
-3.375733855185909515e-01 9.588301097234862985e-07 1.000061044943228783e+00
-3.356164383561643372e-01 1.006846350579040233e-06 1.000061363118254665e+00
-3.336594911937377783e-01 1.056292751288202131e-06 1.000061790276328466e+00
-3.317025440313111084e-01 1.107169311850321469e-06 1.000062326417450631e+00
-3.297455968688844941e-01 1.199869467211457999e-06 1.000062776834730549e+00
-3.277886497064578797e-01 1.517859799355985792e-06 1.000062257171399960e+00
-3.258317025440312653e-01 1.870157450192160356e-06 1.000061688014637795e+00
-3.238747553816047065e-01 2.256762419719981691e-06 1.000061069364444721e+00
-3.219178082191780366e-01 2.677674707939016116e-06 1.000060401220820516e+00
-3.199608610567514777e-01 3.132894314849263631e-06 1.000059683583765402e+00
-3.180039138943248078e-01 3.622421240450724236e-06 1.000058916453279156e+00
-3.160469667318981379e-01 4.146255484744048453e-06 1.000058099829361780e+00
-3.140900195694715791e-01 4.704397047728368919e-06 1.000057233712013716e+00
-3.121330724070449647e-01 5.296845929403902475e-06 1.000056318101234298e+00
-3.101761252446184058e-01 5.923602129770865962e-06 1.000055352997024194e+00
-3.082191780821917360e-01 6.584665648829259380e-06 1.000054338399382736e+00
-3.062622309197651216e-01 7.280036486578865887e-06 1.000053274308310369e+00
-3.043052837573385072e-01 8.009714643020336006e-06 1.000052160723806871e+00
-3.023483365949118928e-01 8.773700118152585534e-06 1.000050997645872464e+00
-3.003913894324852785e-01 9.571992911976481833e-06 1.000049785074507147e+00
-2.984344422700586641e-01 1.040459302449159122e-05 1.000048523009710921e+00
-2.964774951076320497e-01 1.127150045569813054e-05 1.000047211451483342e+00
-2.945205479452054353e-01 1.217271520559588295e-05 1.000045850399824854e+00
-2.925636007827788210e-01 1.310823727418549897e-05 1.000044439854735234e+00
-2.906066536203522066e-01 1.407806666146589440e-05 1.000042979816214928e+00
-2.886497064579256477e-01 1.508220336743771976e-05 1.000041470284263267e+00
-2.866927592954989779e-01 1.612064739210097505e-05 1.000039911258880698e+00
-2.847358121330723080e-01 1.719339873545566028e-05 1.000038302740066998e+00
-2.827788649706456936e-01 1.830045739750199227e-05 1.000036644727822166e+00
-2.808219178082191347e-01 1.944182337823910367e-05 1.000034937222146869e+00
-2.788649706457925204e-01 2.061749667766807868e-05 1.000033180223039997e+00
-2.769080234833659060e-01 2.182747729578804995e-05 1.000031373730502215e+00
-2.749510763209392916e-01 2.307176523259923430e-05 1.000029517744533747e+00
-2.729941291585126772e-01 2.435036048810228226e-05 1.000027612265133925e+00
-2.710371819960860629e-01 2.625625275267328383e-05 1.000025291494244239e+00
-2.690802348336594485e-01 2.853263407798212713e-05 1.000022713849203493e+00
-2.671232876712328341e-01 3.090169069477097068e-05 1.000020050705230590e+00
-2.651663405088062198e-01 3.336342260304024816e-05 1.000017302062325086e+00
-2.632093933463796054e-01 3.591782980278952590e-05 1.000014467920486982e+00
-2.612524461839529355e-01 3.856491229401967126e-05 1.000011548279716722e+00
-2.592954990215263211e-01 4.130467007673025055e-05 1.000008543140013639e+00
-2.573385518590997623e-01 4.413710315092061326e-05 1.000005452501378400e+00
-2.553816046966731479e-01 4.706221151659206042e-05 1.000002276363810561e+00
-2.534246575342465335e-01 5.007999517374329100e-05 9.999990147273100094e-01
-2.514677103718199191e-01 5.319045412237517235e-05 9.999956675918773019e-01
-2.495107632093933048e-01 5.639358836248748764e-05 9.999922349575117719e-01
-2.475538160469666626e-01 5.968939789408002003e-05 9.999887168242140856e-01
-2.455968688845400483e-01 6.307788271715320319e-05 9.999851131919836877e-01
-2.436399217221134617e-01 6.655904283170616977e-05 9.999814240608211335e-01
-2.416829745596868473e-01 7.013287823773978712e-05 9.999776494307256458e-01
-2.397260273972602329e-01 7.379938893525448892e-05 9.999737893016981127e-01
-2.377690802348336185e-01 7.755857492424875731e-05 9.999698436737379792e-01
-2.358121330724069764e-01 8.141043620472367646e-05 9.999658125468454672e-01
-2.338551859099803620e-01 8.535497277667881272e-05 9.999616959210200218e-01
-2.318982387475537754e-01 8.939218464011438291e-05 9.999574937962624199e-01
-2.299412915851271055e-01 9.352207179503060387e-05 9.999532061725723286e-01
-2.279843444227005189e-01 9.774463424142660825e-05 9.999488330499499700e-01
-2.260273972602739045e-01 1.020598719793036971e-04 9.999443744283947888e-01
-2.240704500978472902e-01 1.064677850086605693e-04 9.999398303079072292e-01
-2.221135029354206758e-01 1.109683733294983092e-04 9.999352006884874022e-01
-2.201565557729940892e-01 1.155616369418156156e-04 9.999304855701348638e-01
-2.181996086105674748e-01 1.202475758456142234e-04 9.999256849528498359e-01
-2.162426614481408604e-01 1.250261900408930482e-04 9.999207988366323185e-01
-2.142857142857142461e-01 1.305234495494831531e-04 9.999151932231953310e-01
-2.123287671232876039e-01 1.390560161160631601e-04 9.999065217388668492e-01
-2.103718199608609618e-01 1.479125648051033380e-04 9.998975304821908772e-01
-2.084148727984343474e-01 1.570930956166017353e-04 9.998882194531675260e-01
-2.064579256360077331e-01 1.665976085505592192e-04 9.998785886517969068e-01
-2.045009784735811464e-01 1.764261036069762235e-04 9.998686380780785754e-01
-2.025440313111545321e-01 1.865785807858523146e-04 9.998583677320129759e-01
-2.005870841487279177e-01 1.970550400871874924e-04 9.998477776135998862e-01
-1.986301369863013033e-01 2.078554815109817568e-04 9.998368677228390844e-01
-1.966731898238747167e-01 2.189799050572351080e-04 9.998256380597312365e-01
-1.947162426614481023e-01 2.304283107259481964e-04 9.998140886242758985e-01
-1.927592954990214602e-01 2.422006985171199379e-04 9.998022194164729592e-01
-1.908023483365948458e-01 2.542970684307509829e-04 9.997900304363227519e-01
-1.888454011741682315e-01 2.667174204668413314e-04 9.997775216838251655e-01
-1.868884540117416448e-01 2.794617546253903330e-04 9.997646931589796448e-01
-1.849315068493149750e-01 2.925300709063997223e-04 9.997515448617871892e-01
-1.829745596868883606e-01 3.059223693098673310e-04 9.997380767922472433e-01
-1.810176125244617740e-01 3.196386498357944601e-04 9.997242889503595853e-01
-1.790606653620351596e-01 3.336789124841800253e-04 9.997101813361246592e-01
-1.771037181996085452e-01 3.480431572550257615e-04 9.996957539495423539e-01
-1.751467710371819031e-01 3.627313841483301507e-04 9.996810067906123365e-01
-1.731898238747552887e-01 3.777435931640934098e-04 9.996659398593350510e-01
-1.712328767123286744e-01 3.930797843023161892e-04 9.996505531557104973e-01
-1.692759295499020877e-01 4.087399575629982722e-04 9.996348466797382315e-01
-1.673189823874754734e-01 4.247241129461392251e-04 9.996188204314184755e-01
-1.653620352250488590e-01 4.410322504517396984e-04 9.996024744107516735e-01
-1.634050880626222724e-01 4.576643700797990415e-04 9.995858086177369373e-01
-1.614481409001956025e-01 4.746204718303179051e-04 9.995688230523751550e-01
-1.594911937377690159e-01 4.919005557032956385e-04 9.995515177146658825e-01
-1.575342465753424015e-01 5.095046216987328923e-04 9.995338926046091199e-01
-1.555772994129157316e-01 1.623901142797159157e-03 9.984191731786463686e-01
-1.536203522504891450e-01 2.517269542936439661e-03 9.975254281375796062e-01
-1.516634050880625306e-01 2.716377052990235318e-03 9.973260895055032771e-01
-1.497064579256359163e-01 2.931655213834509586e-03 9.971108394216694482e-01
-1.477495107632093296e-01 3.165813196776498268e-03 9.968764204090132530e-01
-1.457925636007827153e-01 3.426121768158663702e-03 9.966159071380709111e-01
-1.438356164383561009e-01 3.705706634073267867e-03 9.963361590950512436e-01
-1.418786692759294865e-01 3.985291499987874200e-03 9.960564110520321313e-01
-1.399217221135028999e-01 4.295746635807545094e-03 9.957469789311490516e-01
-1.379647749510762300e-01 4.641135984219909791e-03 9.954039549469653192e-01
-1.360078277886495879e-01 4.986525332632283161e-03 9.950609309627815868e-01
-1.340508806262229735e-01 5.363384489300140889e-03 9.946862853242202096e-01
-1.320939334637963869e-01 5.795568215295652907e-03 9.942560481677291673e-01
-1.301369863013697725e-01 6.227751941291164925e-03 9.938258110112383470e-01
-1.281800391389431582e-01 6.679633177703070933e-03 9.933755079855987047e-01
-1.262230919765165438e-01 7.217486119348160215e-03 9.928376255171142972e-01
-1.242661448140899433e-01 7.801097022116764042e-03 9.922531293781200468e-01
-1.223091976516633428e-01 8.430816997800743770e-03 9.916218548640129971e-01
-1.203522504892367284e-01 9.109121642447245981e-03 9.909426406863575121e-01
-1.183953033268100863e-01 9.834626898156149238e-03 9.902161360990715533e-01
-1.164383561643834719e-01 1.060767305978658342e-02 9.894420297289729938e-01
-1.144814090019568714e-01 1.143812573402290533e-02 9.886112944477589703e-01
-1.125244618395302570e-01 1.232081006539058679e-02 9.877286652996914995e-01
-1.105675146771036566e-01 1.325572605388961392e-02 9.867941422847695820e-01
-1.086105675146770005e-01 1.426827649048074617e-02 9.857823659558355711e-01
-1.066536203522504417e-01 1.534777678053523588e-02 9.847040026768054677e-01
-1.046966731898237857e-01 1.649292854905106895e-02 9.835603486073153379e-01
-1.027397260273972268e-01 1.778046800596370589e-02 9.822734493925381338e-01
-1.007827788649705292e-01 1.922250289695454084e-02 9.808310050830264526e-01
-9.882583170254388705e-02 2.082897603696012845e-02 9.792229150271564153e-01
-9.686888454011731431e-02 2.253337022698908426e-02 9.775162082807178354e-01
-9.491193737769067218e-02 2.431781924648916682e-02 9.757287965154065601e-01
-9.295499021526411332e-02 2.619624644946897188e-02 9.738464970690704492e-01
-9.099804305283745731e-02 2.818836791283627768e-02 9.718514837113980676e-01
-8.904109589041089845e-02 3.030888176749612847e-02 9.697305822709100243e-01
-8.708414872798424244e-02 3.255063797212977283e-02 9.674908736730390979e-01
-8.512720156555768358e-02 3.495367794541055784e-02 9.650909027352747582e-01
-8.317025440313102758e-02 3.757057050177875501e-02 9.624759723324309846e-01
-8.121330724070446871e-02 4.040056926358093214e-02 9.596477415629600660e-01
-7.925636007827781271e-02 4.346643461012165977e-02 9.565831458180442670e-01
-7.729941291585125385e-02 4.679291135701334897e-02 9.532571643995368937e-01
-7.534246575342459784e-02 5.040057764875971458e-02 9.496488837609593503e-01
-7.338551859099795571e-02 5.429612614159838591e-02 9.457516915474128982e-01
-7.142857142857129971e-02 5.844740814562010556e-02 9.415988064009753744e-01
-6.947162426614464370e-02 6.288431936655740351e-02 9.371598217194854197e-01
-6.751467710371808484e-02 6.760893623479662107e-02 9.324328493404607787e-01
-6.555772994129142883e-02 7.259093235145028244e-02 9.274491772991182437e-01
-6.360078277886486997e-02 7.784439224125673518e-02 9.221946227376931482e-01
-6.164383561643822090e-02 8.337163916670387032e-02 9.166670940063244011e-01
-5.968688845401166204e-02 8.923141985865176706e-02 9.108076013925545666e-01
-5.772994129158500604e-02 9.543019895373983097e-02 9.046098770380666121e-01
-5.577299412915844717e-02 1.019971665715464770e-01 8.980447364509502872e-01
-5.381604696673179117e-02 1.090697610070451018e-01 8.909735567567036441e-01
-5.185909980430523231e-02 1.166566870631040864e-01 8.833878478560422964e-01
-4.990215264187858324e-02 1.248044117532905173e-01 8.752409487625024687e-01
-4.794520547945192723e-02 1.335240094833329005e-01 8.665214219951296037e-01
-4.598825831702536837e-02 1.428610741715757859e-01 8.571834515284398881e-01
-4.403131115459871237e-02 1.528581787087112676e-01 8.471842300275641557e-01
-4.207436399217215350e-02 1.632565983317955105e-01 8.367839119726530051e-01
-4.011741682974550444e-02 1.739998985369547169e-01 8.260392212610319085e-01
-3.816046966731893864e-02 1.850988953007740023e-01 8.149392522141003514e-01
-3.620352250489228957e-02 1.966107047859615986e-01 8.034272301583651466e-01
-3.424657534246564050e-02 2.085562078727748458e-01 7.914825801741438571e-01
-3.228962818003898450e-02 2.208906743635008774e-01 7.791502740881608435e-01
-3.033268101761242563e-02 2.338371341559141725e-01 7.662062267108000757e-01
-2.837573385518577310e-02 2.476449165657591822e-01 7.523999036763181492e-01
-2.641878669275921077e-02 2.622884565261040524e-01 7.377572303471695569e-01
-2.446183953033255823e-02 2.776580634530998459e-01 7.223875898748307600e-01
-2.250489236790590569e-02 2.935102125277103124e-01 7.065345398239848418e-01
-2.054794520547934683e-02 3.100041303097917922e-01 6.900389245136240302e-01
-1.859099804305269429e-02 3.270720031432132191e-01 6.729685637424973610e-01
-1.663405088062613196e-02 3.445711108790083244e-01 6.554661905872829486e-01
-1.467710371819948116e-02 3.625955993428455204e-01 6.374376506945038656e-01
-1.272015655577291883e-02 3.810680223938479605e-01 6.189605198922627505e-01
-1.076320939334626803e-02 3.996857594429246152e-01 6.003379255221399369e-01
-8.806262230919707432e-03 4.186286532935784566e-01 5.813897236253522394e-01
-6.849315068493054028e-03 4.378490459860735484e-01 5.621636782767507334e-01
-4.892367906066493431e-03 4.569290363671495991e-01 5.430786211274445385e-01
-2.935420743639841328e-03 4.760985968599765750e-01 5.239040676981387978e-01
-9.784735812132805150e-04 4.953491482036580518e-01 5.046486284019833235e-01
9.784735812133715880e-04 5.139886573151348781e-01 4.860068491713390726e-01
2.935420743640114981e-03 5.321331223083969331e-01 4.678623106901284023e-01
4.892367906066675577e-03 5.496408251416085022e-01 4.503572455942014274e-01
6.849315068493328114e-03 5.674098529458161400e-01 4.325907084470129171e-01
8.806262230919889578e-03 5.852833588729380310e-01 4.147201097651826984e-01
1.076320939334654038e-02 6.032938042439237591e-01 3.967129378221945779e-01
1.272015655577310271e-02 6.211230376834186995e-01 3.788866678362416973e-01
1.467710371819975351e-02 6.387788182708472595e-01 3.612331909231454863e-01
1.663405088062631584e-02 6.563096367767583539e-01 3.437037072945265392e-01
1.859099804305296838e-02 6.734334772366891153e-01 3.265810185060550874e-01
2.054794520547952724e-02 6.899980407512409375e-01 3.100176451101758213e-01
2.250489236790617978e-02 7.059732242638695476e-01 2.940433805764371966e-01
2.446183953033274211e-02 7.214943808793828905e-01 2.785229638458028845e-01
2.641878669275939465e-02 7.366769246024065243e-01 2.633410656611093748e-01
2.837573385518604718e-02 7.514122441070513192e-01 2.486063000957064173e-01
3.033268101761260604e-02 7.655494510196217961e-01 2.344695984567316538e-01
3.228962818003926205e-02 7.789584904909576668e-01 2.210610127498993105e-01
3.424657534246582091e-02 7.917508726116917472e-01 2.082690217687247491e-01
3.620352250489246998e-02 8.039749416413902727e-01 1.960452933502665196e-01
3.816046966731912599e-02 8.157118549173378863e-01 1.843086904643022050e-01
4.011741682974577505e-02 8.269052181585447858e-01 1.731155932809324838e-01
4.207436399217233391e-02 8.375457965111435810e-01 1.624752464574494570e-01
4.403131115459898992e-02 8.476054665426728807e-01 1.524158032812481800e-01
4.598825831702554878e-02 8.571015561815312767e-01 1.429199174291575780e-01
4.794520547945220479e-02 8.660835761238137032e-01 1.339380803228621963e-01
4.990215264187876365e-02 8.748562878752017546e-01 1.251655434926082222e-01
5.185909980430541272e-02 8.832473375120480918e-01 1.167746534897422944e-01
5.381604696673206872e-02 8.912358472769870144e-01 1.087862885777772515e-01
5.577299412915862759e-02 8.983973645835690025e-01 1.016249116333094171e-01
5.772994129158528359e-02 9.049565861359880614e-01 9.506582050474676748e-02
5.968688845401184245e-02 9.109135119342437470e-01 8.910901519208977439e-02
6.164383561643849152e-02 9.168909752833391824e-01 8.313110512775864769e-02
6.360078277886505038e-02 9.226110624112171532e-01 7.741025273933936635e-02
6.555772994129170639e-02 9.280507406863949260e-01 7.196951126611370042e-02
6.751467710371826525e-02 9.330146427753104321e-01 6.700539384651030272e-02
6.947162426614492126e-02 9.375549718211710903e-01 6.246539117244487987e-02
7.142857142857148012e-02 9.417079979893572261e-01 5.831305100185309870e-02
7.338551859099813612e-02 9.457193190456507637e-01 5.430209978857689079e-02
7.534246575342477825e-02 9.494696249737990534e-01 5.055217583918274193e-02
7.729941291585143426e-02 9.529829048632301181e-01 4.703922334495928836e-02
7.925636007827809026e-02 9.563439986965341921e-01 4.367816636342712611e-02
8.121330724070464913e-02 9.595057713862875648e-01 4.051627107574302944e-02
8.317025440313130513e-02 9.624144343247252875e-01 3.760754741740273549e-02
8.512720156555786399e-02 9.650078573134649451e-01 3.501438123824331811e-02
8.708414872798452000e-02 9.673299566820885431e-01 3.269267550310274439e-02
8.904109589041107886e-02 9.695773916686813987e-01 3.044550690608999535e-02
9.099804305283773487e-02 9.717959932095706632e-01 2.822698297054566582e-02
9.295499021526429373e-02 9.739147416400721902e-01 2.610821872411374367e-02
9.491193737769093586e-02 9.758280453572851787e-01 2.419492238655987851e-02
9.686888454011750860e-02 9.775632691324376289e-01 2.245969896461452037e-02
9.882583170254415073e-02 9.791602842765028125e-01 2.086254670088657712e-02
1.007827788649707096e-01 9.806807301654421050e-01 1.934156873027889634e-02
1.027397260273973656e-01 9.820907383324908313e-01 1.793077499993425694e-02
1.046966731898240216e-01 9.833889635527566231e-01 1.663235217041850178e-02
1.066536203522505805e-01 9.845756021261271584e-01 1.544598115662814547e-02
1.086105675146772365e-01 9.856664673817255862e-01 1.435550784927808882e-02
1.105675146771037953e-01 9.867022211817566557e-01 1.331968795166932687e-02
1.125244618395304513e-01 9.876612079245009612e-01 1.236048725715460130e-02
1.144814090019570935e-01 9.885444506358845862e-01 1.147688362054043003e-02
1.164383561643837495e-01 9.893795287423043927e-01 1.064132135883420760e-02
1.183953033268103083e-01 9.901514177517219961e-01 9.868812029338890068e-03
1.203522504892369643e-01 9.908601176641371744e-01 9.159355632054420188e-03
1.223091976516635232e-01 9.915283113553187144e-01 8.490577272286286420e-03
1.242661448140901792e-01 9.921528627006512835e-01 7.865570493319004250e-03
1.262230919765167381e-01 9.927287421267435574e-01 7.289296578551645624e-03
1.281800391389433802e-01 9.932637913185220491e-01 6.753997240200406739e-03
1.301369863013700501e-01 9.937642647226114789e-01 6.253484548338224779e-03
1.320939334637966089e-01 9.942243885835946315e-01 5.793470853886186801e-03
1.340508806262232511e-01 9.946461216103013037e-01 5.371986819652416721e-03
1.360078277886498099e-01 9.950392330811146380e-01 4.979210157111460533e-03
1.379647749510764798e-01 9.954018413964368373e-01 4.617032675813714966e-03
1.399217221135030387e-01 9.957361348685362934e-01 4.283254189251869612e-03
1.418786692759296808e-01 9.960455986170358988e-01 3.974252674803164034e-03
1.438356164383562397e-01 9.963322537641664534e-01 3.688011255250604227e-03
1.457925636007828818e-01 9.965985043304789182e-01 3.422093238774588826e-03
1.477495107632094684e-01 9.968467960281517382e-01 3.174016222326485337e-03
1.497064579256361938e-01 9.970795745693623591e-01 2.941297802857622667e-03
1.516634050880628637e-01 9.972992856662878935e-01 2.721455577319363550e-03
1.536203522504894226e-01 9.975010379349195100e-01 2.519206807795905216e-03
1.555772994129160647e-01 9.976774829474106543e-01 2.341679777352459468e-03
1.575342465753426235e-01 9.978377793880828239e-01 2.179804851391145114e-03
1.594911937377692657e-01 9.979828548647524666e-01 2.032589295630416425e-03
1.614481409001958245e-01 9.981136369852374735e-01 1.899040375788754124e-03
1.634050880626224944e-01 9.982310533573550693e-01 1.778165357584614650e-03
1.653620352250490533e-01 9.983360315889220349e-01 1.668971506736480464e-03
1.673189823874756954e-01 9.984439446477371138e-01 1.558946297043042797e-03
1.692759295499022543e-01 9.985503398908666117e-01 1.451387601670319633e-03
1.712328767123289242e-01 9.986552592689912355e-01 1.346008974442149900e-03
1.731898238747554830e-01 9.987606032328200101e-01 1.241041864641803487e-03
1.751467710371821251e-01 9.988682722330624042e-01 1.134717721552531630e-03
1.771037181996087673e-01 9.989801667204267765e-01 1.025267994457596411e-03
1.790606653620353539e-01 9.990654667948848378e-01 9.408280667921225041e-04
1.810176125244619960e-01 9.991424449216086412e-01 8.646666007237390275e-04
1.829745596868885549e-01 9.992115861021462209e-01 7.963086593737104917e-04
1.849315068493151970e-01 9.992725923269699662e-01 7.359949189649612165e-04
1.868884540117418669e-01 9.993251655865507121e-01 6.839660557204294000e-04
1.888454011741685090e-01 9.993697106151061549e-01 6.395577488565221645e-04
1.908023483365950679e-01 9.994159247406675384e-01 5.901386275138109129e-04
1.927592954990217378e-01 9.994580431144960420e-01 5.429895915479961491e-04
1.947162426614482966e-01 9.994965181973065604e-01 4.973848577455798788e-04
1.966731898238749388e-01 9.995318024498137666e-01 4.525986428930606383e-04
1.986301369863014976e-01 9.995643483327332213e-01 4.079051637769413007e-04
2.005870841487281397e-01 9.995938707250232591e-01 3.661776161142504121e-04
2.025440313111548096e-01 9.996171549721331040e-01 3.445836508290823358e-04
2.045009784735813685e-01 9.996367688107703486e-01 3.320761424780438453e-04
2.064579256360080106e-01 9.996528413065226548e-01 3.295072919011893513e-04
2.084148727984345695e-01 9.996655015249771292e-01 3.377292999385713129e-04
2.103718199608612394e-01 9.996748785317218777e-01 3.575943674302424057e-04
2.123287671232877982e-01 9.996901556767052721e-01 3.697802204459508819e-04
2.142857142857144404e-01 9.997300578711025842e-01 3.319337024312799932e-04
2.162426614481409992e-01 9.997765172994776961e-01 2.836198817213224019e-04
2.181996086105676413e-01 9.998295339618306077e-01 2.248387583160748552e-04
2.201565557729942280e-01 9.998590766879765779e-01 1.922468138496875954e-04
2.221135029354208701e-01 9.998769448429145612e-01 1.714415723711043300e-04
2.240704500978475122e-01 9.998857857035426955e-01 1.591917293254259402e-04
2.260273972602741821e-01 9.998938952587645979e-01 1.485691257618591311e-04
2.279843444227008242e-01 9.999077797496168651e-01 1.341402597080289943e-04
2.299412915851273831e-01 9.999212012069229605e-01 1.211145935301281146e-04
2.318982387475540252e-01 9.999336660493873818e-01 1.097210949048716289e-04
2.338551859099806118e-01 9.999394997352621939e-01 1.025921298754514134e-04
2.358121330724072540e-01 9.999419705187445606e-01 9.821158634853782363e-05
2.377690802348338128e-01 9.999410783998343710e-01 9.657946432412999223e-05
2.397260273972604550e-01 9.999425745822680955e-01 9.321945106339829187e-05
2.416829745596870138e-01 9.999466176031202025e-01 8.800815300254085510e-05
2.436399217221136837e-01 9.999513222909791610e-01 8.241284850463680145e-05
2.455968688845402426e-01 9.999566886458450821e-01 7.643353756968721512e-05
2.475538160469668847e-01 9.999627166677177437e-01 7.007022019769209610e-05
2.495107632093934436e-01 9.999694063565972568e-01 6.332289638865101072e-05
2.514677103718200857e-01 9.999767577124833995e-01 5.619156614256395899e-05
2.534246575342467556e-01 9.999804501022432346e-01 5.221331278471865421e-05
2.553816046966733144e-01 9.999831266058324397e-01 4.922438073830573933e-05
2.573385518590999843e-01 9.999852145637243561e-01 4.687492802024693754e-05
2.592954990215265432e-01 9.999867139759187618e-01 4.516495463054159831e-05
2.612524461839531575e-01 9.999876248424156566e-01 4.409446056918993849e-05
2.632093933463798274e-01 9.999879471632153738e-01 4.366344583619282543e-05
2.651663405088064973e-01 9.999881632501268491e-01 4.335350259160038015e-05
2.671232876712330562e-01 9.999929951006512052e-01 3.808924085165767658e-05
2.690802348336597261e-01 9.999986607277864259e-01 3.193569007532378635e-05
2.710371819960862849e-01 1.000005160131533177e+00 2.489285026259849265e-05
2.729941291585128993e-01 1.000012493311890793e+00 1.696072141348244598e-05
2.749510763209394582e-01 1.000020660268859274e+00 8.139303527975429511e-06
2.769080234833661280e-01 1.000029661002439507e+00 -1.571403393922773603e-06
2.788649706457926869e-01 1.000034077129010823e+00 -6.460870930217283911e-06
2.808219178082193568e-01 1.000023287463081889e+00 4.664752422762694084e-06
2.827788649706459712e-01 1.000008220731054553e+00 2.028749246541536148e-05
2.847358121330726410e-01 9.999888769329279281e-01 4.040734919774115197e-05
2.866927592954990889e-01 9.999652560687030123e-01 6.502432261973724661e-05
2.886497064579257588e-01 9.999373581383794729e-01 9.413841273140819907e-05
2.906066536203524286e-01 9.999051831419570879e-01 1.277496195327524914e-04
2.925636007827790430e-01 9.998979334065669633e-01 1.357148450622351361e-04
2.945205479452055464e-01 9.999277313855076121e-01 1.055211037730952820e-04
2.964774951076322163e-01 9.999692851689925277e-01 6.327509979612146000e-05
2.984344422700589416e-01 1.000022594757022043e+00 8.976833131315621606e-06
3.003913894324856115e-01 1.000031378914629787e+00 1.985497482535122232e-06
3.023483365949122259e-01 1.000026896953420952e+00 9.332243930289078893e-06
3.043052837573387293e-01 1.000009150815903247e+00 3.101502373324205655e-05
3.062622309197653436e-01 1.000002052892717375e+00 3.972481823769644441e-05
3.082191780821920135e-01 1.000023441168806926e+00 1.508985153706116425e-05
3.101761252446186834e-01 1.000055439321371864e+00 -2.247431691650451577e-05
3.121330724070451312e-01 1.000097933029191921e+00 -7.283656577671210677e-05
3.140900195694718011e-01 1.000077023940335375e+00 -5.085807361694606905e-05
3.160469667318984155e-01 1.000056114851478828e+00 -2.887958145718003133e-05
3.180039138943250854e-01 1.000035205762622281e+00 -6.901089297413776774e-06
3.199608610567515332e-01 1.000024911705458930e+00 3.947547195333120373e-06
3.219178082191782031e-01 1.000025126461822511e+00 3.777697716905248707e-06
3.238747553816049285e-01 1.000025341218186314e+00 3.607848238477377040e-06
3.258317025440315429e-01 1.000025561535722529e+00 3.374857462601788677e-06
3.277886497064582683e-01 1.000025792033551575e+00 3.026280102687295415e-06
3.297455968688846606e-01 1.000026022531381065e+00 2.677702742772368472e-06
3.317025440313113860e-01 1.000026210169100427e+00 2.372529310032704328e-06
3.336594911937379448e-01 1.000026230619121659e+00 2.236664884396749597e-06
3.356164383561646702e-01 1.000026251069142891e+00 2.100800458760578027e-06
3.375733855185910626e-01 1.000026271519164345e+00 1.964936033124406456e-06
3.395303326810177880e-01 1.000026291969185577e+00 1.829071607488234885e-06
3.414872798434443468e-01 1.000026312419207031e+00 1.693207181852063314e-06
3.434442270058711277e-01 1.000026332869228263e+00 1.557342756215891744e-06
3.454011741682974646e-01 1.000026386157517599e+00 1.470294749293709138e-06
3.473581213307242455e-01 1.000026442869500931e+00 1.388336305845755403e-06
3.493150684931508043e-01 1.000026499581483597e+00 1.306377862397367987e-06
3.512720156555775297e-01 1.000026556293466484e+00 1.224419418949414251e-06
3.532289628180040886e-01 1.000026613005449594e+00 1.142460975501460516e-06
3.551859099804306474e-01 1.000026669717432481e+00 1.060502532053506780e-06
3.571428571428574283e-01 1.000026695758016393e+00 9.909255660753638062e-07
3.590998043052839872e-01 1.000026701950463170e+00 9.293609264803166792e-07
3.610567514677107126e-01 1.000026708142910170e+00 8.677962868852695522e-07
3.630136986301371049e-01 1.000026714335357170e+00 8.062316472904392656e-07
3.649706457925638303e-01 1.000026720527804169e+00 7.446670076949584577e-07
3.669275929549903892e-01 1.000026726720251169e+00 6.831023681001281711e-07
3.688845401174171146e-01 1.000026725342753275e+00 6.254372377874004019e-07
3.708414872798435069e-01 1.000026702151867841e+00 5.790088482328110270e-07
3.727984344422702323e-01 1.000026671536988321e+00 5.364047845151341531e-07
3.747553816046967912e-01 1.000026633498113826e+00 4.976250466339360995e-07
3.767123287671235721e-01 1.000026588035245245e+00 4.626696345894337065e-07
3.786692759295501309e-01 1.000026535148382356e+00 4.315385483818438145e-07
3.806262230919766898e-01 1.000026474837524493e+00 4.042317880107327427e-07
3.825831702544032487e-01 1.000026407102672543e+00 3.807493534763173315e-07
3.845401174168299741e-01 1.000026331943825841e+00 3.610912447785975810e-07
3.864970645792565329e-01 1.000026249360984831e+00 3.452574619175734910e-07
3.884540117416830918e-01 1.000026159354149069e+00 3.332480048930282213e-07
3.904109589041098727e-01 1.000026061923319443e+00 3.250628737051786121e-07
3.923679060665364315e-01 1.000025957068494620e+00 3.207020683544583445e-07
3.943248532289631569e-01 1.000025946415418865e+00 2.453367114016620498e-07
3.962818003913895493e-01 1.000025987865565069e+00 1.299647112672219773e-07
3.982387475538162747e-01 1.000026043349624194e+00 2.617190487767817597e-09
4.001956947162428335e-01 1.000026112867596684e+00 -1.367058509374593708e-07
4.021526418786695589e-01 1.000026196419482094e+00 -2.880044130083511678e-07
4.041095890410961178e-01 1.000026294005280869e+00 -4.512784957245823125e-07
4.060665362035226766e-01 1.000026405624992787e+00 -6.265280990865864860e-07
4.080234833659492910e-01 1.000026531278617625e+00 -8.137532230942552680e-07
4.099804305283760164e-01 1.000026670966155606e+00 -1.012953867746938137e-06
4.119373776908025753e-01 1.000026824687606730e+00 -1.224130033045610876e-06
4.138943248532291341e-01 1.000026992442971219e+00 -1.447281718989514541e-06
4.158512720156556930e-01 1.000027174232248406e+00 -1.682408925579299656e-06
4.178082191780824184e-01 1.000027156307107257e+00 -1.712503922261733764e-06
4.197651663405089772e-01 1.000025340873867297e+00 8.459135698228419098e-08
4.217221135029355361e-01 1.000023246517192543e+00 2.167135702187193529e-06
4.236790606653620950e-01 1.000020873237083219e+00 4.535129113353970030e-06
4.256360078277888759e-01 1.000018221033538879e+00 7.188571590482505276e-06
4.275929549902154347e-01 1.000015289906560190e+00 1.012746313357236558e-05
4.295499021526421601e-01 1.000012079856146263e+00 1.335180374262387622e-05
4.315068493150687190e-01 1.000008590882297765e+00 1.686159341763649507e-05
4.334637964774952779e-01 1.000004822985014918e+00 2.065683215861098109e-05
4.354207436399220033e-01 1.000000776164297056e+00 2.473751996554711743e-05
4.373776908023486176e-01 9.999964504201446225e-01 2.910365683844457884e-05
4.393346379647751765e-01 9.999918457525572846e-01 3.375524277730336531e-05
4.412915851272017354e-01 9.999869621615352644e-01 3.869227778212401894e-05
4.432485322896284607e-01 9.999845242930145428e-01 4.114272718388762955e-05
4.452054794520550196e-01 9.999849530820263954e-01 4.067833478807784085e-05
4.471624266144815785e-01 9.999859052933988135e-01 3.968309076697997071e-05
4.491193737769081373e-01 9.999873809271315750e-01 3.815699512059315176e-05
4.510763209393348627e-01 9.999893799832249019e-01 3.610004784891814294e-05
4.530332681017614216e-01 9.999919024616789054e-01 3.351224895195407689e-05
4.549902152641882025e-01 9.999949483624932522e-01 3.039359842970182097e-05
4.569471624266145393e-01 9.999985176856680535e-01 2.674409628216104992e-05
4.589041095890413202e-01 1.000002610431203642e+00 2.256374250933154690e-05
4.608610567514678791e-01 1.000007226599099575e+00 1.785253711121352876e-05
4.628180039138946045e-01 1.000012366189356072e+00 1.261048008780688706e-05
4.647749510763211633e-01 1.000018029201973135e+00 6.837571439112272338e-06
4.667318982387477222e-01 1.000024215636950764e+00 5.338111651287088047e-07
4.686888454011745031e-01 1.000285457309703752e+00 1.647928601230326702e-06
4.706457925636010620e-01 1.000608349602694958e+00 4.140124932834501718e-06
4.726027397260276208e-01 1.000972656966060415e+00 7.378467729202749931e-06
4.745596868884541797e-01 1.001378379399800567e+00 1.136295699033550502e-05
4.765166340508809051e-01 1.001825516903916302e+00 1.609359271623233330e-05
4.784735812133074639e-01 1.002314069478405845e+00 2.157037490689334321e-05
4.804305283757341893e-01 1.002844037123270970e+00 2.779330356231885998e-05
4.823874755381605817e-01 1.003415419838510569e+00 3.476237868250779944e-05
4.843444227005873071e-01 1.004028217624124641e+00 4.247760026746157103e-05
4.863013698630138659e-01 1.004682430480114075e+00 5.093896831717963265e-05
4.882583170254406468e-01 1.005378058406478203e+00 6.014648283166176747e-05
4.902152641878670392e-01 1.006115101403216361e+00 7.010014381090721655e-05
4.921722113502937646e-01 1.006682705138258971e+00 7.697375524222979486e-05
4.941291585127203234e-01 1.006785120812031309e+00 7.540061269715992408e-05
4.960861056751470488e-01 1.006828220015844710e+00 7.274572617613987279e-05
4.980430528375734411e-01 1.006812002749699619e+00 6.900909567917007468e-05
5.000000000000002220e-01 1.006736469013596036e+00 6.419072120624955396e-05
