5.000000000000000000e-01 -0.000000000000000000e+00
4.980430528375733301e-01 -7.735649526005037964e-12
4.960861056751467713e-01 -6.172748071266544969e-12
4.941291585127201569e-01 -5.805280299320976654e-12
4.921722113502935980e-01 -5.494061276633160326e-12
4.902152641878669281e-01 -5.580540384550731743e-12
4.882583170254402583e-01 -5.709244938902586953e-12
4.863013698630136994e-01 -5.837961936291552339e-12
4.843444227005870295e-01 -5.966678933680517725e-12
4.823874755381604706e-01 -6.322257383667059378e-12
4.804305283757338563e-01 -6.731739070416034466e-12
4.784735812133071864e-01 -7.141226978683565046e-12
4.765166340508806275e-01 -7.550721108469651117e-12
4.745596868884539576e-01 -7.960202795218626205e-12
4.726027397260273988e-01 -8.369684481967602909e-12
4.706457925636007844e-01 -8.779172390235132681e-12
4.686888454011742255e-01 -9.188660298502664068e-12
4.667318982387475557e-01 -1.001571786764095743e-11
4.647749510763208858e-01 -1.110305888705547232e-11
4.628180039138943269e-01 -1.219040612798854351e-11
4.608610567514677125e-01 -1.327775959044016939e-11
4.589041095890410982e-01 -1.436510683137324058e-11
4.569471624266144838e-01 -1.545244785078775547e-11
4.549902152641878139e-01 -1.653979509172082666e-11
4.530332681017612551e-01 -1.762714855417245253e-11
4.510763209393345852e-01 -1.871449579510552372e-11
4.491193737769080263e-01 -1.980184303603859491e-11
4.471624266144814119e-01 -2.088919027697166610e-11
4.452054794520547421e-01 -2.197654373942329198e-11
4.432485322896281832e-01 -2.306389098035636317e-11
4.412915851272015133e-01 -2.415123199977087967e-11
4.393346379647749544e-01 -2.523857924070395086e-11
4.373776908023483401e-01 -2.632592648163702205e-11
4.354207436399216702e-01 -2.877335367240838425e-11
4.334637964774951113e-01 -3.572308853148080395e-11
4.315068493150684414e-01 -4.267281094751611429e-11
4.295499021526418826e-01 -4.962253958506998255e-11
4.275929549902152127e-01 -5.657226822262384434e-11
4.256360078277886538e-01 -6.352200308169626405e-11
4.236790606653620395e-01 -7.047173171925012584e-11
4.217221135029353696e-01 -7.742146035680400055e-11
4.197651663405088107e-01 -8.437118899435786234e-11
4.178082191780821408e-01 -9.132091763191172414e-11
4.158512720156555820e-01 -9.827064626946559885e-11
4.138943248532289676e-01 -1.052203811285380186e-10
4.119373776908022977e-01 -1.121701035445733224e-10
4.099804305283757389e-01 -1.191198321821271842e-10
4.080234833659490690e-01 -1.260695608196810460e-10
4.060665362035224546e-01 -1.330192894572349078e-10
4.041095890410958957e-01 -1.399690180947887955e-10
4.021526418786692814e-01 -1.469187467323426572e-10
4.001956947162426670e-01 -1.538684753698965190e-10
3.982387475538159971e-01 -1.608182040074503808e-10
3.962818003913894382e-01 -1.677679388665228135e-10
3.943248532289627684e-01 -1.747176737255952202e-10
3.923679060665361540e-01 -1.816674023631490820e-10
3.904109589041095951e-01 -1.886171310007029438e-10
3.884540117416829252e-01 -1.955668596382568315e-10
3.864970645792563664e-01 -2.025165882758106933e-10
3.845401174168296965e-01 -2.094663169133645550e-10
3.825831702544030821e-01 -2.164160455509184168e-10
3.806262230919765233e-01 -2.233657741884722786e-10
3.786692759295498534e-01 -2.303155028260261404e-10
3.767123287671232945e-01 -2.372652376850985472e-10
3.747553816046966246e-01 -2.442149601011338899e-10
3.727984344422700103e-01 -2.511646887386877516e-10
3.708414872798433959e-01 -4.042191343993006113e-10
3.688845401174168370e-01 -7.260497097867912407e-10
3.669275929549902227e-01 -1.047880278952763403e-09
3.649706457925635528e-01 -1.369710854340253980e-09
3.630136986301369384e-01 -1.691541429727744558e-09
3.610567514677103240e-01 -2.013372005115235136e-09
3.590998043052837096e-01 -2.335202580502725921e-09
3.571428571428571508e-01 -2.657033149668698083e-09
3.551859099804304809e-01 -2.978863725056188867e-09
3.532289628180038665e-01 -3.300694306665197861e-09
3.512720156555772522e-01 -3.622524882052688645e-09
3.493150684931506378e-01 -3.944355451218660807e-09
3.473581213307240789e-01 -4.266186032827669801e-09
3.454011741682974090e-01 -4.588016595772123340e-09
3.434442270058708502e-01 -4.909847177381132334e-09
3.414872798434441803e-01 -5.231677752768623118e-09
3.395303326810175659e-01 -5.553508328156113903e-09
3.375733855185909515e-01 -5.875338897322085651e-09
3.356164383561643372e-01 -6.197169478931095472e-09
3.336594911937377783e-01 -6.519000048097067220e-09
3.317025440313111084e-01 -6.840830623484558005e-09
3.297455968688844941e-01 -7.162661198872048789e-09
3.277886497064578797e-01 -7.484491768038021365e-09
3.258317025440312653e-01 -7.806322349647030358e-09
3.238747553816047065e-01 -8.128152918813001279e-09
3.219178082191780366e-01 -8.449983494200492064e-09
3.199608610567514777e-01 -8.771814069587982849e-09
3.180039138943248078e-01 -9.093644644975473633e-09
3.160469667318981379e-01 -9.415475220362964418e-09
3.140900195694715791e-01 -9.737305801971973411e-09
3.121330724070449647e-01 -1.005913636491642778e-08
3.101761252446184058e-01 -1.038096694030391856e-08
3.082191780821917360e-01 -1.070279752191292756e-08
3.062622309197651216e-01 -1.102462809730041834e-08
3.043052837573385072e-01 -1.134645866646638926e-08
3.023483365949118928e-01 -1.166828924807539991e-08
3.003913894324852785e-01 -1.199011981101985262e-08
2.984344422700586641e-01 -1.231195038640734341e-08
2.964774951076320497e-01 -1.263378096801635240e-08
2.945205479452054353e-01 -1.295561153718232498e-08
2.925636007827788210e-01 -1.327744211256981576e-08
2.906066536203522066e-01 -1.359927269417882475e-08
2.886497064579256477e-01 -1.392110326334479733e-08
2.866927592954989779e-01 -1.424293383251076825e-08
2.847358121330723080e-01 -1.456476441411977724e-08
2.827788649706456936e-01 -1.488659498328574982e-08
2.808219178082191347e-01 -1.520842556489475881e-08
2.788649706457925204e-01 -1.553025613406073139e-08
2.769080234833659060e-01 -1.585208670944822052e-08
2.749510763209392916e-01 -1.617391728483571296e-08
2.729941291585126772e-01 -1.649574786022320209e-08
2.710371819960860629e-01 -1.681757843561069453e-08
2.690802348336594485e-01 -1.713940901721970352e-08
2.671232876712328341e-01 -1.746123958016415623e-08
2.651663405088062198e-01 -1.778307015555164867e-08
2.632093933463796054e-01 -1.810490073716065766e-08
2.612524461839529355e-01 -1.842673130632663024e-08
2.592954990215263211e-01 -1.874856188171411937e-08
2.573385518590997623e-01 -1.907039245710160850e-08
2.553816046966731479e-01 -1.939222302626758108e-08
2.534246575342465335e-01 -1.971405360165507352e-08
2.514677103718199191e-01 -2.003588418326408251e-08
2.495107632093933048e-01 -2.035771475243005508e-08
2.475538160469666626e-01 -2.067954532781754421e-08
2.455968688845400483e-01 -2.100137590942655321e-08
2.436399217221134617e-01 -2.132320647859252578e-08
2.416829745596868473e-01 -2.421652154871715197e-08
2.397260273972602329e-01 -2.730934834430730424e-08
2.377690802348336185e-01 -3.040217514611897637e-08
2.358121330724069764e-01 -3.349500193548761208e-08
2.338551859099803620e-01 -3.658782873729928752e-08
2.318982387475537754e-01 -3.968065553288943979e-08
2.299412915851271055e-01 -4.277348232847959206e-08
2.279843444227005189e-01 -4.586630912406975095e-08
2.260273972602739045e-01 -4.895913592588141977e-08
2.240704500978472902e-01 -5.205196271525005548e-08
2.221135029354206758e-01 -5.514478951706173092e-08
2.201565557729940892e-01 -5.823761631887339975e-08
2.181996086105674748e-01 -6.139619565637767137e-08
2.162426614481408604e-01 -6.642479720149796033e-08
2.142857142857142461e-01 -7.145339874039672611e-08
2.123287671232876039e-01 -7.648200029173853824e-08
2.103718199608609618e-01 -8.151060184308035037e-08
2.084148727984343474e-01 -8.653920338197911616e-08
2.064579256360077331e-01 -9.156780492709940512e-08
2.045009784735811464e-01 -9.659640647844121725e-08
2.025440313111545321e-01 -1.016250080173399830e-07
2.005870841487279177e-01 -1.066536095624602720e-07
1.986301369863013033e-01 -1.136704528500931416e-07
1.966731898238747167e-01 -1.207341714538056696e-07
1.947162426614481023e-01 -1.277978900637397474e-07
1.927592954990214602e-01 -1.348616086674522887e-07
1.908023483365948458e-01 -1.419253272649433201e-07
1.888454011741682315e-01 -1.489890458686558614e-07
1.868884540117416448e-01 -1.560527644785899392e-07
1.849315068493149750e-01 -1.631164830760809441e-07
1.829745596868883606e-01 -1.701802016797934854e-07
1.810176125244617740e-01 -1.803236079784897849e-07
1.790606653620351596e-01 -1.907349350894381786e-07
1.771037181996085452e-01 -2.011462621941650622e-07
1.751467710371819031e-01 -2.115575893051134558e-07
1.731898238747552887e-01 -2.219689164160618494e-07
1.712328767123286744e-01 -2.323802435207887066e-07
1.692759295499020877e-01 -2.427915706379586367e-07
1.673189823874754734e-01 -2.532028977426855203e-07
1.653620352250488590e-01 -2.636142248474123511e-07
1.634050880626222724e-01 -2.772789087585543354e-07
1.614481409001956025e-01 -2.921682048763359974e-07
1.594911937377690159e-01 -3.078175781735474308e-07
1.575342465753424015e-01 -3.242270286190809272e-07
1.555772994129157316e-01 -3.413965562253796123e-07
1.536203522504891450e-01 -3.593261609862219232e-07
1.516634050880625306e-01 -3.780158429078294228e-07
1.497064579256359163e-01 -3.974656019839804952e-07
1.477495107632093296e-01 -4.176754382271183192e-07
1.457925636007827153e-01 -4.381658048136766686e-07
1.438356164383561009e-01 -4.591918517567567734e-07
1.418786692759294865e-01 -4.808573232266719554e-07
1.399217221135028999e-01 -5.031622192483082012e-07
1.379647749510762300e-01 -5.261065397905581200e-07
1.360078277886495879e-01 -5.496902848845289968e-07
1.340508806262229735e-01 -5.739134545177781294e-07
1.320939334637963869e-01 -5.987760486840837431e-07
1.301369863013697725e-01 -6.242780673896675067e-07
1.281800391389431582e-01 -6.516182945117415326e-07
1.262230919765165438e-01 -6.802852242875859483e-07
1.242661448140899433e-01 -7.099180300119143068e-07
1.223091976516633428e-01 -7.405167117344986877e-07
1.203522504892367284e-01 -7.720812694055669057e-07
1.183953033268100863e-01 -8.046117030562266691e-07
1.164383561643834719e-01 -8.381080126740348523e-07
1.144814090019568714e-01 -8.725701982589914553e-07
1.125244618395302570e-01 -9.079982598110965839e-07
1.105675146771036566e-01 -9.464606733377518720e-07
1.086105675146770005e-01 -9.873285622249089649e-07
1.066536203522504417e-01 -1.029775577067778832e-06
1.046966731898237857e-01 -1.073801717860139910e-06
1.027397260273972268e-01 -1.119406984601992623e-06
1.007827788649705292e-01 -1.166591377299558004e-06
9.882583170254388705e-02 -1.215354895940393351e-06
9.686888454011731431e-02 -1.265697540524498452e-06
9.491193737769067218e-02 -1.317619311076759348e-06
9.295499021526411332e-02 -1.374163377485512865e-06
9.099804305283745731e-02 -1.435305598746935701e-06
8.904109589041089845e-02 -1.499718928723439261e-06
8.708414872798424244e-02 -1.567561615447500659e-06
8.512720156555768358e-02 -1.638991906982704934e-06
8.317025440313102758e-02 -1.714168051386415028e-06
8.121330724070446871e-02 -1.793248296709772429e-06
7.925636007827781271e-02 -1.876390891016362174e-06
7.729941291585125385e-02 -1.963754082351104291e-06
7.534246575342459784e-02 -2.051891623532784568e-06
7.338551859099795571e-02 -2.140331709353799529e-06
7.142857142857129971e-02 -2.231257477661941362e-06
6.947162426614464370e-02 -2.324619403471036211e-06
6.751467710371808484e-02 -2.420367961857125215e-06
6.555772994129142883e-02 -2.518453627852698040e-06
6.360078277886486997e-02 -2.618826876508910420e-06
6.164383561643822090e-02 -2.721438182883138698e-06
5.968688845401166204e-02 -2.826238022001651508e-06
5.772994129158500604e-02 -2.936964482221804592e-06
5.577299412915844717e-02 -3.055073076921933888e-06
5.381604696673179117e-02 -3.177806917629331807e-06
5.185909980430523231e-02 -3.305360882525083264e-06
4.990215264187858324e-02 -3.437929849821380458e-06
4.794520547945192723e-02 -3.575708697736637469e-06
4.598825831702536837e-02 -3.718892304476825038e-06
4.403131115459871237e-02 -3.867675548247914756e-06
4.207436399217215350e-02 -4.022253307262097974e-06
4.011741682974550444e-02 -4.182877389656227172e-06
3.816046966731893864e-02 -4.349781068804809824e-06
3.620352250489228957e-02 -4.523107688700667228e-06
3.424657534246564050e-02 -4.703056289807899244e-06
3.228962818003898450e-02 -4.889825912565719905e-06
3.033268101761242563e-02 -5.083615597456893441e-06
2.837573385518577310e-02 -5.284624384939296564e-06
2.641878669275921077e-02 -5.493051315439700390e-06
2.446183953033255823e-02 -5.709095429453312913e-06
2.250489236790590569e-02 -5.933710726391877874e-06
2.054794520547934683e-02 -6.167873032925543863e-06
1.859099804305269429e-02 -6.410914118454836861e-06
1.663405088062613196e-02 -6.663096524629737112e-06
1.467710371819948116e-02 -6.924682793100224014e-06
1.272015655577291883e-02 -7.195935465510057202e-06
1.076320939334626803e-02 -7.477117083490552548e-06
8.806262230919707432e-03 -7.768490188691687756e-06
6.849315068493054028e-03 -8.070317322769667915e-06
4.892367906066493431e-03 -8.383675355050943472e-06
2.935420743639841328e-03 -8.710180311367548238e-06
9.784735812132805150e-04 -9.049031278408486989e-06
-9.784735812133715880e-04 -9.400671128190657725e-06
-2.935420743640114981e-03 -9.765554415585600106e-06
-4.892367906066675577e-03 -1.014414737834438975e-05
-6.849315068493328114e-03 -1.053692793709762805e-05
-8.806262230919889578e-03 -1.094438569529945672e-05
-1.076320939334654038e-02 -1.136702193927732095e-05
-1.272015655577310271e-02 -1.180541304253015386e-05
-1.467710371819975351e-02 -1.226023192019337308e-05
-1.663405088062631584e-02 -1.273190618350234994e-05
-1.859099804305296838e-02 -1.322100074972018234e-05
-2.054794520547952724e-02 -1.372809331789632107e-05
-2.250489236790617978e-02 -1.425377436886034915e-05
-2.446183953033274211e-02 -1.479864716519087375e-05
-2.641878669275939465e-02 -1.536332775122796739e-05
-2.837573385518604718e-02 -1.594844495311049668e-05
-3.033268101761260604e-02 -1.655493520394810727e-05
-3.228962818003926205e-02 -1.718443789785160936e-05
-3.424657534246582091e-02 -1.783693600836628714e-05
-3.620352250489246998e-02 -1.851320779500355209e-05
-3.816046966731912599e-02 -1.921405071526971099e-05
-4.011741682974577505e-02 -1.994028142469705546e-05
-4.207436399217233391e-02 -2.069273577683766166e-05
-4.403131115459898992e-02 -2.147226882325093214e-05
-4.598825831702554878e-02 -2.227975481351604381e-05
-4.794520547945220479e-02 -2.311614648719967301e-05
-4.990215264187876365e-02 -2.398265186330785786e-05
-5.185909980430541272e-02 -2.488000641061840010e-05
-5.381604696673206872e-02 -2.580918743726322333e-05
-5.577299412915862759e-02 -2.677119317019761957e-05
-5.772994129158528359e-02 -2.776704275511937791e-05
-5.968688845401184245e-02 -2.879777625653720446e-05
-6.164383561643849152e-02 -2.986445465770852639e-05
-6.360078277886505038e-02 -3.096815986068302608e-05
-6.555772994129170639e-02 -3.210997715966894245e-05
-6.751467710371826525e-02 -3.329088736277568793e-05
-6.947162426614492126e-02 -3.451212677531139019e-05
-7.142857142857148012e-02 -3.577484949380215200e-05
-7.338551859099813612e-02 -3.708022977862863030e-05
-7.534246575342477825e-02 -3.842946205403222965e-05
-7.729941291585143426e-02 -3.982376090806533743e-05
-7.925636007827809026e-02 -4.126436109264111575e-05
-8.121330724070464913e-02 -4.275251752349613720e-05
-8.317025440313130513e-02 -4.428947210189584108e-05
-8.512720156555786399e-02 -4.587595949217567045e-05
-8.708414872798452000e-02 -4.751364375603337495e-05
-8.904109589041107886e-02 -4.920381934685641071e-05
-9.099804305283773487e-02 -5.094779816788616686e-05
-9.295499021526429373e-02 -5.274690957227397129e-05
-9.491193737769093586e-02 -5.460250036305620147e-05
-9.686888454011750860e-02 -5.651593479312938843e-05
-9.882583170254415073e-02 -5.848859456528133339e-05
-1.007827788649707096e-01 -6.052185864954760097e-05
-1.027397260273973656e-01 -6.261401502626436555e-05
-1.046966731898240216e-01 -6.476818989136065227e-05
-1.066536203522505805e-01 -6.698551112744208463e-05
-1.086105675146772365e-01 -6.926708623552529822e-05
-1.105675146771037953e-01 -7.161400045504425535e-05
-1.125244618395304513e-01 -7.402731488361412521e-05
-1.144814090019570935e-01 -7.650806459697542632e-05
-1.164383561643837495e-01 -7.905725676891331346e-05
-1.183953033268103083e-01 -8.167586879113336118e-05
-1.203522504892369643e-01 -8.436183900095002802e-05
-1.223091976516635232e-01 -8.711750652621807708e-05
-1.242661448140901792e-01 -8.994354694289198051e-05
-1.262230919765167381e-01 -9.284043622449722423e-05
-1.281800391389433802e-01 -9.580857108962987907e-05
-1.301369863013700501e-01 -9.884826521955326873e-05
-1.320939334637966089e-01 -1.019597454757137291e-04
-1.340508806262232511e-01 -1.051431481173809832e-04
-1.360078277886498099e-01 -1.083985150192135567e-04
-1.379647749510764798e-01 -1.117212356206134571e-04
-1.399217221135030387e-01 -1.151129274088909802e-04
-1.418786692759296808e-01 -1.185732313302620931e-04
-1.438356164383562397e-01 -1.221011847497850797e-04
-1.457925636007828818e-01 -1.256956465626280037e-04
-1.477495107632094684e-01 -1.293552903092927159e-04
-1.497064579256361938e-01 -1.330785972908263791e-04
-1.516634050880628637e-01 -1.368638496841762431e-04
-1.536203522504894226e-01 -1.407091236573824674e-04
-1.555772994129160647e-01 -1.446091543385514850e-04
-1.575342465753426235e-01 -1.485625046540087180e-04
-1.594911937377692657e-01 -1.525666893591810964e-04
-1.614481409001958245e-01 -1.566184568516370841e-04
-1.634050880626224944e-01 -1.607142668215728453e-04
-1.653620352250490533e-01 -1.648502810629838360e-04
-1.673189823874756954e-01 -1.690223542846562544e-04
-1.692759295499022543e-01 -1.732260249213510728e-04
-1.712328767123289242e-01 -1.774565059447829121e-04
-1.731898238747554830e-01 -1.817112897248385575e-04
-1.751467710371821251e-01 -1.859844296767827201e-04
-1.771037181996087673e-01 -1.902698693893790818e-04
-1.790606653620353539e-01 -1.945618204852050015e-04
-1.810176125244619960e-01 -1.988541668879302234e-04
-1.829745596868885549e-01 -2.031404577252563621e-04
-1.849315068493151970e-01 -2.074139002319747005e-04
-1.868884540117418669e-01 -2.116673526529556568e-04
-1.888454011741685090e-01 -2.158933171461815915e-04
-1.908023483365950679e-01 -2.200895378288265046e-04
-1.927592954990217378e-01 -2.242474642299046900e-04
-1.947162426614482966e-01 -2.283575910354274097e-04
-1.966731898238749388e-01 -2.324118384564675260e-04
-1.986301369863014976e-01 -2.364018372270366563e-04
-2.005870841487281397e-01 -2.403189264068220218e-04
-2.025440313111548096e-01 -2.441541511838954881e-04
-2.045009784735813685e-01 -2.478982606773540826e-04
-2.064579256360080106e-01 -2.515417057401346632e-04
-2.084148727984345695e-01 -2.550973833474396487e-04
-2.103718199608612394e-01 -2.585572284116253593e-04
-2.123287671232877982e-01 -2.619053109209430112e-04
-2.142857142857144404e-01 -2.651349157215218710e-04
-2.162426614481409992e-01 -2.682394725819051725e-04
-2.181996086105676413e-01 -2.712125758521619664e-04
-2.201565557729942280e-01 -2.740480041230179968e-04
-2.221135029354208701e-01 -2.767397398849366511e-04
-2.240704500978475122e-01 -2.792819891872185575e-04
-2.260273972602741821e-01 -2.816590261550105251e-04
-2.279843444227008242e-01 -2.838628346279195797e-04
-2.299412915851273831e-01 -2.858918299360788768e-04
-2.318982387475540252e-01 -2.877393157332029465e-04
-2.338551859099806118e-01 -2.893986931652099736e-04
-2.358121330724072540e-01 -2.908634697026629776e-04
-2.377690802348338128e-01 -2.921272679730860938e-04
-2.397260273972604550e-01 -2.931838345933544701e-04
-2.416829745596870138e-01 -2.940270490020467056e-04
-2.436399217221136837e-01 -2.947219896379922274e-04
-2.455968688845402426e-01 -2.952969895473565583e-04
-2.475538160469668847e-01 -2.957143103806068852e-04
-2.495107632093934436e-01 -2.959839051175285497e-04
-2.514677103718200857e-01 -2.961176493850109720e-04
-2.534246575342467556e-01 -2.961294347599144404e-04
-2.553816046966733144e-01 -2.960352620719127218e-04
-2.573385518590999843e-01 -2.958533347063301987e-04
-2.592954990215265432e-01 -2.956041519069986826e-04
-2.612524461839531575e-01 -2.951870195135722678e-04
-2.632093933463798274e-01 -2.945355912432221445e-04
-2.651663405088064973e-01 -2.937510700285193605e-04
-2.671232876712330562e-01 -2.928339088127132291e-04
-2.690802348336597261e-01 -2.917839036955419498e-04
-2.710371819960862849e-01 -2.906001213268535823e-04
-2.729941291585128993e-01 -2.892808263002485968e-04
-2.749510763209394582e-01 -2.878234085467328333e-04
-2.769080234833661280e-01 -2.862243107283305062e-04
-2.788649706457926869e-01 -2.845827344415247616e-04
-2.808219178082193568e-01 -2.830041938122564485e-04
-2.827788649706459712e-01 -2.814018591353180344e-04
-2.847358121330726410e-01 -2.797964662364961497e-04
-2.866927592954990889e-01 -2.782107179178669541e-04
-2.886497064579257588e-01 -2.766693708144196467e-04
-2.906066536203524286e-01 -2.751993222506891922e-04
-2.925636007827790430e-01 -2.738296970973828665e-04
-2.945205479452055464e-01 -2.725919346280185123e-04
-2.964774951076322163e-01 -2.712037839073324101e-04
-2.984344422700589416e-01 -2.692598210699210289e-04
-3.003913894324856115e-01 -2.671512114405002851e-04
-3.023483365949122259e-01 -2.648497239143345083e-04
-3.043052837573387293e-01 -2.623245913127183852e-04
-3.062622309197653436e-01 -2.595425103829932770e-04
-3.082191780821920135e-01 -2.570503127529046700e-04
-3.101761252446186834e-01 -2.548355643606377264e-04
-3.121330724070451312e-01 -2.527236174595672534e-04
-3.140900195694718011e-01 -2.507402657155475482e-04
-3.160469667318984155e-01 -2.489113027944307396e-04
-3.180039138943250854e-01 -2.472601540974291132e-04
-3.199608610567515332e-01 -2.453380990776108631e-04
-3.219178082191782031e-01 -2.434158818547283733e-04
-3.238747553816049285e-01 -2.414846465040016538e-04
-3.258317025440315429e-01 -2.395355371006469469e-04
-3.277886497064582683e-01 -2.375596977198819585e-04
-3.297455968688846606e-01 -2.356016483215713105e-04
-3.317025440313113860e-01 -2.337718547442598491e-04
-3.336594911937379448e-01 -2.319889060311499014e-04
-3.356164383561646702e-01 -2.302582394230134281e-04
-3.375733855185910626e-01 -2.285852921606194626e-04
-3.395303326810177880e-01 -2.269755014847366862e-04
-3.414872798434443468e-01 -2.253114712679693489e-04
-3.434442270058711277e-01 -2.235690368705201870e-04
-3.454011741682974646e-01 -2.217935193434841475e-04
-3.473581213307242455e-01 -2.199749779754398937e-04
-3.493150684931508043e-01 -2.181034720549703714e-04
-3.512720156555775297e-01 -2.161690608706558160e-04
-3.532289628180040886e-01 -2.144969317904669157e-04
-3.551859099804306474e-01 -2.129302534753688505e-04
-3.571428571428574283e-01 -2.114697476217391385e-04
-3.590998043052839872e-01 -2.101315358513279206e-04
-3.610567514677107126e-01 -2.089317397858830882e-04
-3.630136986301371049e-01 -2.077825239382938434e-04
-3.649706457925638303e-01 -2.063669535997150436e-04
-3.669275929549903892e-01 -2.048944714872460624e-04
-3.688845401174171146e-01 -2.033461072138982963e-04
-3.708414872798435069e-01 -2.017028903926816239e-04
-3.727984344422702323e-01 -1.999458506366059507e-04
-3.747553816046967912e-01 -1.984211146615626642e-04
-3.767123287671235721e-01 -1.972170970664147399e-04
-3.786692759295501309e-01 -1.961093091840178002e-04
-3.806262230919766898e-01 -1.950977510143722790e-04
-3.825831702544032487e-01 -1.940142814930548071e-04
-3.845401174168299741e-01 -1.928609831455310438e-04
-3.864970645792565329e-01 -1.916971215198811306e-04
-3.884540117416830918e-01 -1.905226966161052574e-04
-3.904109589041098727e-01 -1.893059513087434677e-04
-3.923679060665364315e-01 -1.880559658154478146e-04
-3.943248532289631569e-01 -1.867786616190409050e-04
-3.962818003913895493e-01 -1.854740387195227120e-04
-3.982387475538162747e-01 -1.842806080940825116e-04
-4.001956947162428335e-01 -1.831305048976292833e-04
-4.021526418786695589e-01 -1.820151830511963775e-04
-4.041095890410961178e-01 -1.809346425547839296e-04
-4.060665362035226766e-01 -1.798875157599572516e-04
-4.080234833659492910e-01 -1.788598763546523555e-04
-4.099804305283760164e-01 -1.778614903588509330e-04
-4.119373776908025753e-01 -1.768923577725530383e-04
-4.138943248532291341e-01 -1.759524785957586714e-04
-4.158512720156556930e-01 -1.750309297507699543e-04
-4.178082191780824184e-01 -1.740995770881898039e-04
-4.197651663405089772e-01 -1.731817940803018468e-04
-4.217221135029355361e-01 -1.722775807271059473e-04
-4.236790606653620950e-01 -1.713869370286019971e-04
-4.256360078277888759e-01 -1.705029952590668126e-04
-4.275929549902154347e-01 -1.696198608712981874e-04
-4.295499021526421601e-01 -1.687444529045307149e-04
-4.315068493150687190e-01 -1.678767713587642869e-04
-4.334637964774952779e-01 -1.670168162339986321e-04
-4.354207436399220033e-01 -1.661700949350698590e-04
-4.373776908023486176e-01 -1.653388046121838004e-04
-4.393346379647751765e-01 -1.645213966583811279e-04
-4.412915851272017354e-01 -1.637188261085742685e-04
-4.432485322896284607e-01 -1.629320479976758933e-04
-4.452054794520550196e-01 -1.621620173605985648e-04
-4.471624266144815785e-01 -1.614096892322548998e-04
-4.491193737769081373e-01 -1.606760186475572985e-04
-4.510763209393348627e-01 -1.599619606414185130e-04
-4.530332681017614216e-01 -1.592684702487509975e-04
-4.549902152641882025e-01 -1.585579386287301129e-04
-4.569471624266145393e-01 -1.578554717716392094e-04
-4.589041095890413202e-01 -1.571617867814269372e-04
-4.608610567514678791e-01 -1.564763749783225463e-04
-4.628180039138946045e-01 -1.557987276825554765e-04
-4.647749510763211633e-01 -1.551283362143548691e-04
-4.667318982387477222e-01 -1.544646918939501638e-04
-4.686888454011745031e-01 -1.538072860415705563e-04
-4.706457925636010620e-01 -1.531556099774452966e-04
-4.726027397260276208e-01 -1.525151120431959687e-04
-4.745596868884541797e-01 -1.518965811179891483e-04
-4.765166340508809051e-01 -1.512887373388876924e-04
-4.784735812133074639e-01 -1.506916633699201637e-04
-4.804305283757341893e-01 -1.501054418751150709e-04
-4.823874755381605817e-01 -1.495301555185010040e-04
-4.843444227005873071e-01 -1.489658869641065527e-04
-4.863013698630138659e-01 -1.484127188759602799e-04
-4.882583170254406468e-01 -1.478707339180906943e-04
-4.902152641878670392e-01 -1.473400147545264941e-04
-4.921722113502937646e-01 -1.467887310800381872e-04
-4.941291585127203234e-01 -1.462197805333445859e-04
-4.960861056751470488e-01 -1.456462698686044948e-04
-4.980430528375734411e-01 -1.450668604384219385e-04
-5.000000000000002220e-01 -1.444802135954006430e-04
-5.000000000000000000e-01 -1.444802135954006430e-04
-4.980430528375733301e-01 -1.436810081015935288e-04
-4.960861056751467713e-01 -1.430922089193442724e-04
-4.941291585127201569e-01 -1.425274544320728493e-04
-4.921722113502935980e-01 -1.419639068786388849e-04
-4.902152641878669281e-01 -1.414328328326927401e-04
-4.882583170254402583e-01 -1.409052073008160058e-04
-4.863013698630136994e-01 -1.403775817689393256e-04
-4.843444227005870295e-01 -1.398499562370626183e-04
-4.823874755381604706e-01 -1.393434792384931522e-04
-4.804305283757338563e-01 -1.388420276339768903e-04
-4.784735812133071864e-01 -1.383405760294606013e-04
-4.765166340508806275e-01 -1.378391244249443123e-04
-4.745596868884539576e-01 -1.373522634493937113e-04
-4.726027397260273988e-01 -1.368713043012899204e-04
-4.706457925636007844e-01 -1.363903451531861836e-04
-4.686888454011742255e-01 -1.359093860050823927e-04
-4.667318982387475557e-01 -1.354313428771690788e-04
-4.647749510763208858e-01 -1.349567410041371330e-04
-4.628180039138943269e-01 -1.344841483836563636e-04
-4.608610567514677125e-01 -1.340135650157266893e-04
-4.589041095890410982e-01 -1.335449909003481373e-04
-4.569471624266144838e-01 -1.330784260375207076e-04
-4.549902152641878139e-01 -1.326138704272445356e-04
-4.530332681017612551e-01 -1.321513240695194045e-04
-4.510763209393345852e-01 -1.316928289590612645e-04
-4.491193737769080263e-01 -1.312399130950344869e-04
-4.471624266144814119e-01 -1.307901244095739104e-04
-4.452054794520547421e-01 -1.303434629026796162e-04
-4.432485322896281832e-01 -1.298999285743516314e-04
-4.412915851272015133e-01 -1.294595214245899289e-04
-4.393346379647749544e-01 -1.290222414533945359e-04
-4.373776908023483401e-01 -1.285880886607653709e-04
-4.354207436399216702e-01 -1.281563035971338533e-04
-4.334637964774951113e-01 -1.277246529281605254e-04
-4.315068493150684414e-01 -1.272953522560061094e-04
-4.295499021526418826e-01 -1.268684015806705782e-04
-4.275929549902152127e-01 -1.264438009021538235e-04
-4.256360078277886538e-01 -1.260215502204558723e-04
-4.236790606653620395e-01 -1.256016495355767517e-04
-4.217221135029353696e-01 -1.251840988475165430e-04
-4.197651663405088107e-01 -1.247684023338306754e-04
-4.178082191780821408e-01 -1.243415900696026978e-04
-4.158512720156555820e-01 -1.239141162470157635e-04
-4.138943248532289676e-01 -1.234859808660694386e-04
-4.119373776908022977e-01 -1.230571839267640213e-04
-4.099804305283757389e-01 -1.226277254290994304e-04
-4.080234833659490690e-01 -1.221976053730757742e-04
-4.060665362035224546e-01 -1.217668237586927953e-04
-4.041095890410958957e-01 -1.213353805859506020e-04
-4.021526418786692814e-01 -1.209032758548494384e-04
-4.001956947162426670e-01 -1.204705095653888706e-04
-3.982387475538159971e-01 -1.200417145701468532e-04
-3.962818003913894382e-01 -1.196134181060998398e-04
-3.943248532289627684e-01 -1.191853526583925514e-04
-3.923679060665361540e-01 -1.187575182270251910e-04
-3.904109589041095951e-01 -1.183299148119976098e-04
-3.884540117416829252e-01 -1.179025424133098619e-04
-3.864970645792563664e-01 -1.174754010309620421e-04
-3.845401174168296965e-01 -1.170484906649540556e-04
-3.825831702544030821e-01 -1.166218113152857398e-04
-3.806262230919765233e-01 -1.161953629819575690e-04
-3.786692759295498534e-01 -1.157669734461868607e-04
-3.767123287671232945e-01 -1.153379682383637501e-04
-3.747553816046966246e-01 -1.149087216373259097e-04
-3.727984344422700103e-01 -1.144792336430736107e-04
-3.708414872798433959e-01 -1.140495042556065547e-04
-3.688845401174168370e-01 -1.136195334749248774e-04
-3.669275929549902227e-01 -1.131893213010285923e-04
-3.649706457925635528e-01 -1.127588677339177401e-04
-3.630136986301369384e-01 -1.123281727735922123e-04
-3.610567514677103240e-01 -1.118972364200520361e-04
-3.590998043052837096e-01 -1.114570674182428772e-04
-3.571428571428571508e-01 -1.110115636426783729e-04
-3.551859099804304809e-01 -1.105635795270247897e-04
-3.532289628180038665e-01 -1.101131150712824258e-04
-3.512720156555772522e-01 -1.096601702754510779e-04
-3.493150684931506378e-01 -1.092047451395308680e-04
-3.473581213307240789e-01 -1.087468396635215791e-04
-3.454011741682974090e-01 -1.082864538474234147e-04
-3.434442270058708502e-01 -1.078235876912363747e-04
-3.414872798434441803e-01 -1.073582411949605404e-04
-3.395303326810175659e-01 -1.068525153063926218e-04
-3.375733855185909515e-01 -1.063089807972016873e-04
-3.356164383561643372e-01 -1.057443645244139863e-04
-3.336594911937377783e-01 -1.051570821597390507e-04
-3.317025440313111084e-01 -1.045455493748863042e-04
-3.297455968688844941e-01 -1.039081818415657802e-04
-3.277886497064578797e-01 -1.032433952314854253e-04
-3.258317025440312653e-01 -1.025496052163561402e-04
-3.238747553816047065e-01 -1.018252274678866845e-04
-3.219178082191780366e-01 -1.010686776577864819e-04
-3.199608610567514777e-01 -1.003556480379040161e-04
-3.180039138943248078e-01 -9.970499077627817874e-05
-3.160469667318981379e-01 -9.906257267998426637e-05
-3.140900195694715791e-01 -9.843068911232390336e-05
-3.121330724070449647e-01 -9.781163543659993380e-05
-3.101761252446184058e-01 -9.720770701611460549e-05
-3.082191780821917360e-01 -9.662119921417035599e-05
-3.062622309197651216e-01 -9.605440739406882322e-05
-3.043052837573385072e-01 -9.550962691911305457e-05
-3.023483365949118928e-01 -9.493929272335477213e-05
-3.003913894324852785e-01 -9.432342408426001650e-05
-2.984344422700586641e-01 -9.370220806522434301e-05
-2.964774951076320497e-01 -9.307479740293461365e-05
-2.945205479452054353e-01 -9.244034483407843580e-05
-2.925636007827788210e-01 -9.179800309534302382e-05
-2.906066536203522066e-01 -9.114692492341621550e-05
-2.886497064579256477e-01 -9.048626305498580795e-05
-2.866927592954989779e-01 -8.981049310976395468e-05
-2.847358121330723080e-01 -8.911265040335320127e-05
-2.827788649706456936e-01 -8.839780004724984500e-05
-2.808219178082191347e-01 -8.766459705931855010e-05
-2.788649706457925204e-01 -8.691169645742299150e-05
-2.769080234833659060e-01 -8.613775325942956817e-05
-2.749510763209392916e-01 -8.534142248320097923e-05
-2.729941291585126772e-01 -8.452135914660248526e-05
-2.710371819960860629e-01 -8.368291856546115101e-05
-2.690802348336594485e-01 -8.284473216681095256e-05
-2.671232876712328341e-01 -8.198978682078601928e-05
-2.651663405088062198e-01 -8.111791144189231279e-05
-2.632093933463796054e-01 -8.022893494463812576e-05
-2.612524461839529355e-01 -7.932268624353021943e-05
-2.592954990215263211e-01 -7.839899425307570737e-05
-2.573385518590997623e-01 -7.745768788778174384e-05
-2.553816046966731479e-01 -7.650490104590073172e-05
-2.534246575342465335e-01 -7.559291236086862129e-05
-2.514677103718199191e-01 -7.468484610988725060e-05
-2.495107632093933048e-01 -7.378291561082476796e-05
-2.475538160469666626e-01 -7.288933418155203216e-05
-2.455968688845400483e-01 -7.200631513993915661e-05
-2.436399217221134617e-01 -7.113607180385580749e-05
-2.416829745596868473e-01 -7.028081749117211176e-05
-2.397260273972602329e-01 -6.944276551975735613e-05
-2.377690802348336185e-01 -6.856811273322547628e-05
-2.358121330724069764e-01 -6.769474629815518411e-05
-2.338551859099803620e-01 -6.682331972271940326e-05
-2.318982387475537754e-01 -6.595388150809938148e-05
-2.299412915851271055e-01 -6.508648015548650382e-05
-2.279843444227005189e-01 -6.422116416606470145e-05
-2.260273972602739045e-01 -6.335798204101912524e-05
-2.240704500978472902e-01 -6.249698228153686410e-05
-2.221135029354206758e-01 -6.163258778443765412e-05
-2.201565557729940892e-01 -6.076738729519187801e-05
-2.181996086105674748e-01 -5.990195809155262865e-05
-2.162426614481408604e-01 -5.903609269089530535e-05
-2.142857142857142461e-01 -5.816958361059840422e-05
-2.123287671232876039e-01 -5.730222336804043488e-05
-2.103718199608609618e-01 -5.643380448059834845e-05
-2.084148727984343474e-01 -5.556411946564986852e-05
-2.064579256360077331e-01 -5.469108657632299668e-05
-2.045009784735811464e-01 -5.381487418610011900e-05
-2.025440313111545321e-01 -5.293575974768640794e-05
-2.005870841487279177e-01 -5.205343296210355856e-05
-1.986301369863013033e-01 -5.116758353038260360e-05
-1.966731898238747167e-01 -5.027790115354679665e-05
-1.947162426614481023e-01 -4.938407553262482585e-05
-1.927592954990214602e-01 -4.848579636863995835e-05
-1.908023483365948458e-01 -4.759067145824850964e-05
-1.888454011741682315e-01 -4.669905327542103621e-05
-1.868884540117416448e-01 -4.580636603943941533e-05
-1.849315068493149750e-01 -4.491260975029899170e-05
-1.829745596868883606e-01 -4.401778440800131032e-05
-1.810176125244617740e-01 -4.312189001254714368e-05
-1.790606653620351596e-01 -4.222492656393495356e-05
-1.771037181996085452e-01 -4.132689406216628495e-05
-1.751467710371819031e-01 -4.042779250723880005e-05
-1.731898238747552887e-01 -3.952762189915639521e-05
-1.712328767123286744e-01 -3.862638223791596011e-05
-1.692759295499020877e-01 -3.772407352351671549e-05
-1.673189823874754734e-01 -3.682069575596177166e-05
-1.653620352250488590e-01 -3.591624893524879080e-05
-1.634050880626222724e-01 -3.501073306137855896e-05
-1.614481409001956025e-01 -3.410414813435184186e-05
-1.594911937377690159e-01 -3.323539504502981304e-05
-1.575342465753424015e-01 -3.245160708764036989e-05
-1.555772994129157316e-01 -3.168068344428594165e-05
-1.536203522504891450e-01 -3.092262411495952845e-05
-1.516634050880625306e-01 -3.017742909966890605e-05
-1.497064579256359163e-01 -2.944509839840629529e-05
-1.477495107632093296e-01 -2.872563201118103388e-05
-1.457925636007827153e-01 -2.801902993798533926e-05
-1.438356164383561009e-01 -2.732529217882232513e-05
-1.418786692759294865e-01 -2.664441873369043635e-05
-1.399217221135028999e-01 -2.597640960259278321e-05
-1.379647749510762300e-01 -2.531547091588236330e-05
-1.360078277886495879e-01 -2.466279005136622234e-05
-1.340508806262229735e-01 -2.402137023825495345e-05
-1.320939334637963869e-01 -2.339121147654700487e-05
-1.301369863013697725e-01 -2.277231376624393514e-05
-1.281800391389431582e-01 -2.216467710734574086e-05
-1.262230919765165438e-01 -2.156830149985242544e-05
-1.242661448140899433e-01 -2.098318694376398208e-05
-1.223091976516633428e-01 -2.040933343907886242e-05
-1.203522504892367284e-01 -1.984674098579861822e-05
-1.183953033268100863e-01 -1.929540958392324948e-05
-1.164383561643834719e-01 -1.874891891335063487e-05
-1.144814090019568714e-01 -1.821213036269159340e-05
-1.125244618395302570e-01 -1.768542738889476997e-05
-1.105675146771036566e-01 -1.716880999195705425e-05
-1.086105675146770005e-01 -1.666227817188000140e-05
-1.066536203522504417e-01 -1.616583192866205288e-05
-1.046966731898237857e-01 -1.567947126230476724e-05
-1.027397260273972268e-01 -1.520319617280814446e-05
-1.007827788649705292e-01 -1.473700666017062771e-05
-9.882583170254388705e-02 -1.428090272439221868e-05
-9.686888454011731431e-02 -1.383247845090275637e-05
-9.491193737769067218e-02 -1.338537461197422099e-05
-9.295499021526411332e-02 -1.294652178819718619e-05
-9.099804305283745731e-02 -1.251591997956854000e-05
-8.904109589041089845e-02 -1.209356918609139269e-05
-8.708414872798424244e-02 -1.167946940776107883e-05
-8.512720156555768358e-02 -1.127362064458382071e-05
-8.317025440313102758e-02 -1.087602289655494949e-05
-8.121330724070446871e-02 -1.048667616367602371e-05
-7.925636007827781271e-02 -1.010558044594859682e-05
-7.729941291585125385e-02 -9.732735743372668836e-06
-7.534246575342459784e-02 -9.362707328248855376e-06
-7.338551859099795571e-02 -8.994170997502452255e-06
-7.142857142857129971e-02 -8.630893258183712686e-06
-6.947162426614464370e-02 -8.272629626846013016e-06
-6.751467710371808484e-02 -7.919135620034952131e-06
-6.555772994129142883e-02 -7.570166754305463223e-06
-6.360078277886486997e-02 -7.225478546193812572e-06
-6.164383561643822090e-02 -6.884826512267374588e-06
-5.968688845401166204e-02 -6.547966169063973244e-06
-5.772994129158500604e-02 -6.214653033133872886e-06
-5.577299412915844717e-02 -5.884642621027338706e-06
-5.381604696673179117e-02 -5.560024549044095825e-06
-5.185909980430523231e-02 -5.239350135988182764e-06
-4.990215264187858324e-02 -4.922057665956642310e-06
-4.794520547945192723e-02 -4.607967457060769295e-06
-4.598825831702536837e-02 -4.296899827421187772e-06
-4.403131115459871237e-02 -3.988675095142970269e-06
-4.207436399217215350e-02 -3.683113578362295751e-06
-4.011741682974550444e-02 -3.380035595184236322e-06
-3.816046966731893864e-02 -3.079261463730972459e-06
-3.620352250489228957e-02 -2.780611502120018756e-06
-3.424657534246564050e-02 -2.483383398612329790e-06
-3.228962818003898450e-02 -2.184194338741649117e-06
-3.033268101761242563e-02 -1.885479438711813394e-06
-2.837573385518577310e-02 -1.586965201094409536e-06
-2.641878669275921077e-02 -1.288378128454801727e-06
-2.446183953033255823e-02 -9.894447233521333324e-07
-2.250489236790590569e-02 -6.898914883595456769e-07
-2.054794520547934683e-02 -3.894449260315159259e-07
-1.859099804305269429e-02 -8.783153893963023856e-08
-1.663405088062613196e-02 2.152221703507466830e-07
-1.467710371819948116e-02 5.199896992820271434e-07
-1.272015655577291883e-02 8.267445452810694338e-07
-1.076320939334626803e-02 1.135760205787175196e-06
-8.806262230919707432e-03 1.447310178238090339e-06
-6.849315068493054028e-03 1.761667960063784370e-06
-4.892367906066493431e-03 2.079107048703558562e-06
-2.935420743639841328e-03 2.399900941590492517e-06
-9.784735812132805150e-04 2.724323136160777414e-06
9.784735812133715880e-04 3.052647129850604008e-06
2.935420743640114981e-03 3.385146420089941596e-06
4.892367906066675577e-03 3.722094504321201543e-06
6.849315068493328114e-03 4.063764879977465146e-06
8.806262230919889578e-03 4.416113718615929275e-06
1.076320939334654038e-02 4.776697818103960447e-06
1.272015655577310271e-02 5.144056161934081799e-06
1.467710371819975351e-02 5.518525151543463165e-06
1.663405088062631584e-02 5.900441188381718139e-06
1.859099804305296838e-02 6.290140673879793404e-06
2.054794520547952724e-02 6.687960009487303402e-06
2.250489236790617978e-02 7.094235596635195660e-06
2.446183953033274211e-02 7.509303836773082928e-06
2.641878669275939465e-02 7.933501131344356495e-06
2.837573385518604718e-02 8.367163881786184501e-06
3.033268101761260604e-02 8.810628489545071929e-06
3.228962818003926205e-02 9.264231356048856003e-06
3.424657534246582091e-02 9.728308882750258082e-06
3.620352250489246998e-02 1.020319747108956000e-05
3.816046966731912599e-02 1.068923352250082128e-05
4.011741682974577505e-02 1.118675343843676329e-05
4.207436399217233391e-02 1.169609362033144724e-05
4.403131115459898992e-02 1.221759046962826358e-05
4.598825831702554878e-02 1.276052411618475808e-05
4.794520547945220479e-02 1.332620362930951423e-05
4.990215264187876365e-02 1.390772789990244959e-05
5.185909980430541272e-02 1.450555808747788390e-05
5.381604696673206872e-02 1.512015535154702830e-05
5.577299412915862759e-02 1.575198085163975913e-05
5.772994129158528359e-02 1.640149574726417045e-05
5.968688845401184245e-02 1.706916119794392477e-05
6.164383561643849152e-02 1.775543836319955568e-05
6.360078277886505038e-02 1.846078840254227938e-05
6.555772994129170639e-02 1.918567247549885684e-05
6.751467710371826525e-02 1.993055174158049749e-05
6.947162426614492126e-02 2.069588736030774848e-05
7.142857142857148012e-02 2.148214049119181584e-05
7.338551859099813612e-02 2.228977229376879823e-05
7.534246575342477825e-02 2.311924392754057079e-05
7.729941291585143426e-02 2.397101655203079094e-05
7.925636007827809026e-02 2.484555132675688875e-05
8.121330724070464913e-02 2.574330941123940795e-05
8.317025440313130513e-02 2.667038908440511665e-05
8.512720156555786399e-02 2.763580310402169928e-05
8.708414872798452000e-02 2.862875017900395652e-05
8.904109589041107886e-02 2.964983400870909954e-05
9.099804305283773487e-02 3.069965829250677396e-05
9.295499021526429373e-02 3.177882672973240865e-05
9.491193737769093586e-02 3.288794301978054184e-05
9.686888454011750860e-02 3.402761086198971948e-05
9.882583170254415073e-02 3.519843395572335641e-05
1.007827788649707096e-01 3.640101600035110843e-05
1.027397260273973656e-01 3.763596069523017653e-05
1.046966731898240216e-01 3.890387173970843759e-05
1.066536203522505805e-01 4.020535283315865771e-05
1.086105675146772365e-01 4.154100767494736202e-05
1.105675146771037953e-01 4.291143996442243417e-05
1.125244618395304513e-01 4.431725340095040610e-05
1.144814090019570935e-01 4.575905168388848558e-05
1.164383561643837495e-01 4.723743851260632162e-05
1.183953033268103083e-01 4.875301758645178432e-05
1.203522504892369643e-01 5.030340996718652390e-05
1.223091976516635232e-01 5.186201047620269528e-05
1.242661448140901792e-01 5.345461477190171411e-05
1.262230919765167381e-01 5.508158043485868177e-05
1.281800391389433802e-01 5.674326504561447274e-05
1.301369863013700501e-01 5.844002618473796777e-05
1.320939334637966089e-01 6.017222143276693103e-05
1.340508806262232511e-01 6.194020837027335361e-05
1.360078277886498099e-01 6.374434457781054440e-05
1.379647749510764798e-01 6.558498763591940500e-05
1.399217221135030387e-01 6.746249512517189936e-05
1.418786692759296808e-01 6.937722462610582553e-05
1.438356164383562397e-01 7.132953371929001685e-05
1.457925636007828818e-01 7.331977998527160905e-05
1.477495107632094684e-01 7.534832100461325553e-05
1.497064579256361938e-01 7.741551435786514133e-05
1.516634050880628637e-01 7.952171762557750572e-05
1.536203522504894226e-01 8.166728838832231266e-05
1.555772994129160647e-01 8.385258422663112606e-05
1.575342465753426235e-01 8.607796272107592342e-05
1.594911937377692657e-01 8.821767651528213431e-05
1.614481409001958245e-01 9.036071452021124969e-05
1.634050880626224944e-01 9.252199703652993362e-05
1.653620352250490533e-01 9.470079570303515683e-05
1.673189823874756954e-01 9.689638215858924035e-05
1.692759295499022543e-01 9.910802804200781674e-05
1.712328767123289242e-01 1.013350049921407658e-04
1.731898238747554830e-01 1.035765846478068372e-04
1.751467710371821251e-01 1.058320386478465460e-04
1.771037181996087673e-01 1.081006386310911236e-04
1.790606653620353539e-01 1.103816562363841886e-04
1.810176125244619960e-01 1.126743631025476213e-04
1.829745596868885549e-01 1.149780308684188331e-04
1.849315068493151970e-01 1.172919311728134702e-04
1.868884540117418669e-01 1.194778322215681428e-04
1.888454011741685090e-01 1.216251406163044096e-04
1.908023483365950679e-01 1.237480014204387941e-04
1.927592954990217378e-01 1.258438420998255207e-04
1.947162426614482966e-01 1.279100901203498899e-04
1.966731898238749388e-01 1.299441729478723333e-04
1.986301369863014976e-01 1.319435180482532552e-04
2.005870841487281397e-01 1.339055528873593214e-04
2.025440313111548096e-01 1.358277049310634046e-04
2.045009784735813685e-01 1.377074016452196751e-04
2.064579256360080106e-01 1.395420704957010328e-04
2.084148727984345695e-01 1.413291389483803233e-04
2.103718199608612394e-01 1.430660344691055369e-04
2.123287671232877982e-01 1.447501845237557806e-04
2.142857142857144404e-01 1.462984451044705347e-04
2.162426614481409992e-01 1.477600623333338425e-04
2.181996086105676413e-01 1.491409500721953122e-04
2.201565557729942280e-01 1.504372596940690748e-04
2.221135029354208701e-01 1.516451425720004049e-04
2.240704500978475122e-01 1.527607500789723166e-04
2.260273972602741821e-01 1.537802335880486787e-04
2.279843444227008242e-01 1.546997444722250008e-04
2.299412915851273831e-01 1.555154341045340350e-04
2.318982387475540252e-01 1.562234538580024076e-04
2.338551859099806118e-01 1.568199551056504565e-04
2.358121330724072540e-01 1.573010892204985197e-04
2.377690802348338128e-01 1.576877479243843415e-04
2.397260273972604550e-01 1.580278489911901313e-04
2.416829745596870138e-01 1.582629096383231042e-04
2.436399217221136837e-01 1.583906056655166341e-04
2.455968688845402426e-01 1.584086128725165088e-04
2.475538160469668847e-01 1.583146070590498139e-04
2.495107632093934436e-01 1.581062640248810127e-04
2.514677103718200857e-01 1.577812595697247495e-04
2.534246575342467556e-01 1.573372694933392534e-04
2.553816046966733144e-01 1.567719695954454301e-04
2.573385518590999843e-01 1.560830356758014816e-04
2.592954990215265432e-01 1.553126136560290199e-04
2.612524461839531575e-01 1.546505515361610802e-04
2.632093933463798274e-01 1.539269373257318998e-04
2.651663405088064973e-01 1.531448493161161842e-04
2.671232876712330562e-01 1.523073657987197285e-04
2.690802348336597261e-01 1.514175650649732371e-04
2.710371819960862849e-01 1.504785254062638027e-04
2.729941291585128993e-01 1.494933251140159226e-04
2.749510763209394582e-01 1.484650424796291307e-04
2.769080234833661280e-01 1.474003829601277799e-04
2.788649706457926869e-01 1.463010186344139386e-04
2.808219178082193568e-01 1.451694201786346214e-04
2.827788649706459712e-01 1.440088113711470211e-04
2.847358121330726410e-01 1.428224159902584574e-04
2.866927592954990889e-01 1.416134578142949521e-04
2.886497064579257588e-01 1.403851606216199052e-04
2.906066536203524286e-01 1.391407481905157268e-04
2.925636007827790430e-01 1.378770042419878185e-04
2.945205479452055464e-01 1.365909427448666472e-04
2.964774951076322163e-01 1.352925173024424371e-04
2.984344422700589416e-01 1.339843478017595571e-04
3.003913894324856115e-01 1.326690541298249440e-04
3.023483365949122259e-01 1.313492561736829124e-04
3.043052837573387293e-01 1.300275738203840112e-04
3.062622309197653436e-01 1.287066269569476183e-04
3.082191780821920135e-01 1.273948949313529757e-04
3.101761252446186834e-01 1.260922491478477098e-04
3.121330724070451312e-01 1.248009345735878414e-04
3.140900195694718011e-01 1.235238530955771476e-04
3.160469667318984155e-01 1.222639066008442338e-04
3.180039138943250854e-01 1.210239969763741611e-04
3.199608610567515332e-01 1.198070261091955483e-04
3.219178082191782031e-01 1.186018207999357349e-04
3.238747553816049285e-01 1.173867538731907380e-04
3.258317025440315429e-01 1.161851136737902834e-04
3.277886497064582683e-01 1.149977507434891819e-04
3.297455968688846606e-01 1.138255156240359833e-04
3.317025440313113860e-01 1.126692588571979667e-04
3.336594911937379448e-01 1.115298309847237088e-04
3.356164383561646702e-01 1.104080825483742275e-04
3.375733855185910626e-01 1.092862415631597851e-04
3.395303326810177880e-01 1.081710260796900889e-04
3.414872798434443468e-01 1.070661496154615074e-04
3.434442270058711277e-01 1.059714034602396291e-04
3.454011741682974646e-01 1.048865789037651197e-04
3.473581213307242455e-01 1.038114672357600234e-04
3.493150684931508043e-01 1.027458597460085638e-04
3.512720156555775297e-01 1.017031876914629697e-04
3.532289628180040886e-01 1.007231486845356082e-04
3.551859099804306474e-01 9.977564937864630051e-05
3.571428571428574283e-01 9.886317093947837075e-05
3.590998043052839872e-01 9.798819453272757064e-05
3.610567514677107126e-01 9.715320132407100366e-05
3.630136986301371049e-01 9.636067247921066927e-05
3.649706457925638303e-01 9.561308916381121618e-05
3.669275929549903892e-01 9.474857021004332112e-05
3.688845401174171146e-01 9.379165108239413164e-05
3.708414872798435069e-01 9.278885341433315928e-05
3.727984344422702323e-01 9.173203991754991932e-05
3.747553816046967912e-01 9.070626817822356042e-05
3.767123287671235721e-01 8.986980422573703396e-05
3.786692759295501309e-01 8.912892140824544250e-05
3.806262230919766898e-01 8.850114234663190318e-05
3.825831702544032487e-01 8.799134959215657926e-05
3.845401174168299741e-01 8.723008437035121719e-05
3.864970645792565329e-01 8.638269067830285403e-05
3.884540117416830918e-01 8.541986524254258821e-05
3.904109589041098727e-01 8.431230478952685733e-05
3.923679060665364315e-01 8.370412891350683293e-05
3.943248532289631569e-01 8.334697863013620868e-05
3.962818003913895493e-01 8.298982834674693615e-05
3.982387475538162747e-01 8.231977126020406752e-05
4.001956947162428335e-01 8.162290896594018047e-05
4.021526418786695589e-01 8.094931415634533389e-05
4.041095890410961178e-01 8.030875320631504456e-05
4.060665362035226766e-01 7.967223015934754603e-05
4.080234833659492910e-01 7.905751636888622006e-05
4.099804305283760164e-01 7.844280257843112825e-05
4.119373776908025753e-01 7.785438916884648494e-05
4.138943248532291341e-01 7.726892474864841746e-05
4.158512720156556930e-01 7.668800102953272294e-05
4.178082191780824184e-01 7.611361315336638556e-05
4.197651663405089772e-01 7.554410340368508995e-05
4.217221135029355361e-01 7.497947178048886322e-05
4.236790606653620950e-01 7.442035745318493990e-05
4.256360078277888759e-01 7.387168690099846788e-05
4.275929549902154347e-01 7.333004512621652926e-05
4.295499021526421601e-01 7.279543212883288986e-05
4.315068493150687190e-01 7.226784790886621153e-05
4.334637964774952779e-01 7.174841384933903978e-05
4.354207436399220033e-01 7.123728852994677023e-05
4.373776908023486176e-01 7.073390434226489384e-05
4.393346379647751765e-01 7.023826128629964477e-05
4.412915851272017354e-01 6.975035936205724362e-05
4.432485322896284607e-01 6.927019856951901501e-05
4.452054794520550196e-01 6.879777890869742728e-05
4.471624266144815785e-01 6.833310037959245331e-05
4.491193737769081373e-01 6.787616298221032726e-05
4.510763209393348627e-01 6.742478032653507439e-05
4.530332681017614216e-01 6.697897707194123973e-05
4.549902152641882025e-01 6.654013848026119017e-05
4.569471624266145393e-01 6.610826455149493926e-05
4.589041095890413202e-01 6.568335528565490112e-05
4.608610567514678791e-01 6.526541068272866163e-05
4.628180039138946045e-01 6.485443074271620724e-05
4.647749510763211633e-01 6.445041546562377212e-05
4.667318982387477222e-01 6.405336485143890148e-05
4.686888454011745031e-01 6.365589151555986133e-05
4.706457925636010620e-01 6.325736885737829696e-05
4.726027397260276208e-01 6.286304664175862249e-05
4.745596868884541797e-01 6.247292486870083793e-05
4.765166340508809051e-01 6.208700353819872266e-05
4.784735812133074639e-01 6.170528265023982192e-05
4.804305283757341893e-01 6.132776220484903169e-05
4.823874755381605817e-01 6.095444220202013137e-05
4.843444227005873071e-01 6.058532264173445235e-05
4.863013698630138659e-01 6.023475530675079812e-05
4.882583170254406468e-01 5.990548313484417352e-05
4.902152641878670392e-01 5.958608407744059521e-05
4.921722113502937646e-01 5.927655813452762875e-05
4.941291585127203234e-01 5.897690530611770859e-05
4.960861056751470488e-01 5.868712559220462765e-05
4.980430528375734411e-01 5.840721899278215179e-05
5.000000000000002220e-01 5.813718550786894961e-05
