5.000000000000000000e-01 -0.000000000000000000e+00
4.980430528375733301e-01 -4.536818431726869373e-12
4.960861056751467713e-01 -4.449829159287770263e-12
4.941291585127201569e-01 -4.474093081653132544e-12
4.921722113502935980e-01 -4.503844383384198507e-12
4.902152641878669281e-01 -4.624255653501944492e-12
4.882583170254402583e-01 -4.754285391306061253e-12
4.863013698630136994e-01 -4.884302686073068646e-12
4.843444227005870295e-01 -5.014344866914296391e-12
4.823874755381604706e-01 -5.234051573173367505e-12
4.804305283757338563e-01 -5.475073202002626320e-12
4.784735812133072974e-01 -5.716082387794774151e-12
4.765166340508806275e-01 -5.957116459661143141e-12
4.745596868884539576e-01 -6.198113202416180797e-12
4.726027397260273988e-01 -6.439147274282549787e-12
4.706457925636007844e-01 -6.680156460074698427e-12
4.686888454011742255e-01 -6.921190531941067417e-12
4.667318982387475557e-01 -7.303017568712085932e-12
4.647749510763208858e-01 -7.772630232297270940e-12
4.628180039138943269e-01 -8.242255338919566932e-12
4.608610567514677125e-01 -8.711868002504753556e-12
4.589041095890410982e-01 -9.181493109127049547e-12
4.569471624266144838e-01 -9.651105772712234556e-12
4.549902152641878139e-01 -1.012071843629741956e-11
4.530332681017612551e-01 -1.059033109988260619e-11
4.510763209393345852e-01 -1.105995620650490218e-11
4.491193737769080263e-01 -1.152956887009008719e-11
4.471624266144814119e-01 -1.199919397671238318e-11
4.452054794520548531e-01 -1.246880664029756980e-11
4.432485322896281832e-01 -1.293841930388275481e-11
4.412915851272015133e-01 -1.340803196746794143e-11
4.393346379647749544e-01 -1.387765707409023743e-11
4.373776908023483401e-01 -1.434726973767542243e-11
4.354207436399217812e-01 -1.503661399359390052e-11
4.334637964774951113e-01 -1.645342797113725167e-11
4.315068493150685525e-01 -1.787024194868059958e-11
4.295499021526418826e-01 -1.928706836926106009e-11
4.275929549902152127e-01 -2.070385746073018926e-11
4.256360078277886538e-01 -2.212068388131064977e-11
4.236790606653620395e-01 -2.353749785885400092e-11
4.217221135029353696e-01 -2.495429939336024269e-11
4.197651663405088107e-01 -2.637110092786648124e-11
4.178082191780821408e-01 -2.778792734844694175e-11
4.158512720156555820e-01 -2.920472888295318352e-11
4.138943248532289676e-01 -3.062154286049653143e-11
4.119373776908024087e-01 -3.203835683803987934e-11
4.099804305283757389e-01 -3.345517081558323372e-11
4.080234833659490690e-01 -3.487198479312658163e-11
4.060665362035225101e-01 -3.628878632763282017e-11
4.041095890410958957e-01 -3.770558786213905872e-11
4.021526418786692814e-01 -3.912241428271952246e-11
4.001956947162426670e-01 -4.053921581722576100e-11
3.982387475538160526e-01 -4.195602979476910891e-11
3.962818003913894382e-01 -4.337284377231246329e-11
3.943248532289627684e-01 -4.478965774985581120e-11
3.923679060665362095e-01 -4.620645928436204974e-11
3.904109589041095951e-01 -4.762327326190540412e-11
3.884540117416829808e-01 -4.904007479641164266e-11
3.864970645792563664e-01 -5.045688877395499057e-11
3.845401174168296965e-01 -5.187370275149834494e-11
3.825831702544031376e-01 -5.329051672904169286e-11
3.806262230919765233e-01 -5.470733070658504077e-11
3.786692759295499089e-01 -5.612414468412839514e-11
3.767123287671232945e-01 -5.754094621863463368e-11
3.747553816046966246e-01 -5.895776019617798806e-11
3.727984344422700658e-01 -6.037456173068422660e-11
3.708414872798433959e-01 -6.653717494822431115e-11
3.688845401174168370e-01 -7.818197878499420714e-11
3.669275929549902227e-01 -8.982675773568987147e-11
3.649706457925635528e-01 -1.014715740154968704e-10
3.630136986301369939e-01 -1.131163778522667664e-10
3.610567514677103240e-01 -1.247611816890366624e-10
3.590998043052837096e-01 -1.364059855258065325e-10
3.571428571428571508e-01 -1.480507769195393127e-10
3.551859099804305364e-01 -1.596955807563092087e-10
3.532289628180039220e-01 -1.713403845930791047e-10
3.512720156555772522e-01 -1.829851884298489748e-10
3.493150684931506933e-01 -1.946299798235817550e-10
3.473581213307240789e-01 -2.062747836603516510e-10
3.454011741682974646e-01 -2.179195750540844311e-10
3.434442270058708502e-01 -2.295643913338914429e-10
3.414872798434442358e-01 -2.412091951706613389e-10
3.395303326810176214e-01 -2.528539865643940932e-10
3.375733855185909515e-01 -2.644987904011639892e-10
3.356164383561643927e-01 -2.761435817948967953e-10
3.336594911937377783e-01 -2.877883856316666395e-10
3.317025440313111639e-01 -2.994331894684365355e-10
3.297455968688845496e-01 -3.110779933052064315e-10
3.277886497064578797e-01 -3.227227846989392375e-10
3.258317025440313208e-01 -3.343675885357091335e-10
3.238747553816047065e-01 -3.460124048155161195e-10
3.219178082191780921e-01 -3.576571837662117838e-10
3.199608610567514777e-01 -3.693020000460187698e-10
3.180039138943248078e-01 -3.809467914397515758e-10
3.160469667318981934e-01 -3.925915952765214718e-10
3.140900195694715791e-01 -4.042363991132913161e-10
3.121330724070450202e-01 -4.158812029500612121e-10
3.101761252446184058e-01 -4.275259943437940181e-10
3.082191780821917915e-01 -4.391707981805639141e-10
3.062622309197651771e-01 -4.508156020173337584e-10
3.043052837573385072e-01 -4.624604058541036544e-10
3.023483365949118928e-01 -4.741052096908736021e-10
3.003913894324853340e-01 -4.857499886415692147e-10
2.984344422700587196e-01 -4.973948049213762524e-10
2.964774951076321052e-01 -5.090395963151090067e-10
2.945205479452054909e-01 -5.206844125949160444e-10
2.925636007827788210e-01 -5.323292039886487987e-10
2.906066536203522066e-01 -5.439740078254186947e-10
2.886497064579256477e-01 -5.556188116621885907e-10
2.866927592954990334e-01 -5.672636030559213450e-10
2.847358121330724190e-01 -5.789084193357283827e-10
2.827788649706457491e-01 -5.905532107294611370e-10
2.808219178082191902e-01 -6.021980145662310330e-10
2.788649706457925759e-01 -6.138428059599637873e-10
2.769080234833659615e-01 -6.254876097967336833e-10
2.749510763209393471e-01 -6.371324136335035793e-10
2.729941291585127328e-01 -6.487772174702734753e-10
2.710371819960860629e-01 -6.604220088640062296e-10
2.690802348336594485e-01 -6.720668127007761256e-10
2.671232876712328896e-01 -6.837116040945088799e-10
2.651663405088062753e-01 -6.953564203743159176e-10
2.632093933463796609e-01 -7.070012242110858136e-10
2.612524461839529910e-01 -7.186460156048185679e-10
2.592954990215264321e-01 -7.302908194415884639e-10
2.573385518590997623e-01 -7.419356108353212182e-10
2.553816046966732034e-01 -7.535804146720911142e-10
2.534246575342465890e-01 -7.652252185088610102e-10
2.514677103718199747e-01 -7.768700223456309062e-10
2.495107632093933048e-01 -7.885148137393636605e-10
2.475538160469667182e-01 -8.001596175761335565e-10
2.455968688845401038e-01 -8.118044338559405941e-10
2.436399217221134617e-01 -8.234492252496733485e-10
2.416829745596868750e-01 -9.028460177477599618e-10
2.397260273972602884e-01 -9.874994583744124857e-10
2.377690802348336740e-01 -1.072152899001065216e-09
2.358121330724070319e-01 -1.156806302298606419e-09
2.338551859099804175e-01 -1.241459742925258942e-09
2.318982387475538032e-01 -1.326113171108874428e-09
2.299412915851271610e-01 -1.410766599292489914e-09
2.279843444227006022e-01 -1.495420015033068154e-09
2.260273972602739878e-01 -1.580073443216683640e-09
2.240704500978473457e-01 -1.664726871400299125e-09
2.221135029354207313e-01 -1.749380312026951649e-09
2.201565557729941169e-01 -1.834033727767530097e-09
2.181996086105674748e-01 -1.918687155951145582e-09
2.162426614481408604e-01 -2.003340596577797899e-09
2.142857142857143016e-01 -2.087994012318376553e-09
2.123287671232876872e-01 -2.172647440501992039e-09
2.103718199608610451e-01 -2.257300868685607524e-09
2.084148727984344307e-01 -2.341954296869223010e-09
2.064579256360078441e-01 -2.426607737495875327e-09
2.045009784735811742e-01 -2.511261165679490813e-09
2.025440313111545876e-01 -2.595914581420069053e-09
2.005870841487280010e-01 -2.680568009603684539e-09
1.986301369863013588e-01 -2.765221450230337269e-09
1.966731898238747445e-01 -2.849874865970915510e-09
1.947162426614481578e-01 -2.934528294154530996e-09
1.927592954990214880e-01 -3.019181722338146481e-09
1.908023483365949013e-01 -3.103835150521761967e-09
1.888454011741682870e-01 -3.188488591148414697e-09
1.868884540117416448e-01 -3.273141994445955693e-09
1.849315068493150582e-01 -3.357795435072608424e-09
1.829745596868884716e-01 -3.442448863256223909e-09
1.810176125244618017e-01 -3.527102291439839395e-09
1.790606653620352151e-01 -3.611755719623454880e-09
1.771037181996086007e-01 -3.696409147807069952e-09
1.751467710371819586e-01 -3.781062575990685852e-09
1.731898238747553442e-01 -3.865716004174300924e-09
1.712328767123287854e-01 -3.950369444800953241e-09
1.692759295499021710e-01 -4.035022848098494650e-09
1.673189823874755289e-01 -4.119676288725147794e-09
1.653620352250489145e-01 -4.204329716908762866e-09
1.634050880626223001e-01 -4.288983145092378765e-09
1.614481409001956580e-01 -4.373636573275993837e-09
1.594911937377690436e-01 -4.458289989016572491e-09
1.575342465753424848e-01 -4.542943429643224808e-09
1.555772994129158426e-01 -4.627596857826839880e-09
1.536203522504892283e-01 -4.937865008504751031e-09
1.516634050880626139e-01 -5.294217066994522295e-09
1.497064579256359718e-01 -5.650569125484294386e-09
1.477495107632093574e-01 -6.006921183974065650e-09
1.457925636007827708e-01 -6.363273242463837741e-09
1.438356164383561564e-01 -6.719625288510572587e-09
1.418786692759295420e-01 -7.075977347000343851e-09
1.399217221135029277e-01 -7.432329405490115942e-09
1.379647749510762855e-01 -7.788681463979888033e-09
1.360078277886496712e-01 -8.145033510026622052e-09
1.340508806262230845e-01 -8.501385568516394143e-09
1.320939334637964147e-01 -8.857737614563128162e-09
1.301369863013698558e-01 -9.214089673052900253e-09
1.281800391389432414e-01 -9.570441743985708762e-09
1.262230919765166548e-01 -9.926793802475480853e-09
1.242661448140899988e-01 -1.028314586096525294e-08
1.223091976516633844e-01 -1.063949791945502504e-08
1.203522504892367839e-01 -1.099584996550175905e-08
1.183953033268101279e-01 -1.135220202399153115e-08
1.164383561643835691e-01 -1.170855408248130324e-08
1.144814090019569547e-01 -1.206490614097107367e-08
1.125244618395303126e-01 -1.242125819946084576e-08
1.105675146771036982e-01 -1.277761025795061786e-08
1.086105675146770977e-01 -1.313396230399735187e-08
1.066536203522504417e-01 -1.349031436248712397e-08
1.046966731898238412e-01 -1.384666642097689606e-08
1.027397260273972823e-01 -1.420301847946666815e-08
1.007827788649706263e-01 -1.455937053795644024e-08
9.882583170254401195e-02 -1.491572259644621068e-08
9.686888454011741145e-02 -1.527207465493598277e-08
9.491193737769075545e-02 -1.562842671342575486e-08
9.295499021526415495e-02 -1.598477877191552695e-08
9.099804305283754058e-02 -1.634113083040529904e-08
8.904109589041098172e-02 -1.708264192214352392e-08
8.708414872798433959e-02 -1.809938045218331194e-08
8.512720156555768358e-02 -1.911611896978006686e-08
8.317025440313112472e-02 -2.013285751226289460e-08
8.121330724070446871e-02 -2.114959604230268593e-08
7.925636007827781271e-02 -2.216633455989943754e-08
7.729941291585125385e-02 -2.318307310238226529e-08
7.534246575342469499e-02 -2.419981163242205662e-08
7.338551859099803898e-02 -2.521655015001881153e-08
7.142857142857138297e-02 -2.623328868005859955e-08
6.947162426614482411e-02 -2.725002722254142730e-08
6.751467710371818198e-02 -2.826676575258121863e-08
6.555772994129152598e-02 -2.928350428262100996e-08
6.360078277886496712e-02 -3.030024281266079798e-08
6.164383561643840131e-02 -3.131698134270058931e-08
5.968688845401175225e-02 -3.233371987274038064e-08
5.772994129158509624e-02 -3.335045840278017197e-08
5.577299412915853738e-02 -3.436719694526299641e-08
5.381604696673188831e-02 -3.538393547530278774e-08
5.185909980430523231e-02 -3.640067398045650623e-08
4.990215264187867344e-02 -3.741741252293933729e-08
4.794520547945201744e-02 -3.843415106542216173e-08
4.598825831702545858e-02 -3.945088958301891333e-08
4.403131115459880951e-02 -4.050475120502459067e-08
4.207436399217215350e-02 -4.274605992156778353e-08
4.011741682974559464e-02 -4.498736863811097639e-08
3.816046966731893864e-02 -4.722867734221112952e-08
3.620352250489228957e-02 -4.946998605875432237e-08
3.424657534246573071e-02 -5.171129477529751523e-08
3.228962818003916491e-02 -5.395260349184070147e-08
3.033268101761251584e-02 -5.619391219594086122e-08
2.837573385518586330e-02 -5.843522090004101435e-08
2.641878669275930097e-02 -6.067652962902724031e-08
2.446183953033264843e-02 -6.291783832068436034e-08
2.250489236790599937e-02 -6.515914704967059292e-08
2.054794520547943704e-02 -6.740045575377074605e-08
1.859099804305287471e-02 -6.964176447031393229e-08
1.663405088062622564e-02 -7.188307317441408542e-08
1.467710371819957137e-02 -7.412438189095727166e-08
1.272015655577301077e-02 -7.636569060750047113e-08
1.076320939334645017e-02 -7.860699931160062426e-08
8.806262230919707432e-03 -8.084830802814381050e-08
6.849315068493145968e-03 -8.404769019964952997e-08
4.892367906066493431e-03 -8.860436699690851341e-08
2.935420743639932401e-03 -9.316104379416749684e-08
9.784735812132805150e-04 -9.771772057898343393e-08
-9.784735812133715880e-04 -1.022743973762424174e-07
-2.935420743639932401e-03 -1.068310741610583677e-07
-4.892367906066584504e-03 -1.113877509458743180e-07
-6.849315068493145968e-03 -1.159444277555763345e-07
-8.806262230919797637e-03 -1.205011045403922849e-07
-1.076320939334635823e-02 -1.250577813376512683e-07
-1.272015655577310271e-02 -1.296144581224672054e-07
-1.467710371819966331e-02 -1.341711349072831425e-07
-1.663405088062622564e-02 -1.387278117045421259e-07
-1.859099804305287471e-02 -1.432844885018011093e-07
-2.054794520547943704e-02 -1.478411652990600928e-07
-2.250489236790608957e-02 -1.523978420714330100e-07
-2.446183953033264843e-02 -1.569545188686919934e-07
-2.641878669275939465e-02 -1.615111956659509768e-07
-2.837573385518595351e-02 -1.660678724632099603e-07
-3.033268101761251584e-02 -1.743750602483537699e-07
-3.228962818003916491e-02 -1.836359733064709451e-07
-3.424657534246573071e-02 -1.928968863272590342e-07
-3.620352250489237977e-02 -2.021577993604901697e-07
-3.816046966731893864e-02 -2.114187123812782588e-07
-4.011741682974568485e-02 -2.206796254020663479e-07
-4.207436399217224371e-02 -2.299405384477405033e-07
-4.403131115459880951e-02 -2.392014514685285924e-07
-4.598825831702545858e-02 -2.484623644768736617e-07
-4.794520547945201744e-02 -2.577232775225477905e-07
-4.990215264187876365e-02 -2.669841905433358797e-07
-5.185909980430532251e-02 -2.762451035765669887e-07
-5.381604696673197852e-02 -2.855060165973550778e-07
-5.577299412915853738e-02 -2.947669296181431669e-07
-5.772994129158509624e-02 -3.040278426513743289e-07
-5.968688845401175225e-02 -3.132887556846054379e-07
-6.164383561643831111e-02 -3.225496686929505071e-07
-6.360078277886505038e-02 -3.318105817386246360e-07
-6.555772994129160924e-02 -3.425519867383940479e-07
-6.751467710371826525e-02 -3.600043561751236580e-07
-6.947162426614482411e-02 -3.774567255869671754e-07
-7.142857142857138297e-02 -3.949090950112537127e-07
-7.338551859099803898e-02 -4.123614644479833228e-07
-7.534246575342459784e-02 -4.298138338722699130e-07
-7.729941291585135099e-02 -4.472662032965565033e-07
-7.925636007827790985e-02 -4.647185727208430406e-07
-8.121330724070456586e-02 -4.821709421451296308e-07
-8.317025440313112472e-02 -4.996233115694162210e-07
-8.512720156555768358e-02 -5.170756810061458311e-07
-8.708414872798433959e-02 -5.345280504179892956e-07
-8.904109589041098172e-02 -5.519804198422758858e-07
-9.099804305283763772e-02 -5.694327892790054959e-07
-9.295499021526419658e-02 -5.868851587032920862e-07
-9.491193737769085259e-02 -6.043375281275786764e-07
-9.686888454011741145e-02 -6.317177716090504734e-07
-9.882583170254397031e-02 -6.603042944977517801e-07
-1.007827788649707096e-01 -6.888908173988962125e-07
-1.027397260273972823e-01 -7.174773403124835590e-07
-1.046966731898239245e-01 -7.460638632011848657e-07
-1.066536203522504833e-01 -7.746503861023292981e-07
-1.086105675146771393e-01 -8.032369090034736247e-07
-1.105675146771036982e-01 -8.318234319046180571e-07
-1.125244618395302570e-01 -8.604099548057623836e-07
-1.144814090019570102e-01 -8.889964777193498360e-07
-1.164383561643835691e-01 -9.175830006080511426e-07
-1.183953033268102251e-01 -9.497682819912786598e-07
-1.203522504892367839e-01 -9.937122065544704448e-07
-1.223091976516634399e-01 -1.037656131092776190e-06
-1.242661448140899988e-01 -1.081600055655968187e-06
-1.262230919765167381e-01 -1.125543980219159972e-06
-1.281800391389432969e-01 -1.169487904769908843e-06
-1.301369863013698558e-01 -1.213431829345543753e-06
-1.320939334637964979e-01 -1.257375753883849499e-06
-1.340508806262230845e-01 -1.301319678447041495e-06
-1.360078277886497267e-01 -1.345263603010233280e-06
-1.379647749510763688e-01 -1.403373131793857517e-06
-1.399217221135030387e-01 -1.462340389262540442e-06
-1.418786692759295975e-01 -1.521307646706337326e-06
-1.438356164383561564e-01 -1.580274904175020251e-06
-1.457925636007827985e-01 -1.639242161631260049e-06
-1.477495107632093574e-01 -1.698209419087499848e-06
-1.497064579256361105e-01 -1.757176676543739647e-06
-1.516634050880626694e-01 -1.826244630233275296e-06
-1.536203522504893115e-01 -1.902758201135643762e-06
-1.555772994129158704e-01 -1.979271772050455566e-06
-1.575342465753424293e-01 -2.055785342990152986e-06
-1.594911937377690991e-01 -2.132298913904964578e-06
-1.614481409001956580e-01 -2.208812484807333256e-06
-1.634050880626224111e-01 -2.287759368116440696e-06
-1.653620352250489700e-01 -2.383671564230309441e-06
-1.673189823874756121e-01 -2.479583760356621100e-06
-1.692759295499021710e-01 -2.575495956482933183e-06
-1.712328767123287299e-01 -2.671408152584358591e-06
-1.731898238747553720e-01 -2.767320348698227336e-06
-1.751467710371820419e-01 -2.876098160266693804e-06
-1.771037181996086840e-01 -2.995399183799248691e-06
-1.790606653620352429e-01 -3.114700207344246916e-06
-1.810176125244619127e-01 -3.234001230889244718e-06
-1.829745596868884716e-01 -3.353302254434242942e-06
-1.849315068493150305e-01 -3.484150631047677989e-06
-1.868884540117417559e-01 -3.625147035726855778e-06
-1.888454011741683425e-01 -3.766143440406033566e-06
-1.908023483365949846e-01 -3.907139845085211355e-06
-1.927592954990215435e-01 -4.050128997541258744e-06
-1.947162426614481856e-01 -4.215423815104402745e-06
-1.966731898238747445e-01 -4.380718632655102986e-06
-1.986301369863013033e-01 -4.546013450230689902e-06
-2.005870841487280565e-01 -4.713262746089286175e-06
-2.025440313111546153e-01 -4.904007396758093761e-06
-2.045009784735812852e-01 -5.094752047414458433e-06
-2.064579256360078441e-01 -5.285496698070823105e-06
-2.084148727984344862e-01 -5.487764740575023347e-06
-2.103718199608610451e-01 -5.702917949730539507e-06
-2.123287671232876872e-01 -5.918071158910941496e-06
-2.142857142857143571e-01 -6.133224368078900570e-06
-2.162426614481409159e-01 -6.380324517019919277e-06
-2.181996086105675581e-01 -6.632307912954856765e-06
-2.201565557729941169e-01 -6.884291308864908425e-06
-2.221135029354207868e-01 -7.152861163669794259e-06
-2.240704500978474289e-01 -7.428726573866935957e-06
-2.260273972602739878e-01 -7.704591984076519722e-06
-2.279843444227006299e-01 -8.003984252253241663e-06
-2.299412915851272166e-01 -8.324952961944466999e-06
-2.318982387475538587e-01 -8.645921671635694030e-06
-2.338551859099804175e-01 -8.986839377001459530e-06
-2.358121330724071707e-01 -9.335628562388288462e-06
-2.377690802348337296e-01 -9.684417747762674481e-06
-2.397260273972602884e-01 -1.006846085171577482e-05
-2.416829745596869305e-01 -1.045588440060446164e-05
-2.436399217221134894e-01 -1.084578293944206950e-05
-2.455968688845401593e-01 -1.126485785372413167e-05
-2.475538160469667182e-01 -1.169967798018826762e-05
-2.495107632093934436e-01 -1.215024331882203442e-05
-2.514677103718200302e-01 -1.261655386961298916e-05
-2.534246575342465890e-01 -1.309860963259846058e-05
-2.553816046966732034e-01 -1.360197841892359268e-05
-2.573385518590997623e-01 -1.412942555166089896e-05
-2.592954990215264321e-01 -1.467627278768075620e-05
-2.612524461839531020e-01 -1.524252012698316101e-05
-2.632093933463797164e-01 -1.582816756956811677e-05
-2.651663405088063308e-01 -1.643321511544806470e-05
-2.671232876712328896e-01 -1.706696241285564626e-05
-2.690802348336595040e-01 -1.772430206510519307e-05
-2.710371819960860629e-01 -1.840425857282821376e-05
-2.729941291585128438e-01 -1.910683193602470158e-05
-2.749510763209394026e-01 -1.983202215470710112e-05
-2.769080234833660170e-01 -2.058484603426581223e-05
-2.788649706457925759e-01 -2.137703760593913379e-05
-2.808219178082191347e-01 -2.219791766021551716e-05
-2.827788649706458046e-01 -2.304748619714473400e-05
-2.847358121330723635e-01 -2.392574321667701603e-05
-2.866927592954990889e-01 -2.483268871882480109e-05
-2.886497064579256477e-01 -2.577699473880332693e-05
-2.906066536203523176e-01 -2.675977421412898687e-05
-2.925636007827788765e-01 -2.777879738186738676e-05
-2.945205479452054353e-01 -2.883510196278165342e-05
-2.964774951076321052e-01 -2.992972567744826826e-05
-2.984344422700587751e-01 -3.106370624660547227e-05
-3.003913894324853895e-01 -3.223808139091684558e-05
-3.023483365949119483e-01 -3.345388883099619664e-05
-3.043052837573386182e-01 -3.471216628761910028e-05
-3.062622309197651771e-01 -3.601395148136203790e-05
-3.082191780821917360e-01 -3.736028213293835789e-05
-3.101761252446184614e-01 -3.876028056587917895e-05
-3.121330724070450202e-01 -4.022050305498651979e-05
-3.140900195694716901e-01 -4.173411621991780128e-05
-3.160469667318982490e-01 -4.330268844098365686e-05
-3.180039138943249188e-01 -4.492778809859424293e-05
-3.199608610567514777e-01 -4.661098357313485380e-05
-3.219178082191780366e-01 -4.835384324499076344e-05
-3.238747553816047620e-01 -5.015793549447260529e-05
-3.258317025440313208e-01 -5.202482870204030741e-05
-3.277886497064578797e-01 -5.395609124804182690e-05
-3.297455968688846606e-01 -5.596428555385921252e-05
-3.317025440313112195e-01 -5.804434683052822744e-05
-3.336594911937377783e-01 -6.019729888607798296e-05
-3.356164383561643372e-01 -6.242502776106707201e-05
-3.375733855185910626e-01 -6.472941949604161919e-05
-3.395303326810176214e-01 -6.711236013151041868e-05
-3.414872798434443468e-01 -6.957573570799471265e-05
-3.434442270058709057e-01 -7.212143226609041768e-05
-3.454011741682974646e-01 -7.475133584625654273e-05
-3.473581213307240789e-01 -7.747353265742077007e-05
-3.493150684931506378e-01 -8.029736463470585957e-05
-3.512720156555773632e-01 -8.321660028915007742e-05
-3.532289628180039220e-01 -8.623363300831927720e-05
-3.551859099804306474e-01 -8.935085617958026655e-05
-3.571428571428572063e-01 -9.257066319056113228e-05
-3.590998043052837652e-01 -9.589544742866599211e-05
-3.610567514677103240e-01 -9.932760228144828555e-05
-3.630136986301368829e-01 -1.028695211363618952e-04
-3.649706457925636638e-01 -1.065300436093554506e-04
-3.669275929549902227e-01 -1.103091562478011054e-04
-3.688845401174169480e-01 -1.142081381849390924e-04
-3.708414872798435069e-01 -1.182296562369583381e-04
-3.727984344422700658e-01 -1.223763772199109559e-04
-3.747553816046966246e-01 -1.266509679499485893e-04
-3.767123287671231835e-01 -1.310560952431730761e-04
-3.786692759295499644e-01 -1.355944259156862948e-04
-3.806262230919765233e-01 -1.402687880647870717e-04
-3.825831702544032487e-01 -1.450824410540584464e-04
-3.845401174168298075e-01 -1.500375872411433269e-04
-3.864970645792563664e-01 -1.551369229782304925e-04
-3.884540117416829252e-01 -1.603831446174714531e-04
-3.904109589041096506e-01 -1.657789485110177188e-04
-3.923679060665362095e-01 -1.713270310110332406e-04
-3.943248532289627684e-01 -1.770300884696694472e-04
-3.962818003913895493e-01 -1.828908172390903439e-04
-3.982387475538161081e-01 -1.888966176827807666e-04
-4.001956947162426670e-01 -1.950498007162920809e-04
-4.021526418786692259e-01 -2.013596902162295699e-04
-4.041095890410959512e-01 -2.078280961384220554e-04
-4.060665362035225101e-01 -2.144568284389471841e-04
-4.080234833659490690e-01 -2.212476970737457490e-04
-4.099804305283758499e-01 -2.282025119988207763e-04
-4.119373776908024087e-01 -2.353230831701255004e-04
-4.138943248532289676e-01 -2.426091325526369110e-04
-4.158512720156556930e-01 -2.500154068860032134e-04
-4.178082191780822519e-01 -2.575761128076438432e-04
-4.197651663405088107e-01 -2.652913206959367845e-04
-4.217221135029353696e-01 -2.731611009292099859e-04
-4.236790606653620950e-01 -2.811855238858786740e-04
-4.256360078277886538e-01 -2.893646599443082021e-04
-4.275929549902154347e-01 -2.976985794828266815e-04
-4.295499021526419936e-01 -3.061873528798491760e-04
-4.315068493150685525e-01 -3.147990927200188297e-04
-4.334637964774951113e-01 -3.235071837123834723e-04
-4.354207436399216702e-01 -3.323358506736674212e-04
-4.373776908023483956e-01 -3.412793182069434302e-04
-4.393346379647749544e-01 -3.503314169932795910e-04
-4.412915851272017354e-01 -3.594855837914404193e-04
-4.432485322896282942e-01 -3.687348614378994308e-04
-4.452054794520548531e-01 -3.780718988471130654e-04
-4.471624266144814119e-01 -3.874889510111096660e-04
-4.491193737769079708e-01 -3.969506146731272564e-04
-4.510763209393346962e-01 -4.064597424532395329e-04
-4.530332681017612551e-01 -4.160080316122711694e-04
-4.549902152641879804e-01 -4.255836754392661983e-04
-4.569471624266145393e-01 -4.351743103586976492e-04
-4.589041095890410982e-01 -4.447670159304796382e-04
-4.608610567514677125e-01 -4.543483148499303419e-04
-4.628180039138942714e-01 -4.639041729477717270e-04
-4.647749510763209968e-01 -4.734167949340329826e-04
-4.667318982387475557e-01 -4.828636749888565172e-04
-4.686888454011742811e-01 -4.922342622987475316e-04
-4.706457925636008399e-01 -5.015113636482340870e-04
-4.726027397260273988e-01 -5.106771654721446296e-04
-4.745596868884539576e-01 -5.197132338555837585e-04
-4.765166340508805165e-01 -5.286005145339189989e-04
-4.784735812133070754e-01 -5.373193328928249288e-04
-4.804305283757340228e-01 -5.458493939683080071e-04
-4.823874755381605817e-01 -5.542025052458096580e-04
-4.843444227005871405e-01 -5.623540780501730309e-04
-4.863013698630136994e-01 -5.702749846984385201e-04
-4.882583170254402583e-01 -5.779462052724392094e-04
-4.902152641878670392e-01 -5.853483484204415532e-04
-4.921722113502935980e-01 -5.924616513572506524e-04
-4.941291585127201569e-01 -5.992659798640547798e-04
-4.960861056751467157e-01 -6.057408282885936484e-04
-4.980430528375734411e-01 -6.118854946125443358e-04
-5.000000000000000000e-01 -6.178273942844903031e-04
-5.000000000000000000e-01 -6.178273942844903031e-04
-4.980430528375733301e-01 -5.867610027061518057e-04
-4.960861056751467713e-01 -5.597664126759296227e-04
-4.941291585127201569e-01 -5.358277548694909218e-04
-4.921722113502935980e-01 -5.141482004162382631e-04
-4.902152641878669281e-01 -4.941458336774139743e-04
-4.882583170254402583e-01 -4.757340331552896667e-04
-4.863013698630136994e-01 -4.584829102949329301e-04
-4.843444227005870295e-01 -4.424463360381117641e-04
-4.823874755381604706e-01 -4.272288776354732842e-04
-4.804305283757338563e-01 -4.129326437385480051e-04
-4.784735812133072974e-01 -3.993094720549611280e-04
-4.765166340508806275e-01 -3.864373250992626145e-04
-4.745596868884539576e-01 -3.741530081689502783e-04
-4.726027397260273988e-01 -3.624231396542478109e-04
-4.706457925636007844e-01 -3.511527364369534400e-04
-4.686888454011742255e-01 -3.402794089641252321e-04
-4.667318982387475557e-01 -3.298452202257742458e-04
-4.647749510763208858e-01 -3.197935084142858970e-04
-4.628180039138943269e-01 -3.100937406814463526e-04
-4.608610567514677125e-01 -3.007172036410273681e-04
-4.589041095890410982e-01 -2.917126007472010778e-04
-4.569471624266144838e-01 -2.830278275857134318e-04
-4.549902152641878139e-01 -2.746457325767139826e-04
-4.530332681017612551e-01 -2.665491641403771651e-04
-4.510763209393345852e-01 -2.586648628034094767e-04
-4.491193737769080263e-01 -2.509896451234623735e-04
-4.471624266144814119e-01 -2.435012663958895313e-04
-4.452054794520548531e-01 -2.361747446561394774e-04
-4.432485322896281832e-01 -2.291626568522370569e-04
-4.412915851272015133e-01 -2.224268655715737407e-04
-4.393346379647749544e-01 -2.159468541212694343e-04
-4.373776908023483401e-01 -2.097260887740119901e-04
-4.354207436399217812e-01 -2.035606877584933405e-04
-4.334637964774951113e-01 -1.974240686928135349e-04
-4.315068493150685525e-01 -1.913313056506982344e-04
-4.295499021526418826e-01 -1.852472024223404830e-04
-4.275929549902152127e-01 -1.795092998359375236e-04
-4.256360078277886538e-01 -1.742417977232158812e-04
-4.236790606653620395e-01 -1.693500784170778948e-04
-4.217221135029353696e-01 -1.648812422993265131e-04
-4.197651663405088107e-01 -1.605452239179768815e-04
-4.178082191780821408e-01 -1.561169555835138821e-04
-4.158512720156555820e-01 -1.517435710249353989e-04
-4.138943248532289676e-01 -1.473819970124993920e-04
-4.119373776908024087e-01 -1.429891603164888398e-04
-4.099804305283757389e-01 -1.385219877072053419e-04
-4.080234833659490690e-01 -1.339374059548944173e-04
-4.060665362035225101e-01 -1.291923418298515126e-04
-4.041095890410958957e-01 -1.245837790630533229e-04
-4.021526418786692814e-01 -1.205967975759870075e-04
-4.001956947162426670e-01 -1.167490751930504790e-04
-3.982387475538160526e-01 -1.130499362211043256e-04
-3.962818003913894382e-01 -1.095087049669780455e-04
-3.943248532289627684e-01 -1.061347057375384338e-04
-3.923679060665362095e-01 -1.029372628396149619e-04
-3.904109589041095951e-01 -9.992570058008067252e-05
-3.884540117416829808e-01 -9.705623869589124586e-05
-3.864970645792563664e-01 -9.405917514583226040e-05
-3.845401174168296965e-01 -9.114767510962602597e-05
-3.825831702544031376e-01 -8.831735669266618208e-05
-3.806262230919765233e-01 -8.556383800044587091e-05
-3.786692759295499089e-01 -8.288273713836493903e-05
-3.767123287671232945e-01 -8.026967221192276279e-05
-3.747553816046966246e-01 -7.772026132650672044e-05
-3.727984344422700658e-01 -7.523012258760999481e-05
-3.708414872798433959e-01 -7.284934662850368469e-05
-3.688845401174168370e-01 -7.053949353447025992e-05
-3.669275929549902227e-01 -6.829716081374590550e-05
-3.649706457925635528e-01 -6.612007061494623345e-05
-3.630136986301369939e-01 -6.400594508658731248e-05
-3.610567514677103240e-01 -6.195250637725989928e-05
-3.590998043052837096e-01 -5.995747663554226866e-05
-3.571428571428571508e-01 -5.801857801001893638e-05
-3.551859099804305364e-01 -5.614559107357606208e-05
-3.532289628180039220e-01 -5.433233503486364295e-05
-3.512720156555772522e-01 -5.257435075642850870e-05
-3.493150684931506933e-01 -5.086995924397649056e-05
-3.473581213307240789e-01 -4.921748150319475793e-05
-3.454011741682974646e-01 -4.761523853970203995e-05
-3.434442270058708502e-01 -4.606155135919172660e-05
-3.414872798434442358e-01 -4.455474096734476669e-05
-3.395303326810176214e-01 -4.309541408156145206e-05
-3.375733855185909515e-01 -4.168257240427848150e-05
-3.356164383561643927e-01 -4.031360578080412559e-05
-3.336594911937377783e-01 -3.898719027006117917e-05
-3.317025440313111639e-01 -3.770202662170338287e-05
-3.297455968688845496e-01 -3.645684027622748220e-05
-3.277886497064578797e-01 -3.525038136481139681e-05
-3.258317025440313208e-01 -3.408142470947604446e-05
-3.238747553816047065e-01 -3.294971960618014442e-05
-3.219178082191780921e-01 -3.185533060285517676e-05
-3.199608610567514777e-01 -3.079617879775291750e-05
-3.180039138943248078e-01 -2.977136225938152280e-05
-3.160469667318981934e-01 -2.878001956912304413e-05
-3.140900195694715791e-01 -2.782132982104680661e-05
-3.121330724070450202e-01 -2.689451262224535241e-05
-3.101761252446184058e-01 -2.599882809249848720e-05
-3.082191780821917915e-01 -2.513295792445091885e-05
-3.062622309197651771e-01 -2.429366301531784509e-05
-3.043052837573385072e-01 -2.348192864749462050e-05
-3.023483365949118928e-01 -2.269688762380442465e-05
-3.003913894324853340e-01 -2.193769258483030344e-05
-2.984344422700587196e-01 -2.120351600892760355e-05
-2.964774951076321052e-01 -2.049355021214932174e-05
-2.945205479452054909e-01 -1.980700734843275361e-05
-2.925636007827788210e-01 -1.914311940933817043e-05
-2.906066536203522066e-01 -1.850113822426038083e-05
-2.886497064579256477e-01 -1.788033546032915364e-05
-2.866927592954990334e-01 -1.728000262242169294e-05
-2.847358121330724190e-01 -1.669945105322482388e-05
-2.827788649706457491e-01 -1.613801193314791767e-05
-2.808219178082191902e-01 -1.559503628031042326e-05
-2.788649706457925759e-01 -1.506989495066631849e-05
-2.769080234833659615e-01 -1.456197863794188707e-05
-2.749510763209393471e-01 -1.407149446701664104e-05
-2.729941291585127328e-01 -1.359748001828184257e-05
-2.710371819960860629e-01 -1.313926735148384764e-05
-2.690802348336594485e-01 -1.269635931063694685e-05
-2.671232876712328896e-01 -1.226828015771878776e-05
-2.651663405088062753e-01 -1.185457557275748365e-05
-2.632093933463796609e-01 -1.145481265371962231e-05
-2.612524461839529910e-01 -1.106857991654759302e-05
-2.592954990215264321e-01 -1.069548729525913331e-05
-2.573385518590997623e-01 -1.033516614173579767e-05
-2.553816046966732034e-01 -9.987269225984260474e-06
-2.534246575342465890e-01 -9.651470735924784727e-06
-2.514677103718199747e-01 -9.327466277428549137e-06
-2.495107632093933048e-01 -9.014972874442080624e-06
-2.475538160469667182e-01 -8.713487746067416097e-06
-2.455968688845401038e-01 -8.419746278531327241e-06
-2.436399217221134617e-01 -8.135935737379199539e-06
-2.416829745596868750e-01 -7.861766136175337336e-06
-2.397260273972602884e-01 -7.596964855430031378e-06
-2.377690802348336740e-01 -7.341276642226262927e-06
-2.358121330724070319e-01 -7.094463610555668364e-06
-2.338551859099804175e-01 -6.856305241169223377e-06
-2.318982387475538032e-01 -6.626598381490139171e-06
-2.299412915851271610e-01 -6.405157245812950791e-06
-2.279843444227006022e-01 -6.191813415141763472e-06
-2.260273972602739878e-01 -5.986415837277345414e-06
-2.240704500978473457e-01 -5.788830826754919141e-06
-2.221135029354207313e-01 -5.598942064931260206e-06
-2.201565557729941169e-01 -5.416650599872709272e-06
-2.181996086105674748e-01 -5.240112039110205095e-06
-2.162426614481408604e-01 -5.066601895068208709e-06
-2.142857142857143016e-01 -4.899050453711800723e-06
-2.123287671232876872e-01 -4.737279195894988106e-06
-2.103718199608610451e-01 -4.581120851624364502e-06
-2.084148727984344307e-01 -4.430419399760474366e-06
-2.064579256360078441e-01 -4.285030068216904668e-06
-2.045009784735811742e-01 -4.144819333848296974e-06
-2.025440313111545876e-01 -4.009664922512561170e-06
-2.005870841487280010e-01 -3.879455809021105496e-06
-1.986301369863013588e-01 -3.754092217176162752e-06
-1.966731898238747445e-01 -3.633485619770793685e-06
-1.947162426614481578e-01 -3.517558738588884868e-06
-1.927592954990214880e-01 -3.406245544355376200e-06
-1.908023483365949013e-01 -3.299491256798478442e-06
-1.888454011741682870e-01 -3.195037101271303509e-06
-1.868884540117416448e-01 -3.092759122378360730e-06
-1.849315068493150582e-01 -2.993910597064690495e-06
-1.829745596868884716e-01 -2.898375723944120910e-06
-1.810176125244618017e-01 -2.806045570697129114e-06
-1.790606653620352151e-01 -2.716818074232601705e-06
-1.771037181996086007e-01 -2.630598040451416410e-06
-1.751467710371819586e-01 -2.547297144520189153e-06
-1.731898238747553442e-01 -2.466833930647298220e-06
-1.712328767123287854e-01 -2.389133812169987618e-06
-1.692759295499021710e-01 -2.314129071554366231e-06
-1.673189823874755289e-01 -2.241758860395407392e-06
-1.653620352250489145e-01 -2.171969199429390957e-06
-1.634050880626223001e-01 -2.104712978496576673e-06
-1.614481409001956580e-01 -2.039949956553646250e-06
-1.594911937377690436e-01 -1.976561775175541429e-06
-1.575342465753424848e-01 -1.915109206445300711e-06
-1.555772994129158426e-01 -1.855719266907304511e-06
-1.536203522504892283e-01 -1.798343683176931380e-06
-1.516634050880626139e-01 -1.742939599182182854e-06
-1.497064579256359718e-01 -1.689469576337887422e-06
-1.477495107632093574e-01 -1.637901593408825935e-06
-1.457925636007827708e-01 -1.588209046634162648e-06
-1.438356164383561564e-01 -1.540370749615457725e-06
-1.418786692759295420e-01 -1.494370933416211612e-06
-1.399217221135029277e-01 -1.450199246424991072e-06
-1.379647749510762855e-01 -1.407850754542075655e-06
-1.360078277886496712e-01 -1.367325940980368524e-06
-1.340508806262230845e-01 -1.328630706464485207e-06
-1.320939334637964147e-01 -1.291573005159663023e-06
-1.301369863013698558e-01 -1.254159945534623970e-06
-1.281800391389432414e-01 -1.218041052242393590e-06
-1.262230919765166548e-01 -1.183181963512472573e-06
-1.242661448140899988e-01 -1.149551123342356335e-06
-1.223091976516633844e-01 -1.117119781522421692e-06
-1.203522504892367839e-01 -1.085861993723027681e-06
-1.183953033268101279e-01 -1.055754621370084730e-06
-1.164383561643835691e-01 -1.026777331844144664e-06
-1.144814090019569547e-01 -9.989125981817665375e-07
-1.125244618395303126e-01 -9.721456993990362109e-07
-1.105675146771036982e-01 -9.464647202178189579e-07
-1.086105675146770977e-01 -9.218605513146211349e-07
-1.066536203522504417e-01 -8.983268890717285124e-07
-1.046966731898238412e-01 -8.758602357514095066e-07
-1.027397260273972823e-01 -8.541339660094639780e-07
-1.007827788649706263e-01 -8.326888990388859626e-07
-9.882583170254401195e-02 -8.120160150598779087e-07
-9.686888454011741145e-02 -7.920821179407707344e-07
-9.491193737769075545e-02 -7.728538350951862574e-07
-9.295499021526415495e-02 -7.542975237361951251e-07
-9.099804305283754058e-02 -7.363791773171215247e-07
-8.904109589041098172e-02 -7.190643317981438158e-07
-8.708414872798433959e-02 -7.023179720870992403e-07
-8.512720156555768358e-02 -6.861044382687556012e-07
-8.317025440313112472e-02 -6.703873319336284764e-07
-8.121330724070446871e-02 -6.551294226685566318e-07
-7.925636007827781271e-02 -6.402925542237601891e-07
-7.729941291585125385e-02 -6.258375509909724895e-07
-7.534246575342469499e-02 -6.117241242202705527e-07
-7.338551859099803898e-02 -5.979107784235489272e-07
-7.142857142857138297e-02 -5.843547177655523214e-07
-6.947162426614482411e-02 -5.710117522807043680e-07
-6.751467710371818198e-02 -5.578362043139119110e-07
-6.555772994129152598e-02 -5.447808147996090812e-07
-6.360078277886496712e-02 -5.317966496403466954e-07
-6.164383561643840131e-02 -5.188330060480513252e-07
-5.968688845401175225e-02 -5.058373187981841806e-07
-5.772994129158509624e-02 -4.927550667203167343e-07
-5.577299412915853738e-02 -4.795296789398465856e-07
-5.381604696673188831e-02 -4.661024411819278394e-07
-5.185909980430523231e-02 -4.524124021500596065e-07
-4.990215264187867344e-02 -4.383962799668903425e-07
-4.794520547945201744e-02 -4.239883683786040697e-07
-4.598825831702545858e-02 -4.091204430837367960e-07
-4.403131115459880951e-02 -3.979311234142928815e-07
-4.207436399217215350e-02 -3.876242932400739475e-07
-4.011741682974559464e-02 -3.775695623822185995e-07
-3.816046966731893864e-02 -3.677707547353474172e-07
-3.620352250489228957e-02 -3.582328809985173954e-07
-3.424657534246573071e-02 -3.489621390485132293e-07
-3.228962818003916491e-02 -3.399659135665562414e-07
-3.033268101761251584e-02 -3.312527762622788979e-07
-2.837573385518586330e-02 -3.228324857990666900e-07
-2.641878669275930097e-02 -3.147159878313871929e-07
-2.446183953033264843e-02 -3.069154149052459073e-07
-2.250489236790599937e-02 -2.994440866323885371e-07
-2.054794520547943704e-02 -2.923165094663265266e-07
-1.859099804305287471e-02 -2.855483769263116820e-07
-1.663405088062622564e-02 -2.791565694853486755e-07
-1.467710371819957137e-02 -2.731591544830941180e-07
-1.272015655577301077e-02 -2.675753863622738833e-07
-1.076320939334645017e-02 -2.624257064322657308e-07
-8.806262230919707432e-03 -2.577317430308585638e-07
-6.849315068493145968e-03 -2.535163113873791050e-07
-4.892367906066493431e-03 -2.498034137346792872e-07
-2.935420743639932401e-03 -2.466182392966930745e-07
-9.784735812132805150e-04 -2.439871642262214689e-07
9.784735812133715880e-04 -2.419377516298182853e-07
2.935420743639932401e-03 -2.404987516051196875e-07
4.892367906066584504e-03 -2.397001012159577250e-07
6.849315068493145968e-03 -2.395729244550314325e-07
8.806262230919797637e-03 -2.401495323185648955e-07
1.076320939334635823e-02 -2.414634227689784031e-07
1.272015655577310271e-02 -2.413396560597013028e-07
1.467710371819966331e-02 -2.376943123025120245e-07
1.663405088062622564e-02 -2.340762335913656963e-07
1.859099804305287471e-02 -2.304771136017253958e-07
2.054794520547943704e-02 -2.268887354869339156e-07
2.250489236790608957e-02 -2.233029719528722272e-07
2.446183953033264843e-02 -2.197117852081872418e-07
2.641878669275939465e-02 -2.161072269767347515e-07
2.837573385518595351e-02 -2.124814384353644356e-07
3.033268101761251584e-02 -2.088266503383500855e-07
3.228962818003916491e-02 -2.051351829676175257e-07
3.424657534246573071e-02 -2.013994460954153951e-07
3.620352250489237977e-02 -1.976119389594292924e-07
3.816046966731893864e-02 -1.937652503374397632e-07
4.011741682974568485e-02 -1.898520586095376113e-07
4.207436399217224371e-02 -1.858651314719340175e-07
4.403131115459880951e-02 -1.817973263475808050e-07
4.598825831702545858e-02 -1.776415900377652999e-07
4.794520547945201744e-02 -1.733909588838699077e-07
4.990215264187876365e-02 -1.690385587798151328e-07
5.185909980430532251e-02 -1.645776050725152082e-07
5.381604696673197852e-02 -1.600014026987516311e-07
5.577299412915853738e-02 -1.553033460109705413e-07
5.772994129158509624e-02 -1.504769189265991973e-07
5.968688845401175225e-02 -1.455156948782738178e-07
6.164383561643831111e-02 -1.404133368511687471e-07
6.360078277886505038e-02 -1.351635972461229979e-07
6.555772994129160924e-02 -1.297603180165136028e-07
6.751467710371826525e-02 -1.241974306806987929e-07
6.947162426614482411e-02 -1.184689561975874942e-07
7.142857142857138297e-02 -1.131895193433638753e-07
7.338551859099803898e-02 -1.079022632846200475e-07
7.534246575342459784e-02 -1.025242660791154291e-07
7.729941291585135099e-02 -9.705478128149680612e-08
7.925636007827790985e-02 -9.149325649557469106e-08
8.121330724070456586e-02 -8.583933349875373395e-08
8.317025440313112472e-02 -8.009284806783011298e-08
8.512720156555768358e-02 -7.425383011586507086e-08
8.708414872798433959e-02 -6.832250362996963007e-08
8.904109589041098172e-02 -6.229928665886157309e-08
9.099804305283763772e-02 -5.618479137508068065e-08
9.295499021526419658e-02 -4.997982401277347358e-08
9.491193737769085259e-02 -4.368538486769326576e-08
9.686888454011741145e-02 -3.730266838430138923e-08
9.882583170254397031e-02 -3.083306305622293596e-08
1.007827788649707096e-01 -2.427815145113279759e-08
1.027397260273972823e-01 -1.763971022319870518e-08
1.046966731898239245e-01 -1.091971012552429371e-08
1.066536203522504833e-01 -4.120316022592106260e-09
1.086105675146771393e-01 2.756113171951567804e-09
1.105675146771036982e-01 9.707024482853669248e-09
1.125244618395302570e-01 1.672967077371006522e-08
1.144814090019570102e-01 2.382111093361111038e-08
1.164383561643835691e-01 3.097820961583786357e-08
1.183953033268102251e-01 3.819763753649498122e-08
1.203522504892367839e-01 4.547587122564996587e-08
1.223091976516634399e-01 5.280919318909267929e-08
1.242661448140899988e-01 6.019369178390492535e-08
1.262230919765167381e-01 6.762526138021996651e-08
1.281800391389432969e-01 7.596313536224509140e-08
1.301369863013698558e-01 8.590977967869627823e-08
1.320939334637964979e-01 9.618314064635379555e-08
1.340508806262230845e-01 1.067940644127175220e-07
1.360078277886497267e-01 1.177535439282390878e-07
1.379647749510763688e-01 1.290727190956384572e-07
1.399217221135030387e-01 1.407628768072329351e-07
1.418786692759295975e-01 1.528354507458486376e-07
1.438356164383561564e-01 1.653020216585673259e-07
1.457925636007827985e-01 1.781743171327516387e-07
1.477495107632093574e-01 1.914642116582603499e-07
1.497064579256361105e-01 2.051837267269927133e-07
1.516634050880626694e-01 2.193450307084579462e-07
1.536203522504893115e-01 2.339604388871045267e-07
1.555772994129158704e-01 2.490424134623200358e-07
1.575342465753424293e-01 2.646035635982033419e-07
1.594911937377690991e-01 2.806566453489064557e-07
1.614481409001956580e-01 2.972145616959635893e-07
1.634050880626224111e-01 3.142903625482911304e-07
1.653620352250489700e-01 3.318972447297446216e-07
1.673189823874756121e-01 3.500485519791188142e-07
1.692759295499021710e-01 3.687577750248057338e-07
1.712328767123287299e-01 3.880385514105924024e-07
1.731898238747553720e-01 4.079046656823062425e-07
1.751467710371820419e-01 4.283700492509415933e-07
1.771037181996086840e-01 4.494487804797612210e-07
1.790606653620352429e-01 4.711550847091820405e-07
1.810176125244619127e-01 4.935033341074590889e-07
1.829745596868884716e-01 5.165080478075585851e-07
1.849315068493150305e-01 5.401838918698289761e-07
1.868884540117417559e-01 5.665718893471041429e-07
1.888454011741683425e-01 5.941657248397534728e-07
1.908023483365949846e-01 6.227708158630258846e-07
1.927592954990215435e-01 6.524180093405130603e-07
1.947162426614481856e-01 6.831386333929379810e-07
1.966731898238747445e-01 7.149644974625848081e-07
1.986301369863013033e-01 7.479278923257425382e-07
2.005870841487280565e-01 7.820615900802613484e-07
2.025440313111546153e-01 8.173988441082241714e-07
2.045009784735812852e-01 8.539733891630474116e-07
2.064579256360078441e-01 8.918194412077214746e-07
2.084148727984344862e-01 9.309716976263429525e-07
2.103718199608610451e-01 9.714653371121267033e-07
2.123287671232876872e-01 1.013336019567861692e-06
2.142857142857143571e-01 1.056619886342328688e-06
2.162426614481409159e-01 1.101353559981440074e-06
2.181996086105675581e-01 1.147574144427327324e-06
2.201565557729941169e-01 1.195319224918797896e-06
2.221135029354207868e-01 1.244626867941562101e-06
2.240704500978474289e-01 1.295535621452208301e-06
2.260273972602739878e-01 1.348084514517355020e-06
2.279843444227006299e-01 1.402313057686941537e-06
2.299412915851272166e-01 1.458261242770253317e-06
2.318982387475538587e-01 1.515969542823479523e-06
2.338551859099804175e-01 1.575478912311471532e-06
2.358121330724071707e-01 1.636830786970870665e-06
2.377690802348337296e-01 1.700067083859879217e-06
2.397260273972602884e-01 1.765230201345818379e-06
2.416829745596869305e-01 1.832363019117570526e-06
2.436399217221134894e-01 1.903959040471934752e-06
2.455968688845401593e-01 1.981773005969793471e-06
2.475538160469667182e-01 2.062483478742953503e-06
2.495107632093934436e-01 2.146177911940278050e-06
2.514677103718200302e-01 2.232945164251215335e-06
2.534246575342465890e-01 2.322875500030230064e-06
2.553816046966732034e-01 2.416060589296803431e-06
2.573385518590997623e-01 2.512593507660774787e-06
2.592954990215264321e-01 2.612568736434327865e-06
2.612524461839531020e-01 2.716082162445348338e-06
2.632093933463797164e-01 2.823231078311165814e-06
2.651663405088063308e-01 2.934114182164812690e-06
2.671232876712328896e-01 3.048831577804334884e-06
2.690802348336595040e-01 3.167484774692796921e-06
2.710371819960860629e-01 3.290176687871176448e-06
2.729941291585128438e-01 3.417011638095240950e-06
2.749510763209394026e-01 3.548095351673786478e-06
2.769080234833660170e-01 3.683534960667725968e-06
2.788649706457925759e-01 3.823439002554129295e-06
2.808219178082191347e-01 3.967917420649283612e-06
2.827788649706458046e-01 4.117081563897163821e-06
2.847358121330723635e-01 4.271044186745002157e-06
2.866927592954990889e-01 4.429919449379704824e-06
2.886497064579256477e-01 4.593822917566093272e-06
2.906066536203523176e-01 4.762871562734005434e-06
2.925636007827788765e-01 4.937183761953409056e-06
2.945205479452054353e-01 5.116879297897072955e-06
2.964774951076321052e-01 5.302079358902782434e-06
2.984344422700587751e-01 5.492906538973338435e-06
3.003913894324853895e-01 5.689484837652130096e-06
3.023483365949119483e-01 5.901784603303517448e-06
3.043052837573386182e-01 6.122499316365539496e-06
3.062622309197651771e-01 6.350978992583909653e-06
3.082191780821917360e-01 6.587464876255607538e-06
3.101761252446184614e-01 6.832203761073073511e-06
3.121330724070450202e-01 7.085448056806446309e-06
3.140900195694716901e-01 7.347455856433750662e-06
3.160469667318982490e-01 7.618491003047103993e-06
3.180039138943249188e-01 7.898823156721599450e-06
3.199608610567514777e-01 8.188727861633046380e-06
3.219178082191780366e-01 8.488486612802428460e-06
3.238747553816047620e-01 8.798386923275850263e-06
3.258317025440313208e-01 9.118722390719677888e-06
3.277886497064578797e-01 9.449792764799587393e-06
3.297455968688846606e-01 9.791904013813023151e-06
3.317025440313112195e-01 1.014536839171984300e-05
3.336594911937377783e-01 1.051050450512318160e-05
3.356164383561643372e-01 1.088763738026276849e-05
3.375733855185910626e-01 1.127709852977181902e-05
3.395303326810176214e-01 1.167922601983210523e-05
3.414872798434443468e-01 1.209436453701795391e-05
3.434442270058709057e-01 1.252286545527710824e-05
3.454011741682974646e-01 1.296508690281206647e-05
3.473581213307240789e-01 1.342139382912314621e-05
3.493150684931506378e-01 1.389215807191471575e-05
3.512720156555773632e-01 1.437775842396405760e-05
3.532289628180039220e-01 1.487858070025156542e-05
3.551859099804306474e-01 1.539501780471763488e-05
3.571428571428572063e-01 1.592746979729330040e-05
3.590998043052837652e-01 1.647719416206376483e-05
3.610567514677103240e-01 1.704513112079461505e-05
3.630136986301368829e-01 1.763063277183512514e-05
3.649706457925636638e-01 1.823414969729372372e-05
3.669275929549902227e-01 1.885614076620468259e-05
3.688845401174169480e-01 1.949707321425064096e-05
3.708414872798435069e-01 2.015742272388335358e-05
3.727984344422700658e-01 2.083767350419551639e-05
3.747553816046966246e-01 2.153831837063087314e-05
3.767123287671231835e-01 2.225985882522936565e-05
3.786692759295499644e-01 2.300280513626256265e-05
3.806262230919765233e-01 2.376767641826728558e-05
3.825831702544032487e-01 2.455500071195478156e-05
3.845401174168298075e-01 2.536531506411991325e-05
3.864970645792563664e-01 2.619916560746324326e-05
3.884540117416829252e-01 2.705710764069930391e-05
3.904109589041096506e-01 2.793970570829157953e-05
3.923679060665362095e-01 2.884753368039901999e-05
3.943248532289627684e-01 2.978117483279767524e-05
3.962818003913895493e-01 3.074122192693918318e-05
3.982387475538161081e-01 3.172827728964842833e-05
4.001956947162426670e-01 3.274295289307005880e-05
4.021526418786692259e-01 3.378587043471453631e-05
4.041095890410959512e-01 3.485766141725534498e-05
4.060665362035225101e-01 3.595896722851282855e-05
4.080234833659490690e-01 3.709043922123892058e-05
4.099804305283758499e-01 3.825273879323790965e-05
4.119373776908024087e-01 3.944653746708894320e-05
4.138943248532289676e-01 4.067251697012986471e-05
4.158512720156556930e-01 4.193136931436641714e-05
4.178082191780822519e-01 4.311786781404447564e-05
4.197651663405088107e-01 4.431680852681772943e-05
4.217221135029353696e-01 4.553564310242027207e-05
4.236790606653620950e-01 4.677427759691736635e-05
4.256360078277886538e-01 4.803260891932349598e-05
4.275929549902154347e-01 4.931052483173921911e-05
4.295499021526419936e-01 5.060790394921432160e-05
4.315068493150685525e-01 5.192461573997178613e-05
4.334637964774951113e-01 5.326052052508425271e-05
4.354207436399216702e-01 5.461546947877269606e-05
4.373776908023483956e-01 5.598930462825704962e-05
4.393346379647749544e-01 5.738185885373137059e-05
4.412915851272017354e-01 5.879295588850067976e-05
4.432485322896282942e-01 6.022241031880678445e-05
4.452054794520548531e-01 6.167002758399002115e-05
4.471624266144814119e-01 6.313560397638971896e-05
4.491193737769079708e-01 6.461892664136906174e-05
4.510763209393346962e-01 6.611977357734003826e-05
4.530332681017612551e-01 6.763791363568870006e-05
4.549902152641879804e-01 6.917310652086231773e-05
4.569471624266145393e-01 7.072510279034449848e-05
4.589041095890410982e-01 7.229364385464269070e-05
4.608610567514677125e-01 7.387846197726335572e-05
4.628180039138942714e-01 7.546063953254316021e-05
4.647749510763209968e-01 7.688080972630107444e-05
4.667318982387475557e-01 7.828832328542511588e-05
4.686888454011742811e-01 7.968116625706296531e-05
4.706457925636008399e-01 8.105727443597484717e-05
4.726027397260273988e-01 8.241453336454598432e-05
4.745596868884539576e-01 8.375077833258749791e-05
4.765166340508805165e-01 8.506379437758523172e-05
4.784735812133070754e-01 8.635131628456295296e-05
4.804305283757340228e-01 8.761102858608228456e-05
4.823874755381605817e-01 8.884056556229252420e-05
4.843444227005871405e-01 9.003751124091816246e-05
4.863013698630136994e-01 9.119939939719670381e-05
4.882583170254402583e-01 9.232371355396574162e-05
4.902152641878670392e-01 9.340788698166295815e-05
4.921722113502935980e-01 9.444930269820172588e-05
4.941291585127201569e-01 9.544529346914525753e-05
4.960861056751467157e-01 9.637706062452630260e-05
4.980430528375734411e-01 9.725444015877959673e-05
5.000000000000000000e-01 9.807457513560316074e-05
