5.000000000000000000e-01 -0.000000000000000000e+00
4.980430528375733301e-01 -7.735649526005037964e-12
4.960861056751467713e-01 -6.172741849747990285e-12
4.941291585127201569e-01 -5.805280299320976654e-12
4.921722113502935980e-01 -5.494048833596050151e-12
4.902152641878669281e-01 -5.580527941513620759e-12
4.882583170254402583e-01 -5.709244938902586953e-12
4.863013698630136994e-01 -5.837955714772996847e-12
4.843444227005870295e-01 -5.966672712161963041e-12
4.823874755381604706e-01 -6.322251162148503887e-12
4.804305283757338563e-01 -6.731732848897479783e-12
4.784735812133071864e-01 -7.141226978683565046e-12
4.765166340508806275e-01 -7.550708665432540134e-12
4.745596868884539576e-01 -7.960202795218626205e-12
4.726027397260273988e-01 -8.369684481967602909e-12
4.706457925636007844e-01 -8.779172390235132681e-12
4.686888454011742255e-01 -9.188660298502664068e-12
4.667318982387475557e-01 -1.001571164612240113e-11
4.647749510763208858e-01 -1.110305888705547232e-11
4.628180039138943269e-01 -1.219041857102565450e-11
4.608610567514677125e-01 -1.327777825499583505e-11
4.589041095890410982e-01 -1.436512549592890624e-11
4.569471624266144838e-01 -1.545247895838053212e-11
4.549902152641878139e-01 -1.653983864235071268e-11
4.530332681017612551e-01 -1.762719210480234178e-11
4.510763209393345852e-01 -1.871453934573540974e-11
4.491193737769080263e-01 -1.980189902970559353e-11
4.471624266144814119e-01 -2.088925871367577409e-11
4.452054794520547421e-01 -2.197660595460884528e-11
4.432485322896281832e-01 -2.306395941706047115e-11
4.412915851272015133e-01 -2.415131910103065171e-11
4.393346379647749544e-01 -2.523866634196372290e-11
4.373776908023483401e-01 -2.632602602593390669e-11
4.354207436399216702e-01 -2.877344077366815628e-11
4.334637964774951113e-01 -3.572311963907358060e-11
4.315068493150684414e-01 -4.267279850447900493e-11
4.295499021526418826e-01 -4.962248981292153861e-11
4.275929549902152127e-01 -5.657216245680840502e-11
4.256360078277886538e-01 -6.352184132221383580e-11
4.236790606653620395e-01 -7.047152640913780512e-11
4.217221135029353696e-01 -7.742121149606178735e-11
4.197651663405088107e-01 -8.437089036146721167e-11
4.178082191780821408e-01 -9.132057544839119391e-11
4.158512720156555820e-01 -9.827025431379661823e-11
4.138943248532289676e-01 -1.052199331792020426e-10
4.119373776908022977e-01 -1.121696182661260119e-10
4.099804305283757389e-01 -1.191192971315314362e-10
4.080234833659490690e-01 -1.260689822184554313e-10
4.060665362035224546e-01 -1.330186610838608298e-10
4.041095890410958957e-01 -1.399683461707848250e-10
4.021526418786692814e-01 -1.469180250361902493e-10
4.001956947162426670e-01 -1.538677101231142186e-10
3.982387475538159971e-01 -1.608173952100382138e-10
3.962818003913894382e-01 -1.677670740754436381e-10
3.943248532289627684e-01 -1.747167591623676074e-10
3.923679060665361540e-01 -1.816664442492915767e-10
3.904109589041095951e-01 -1.886161231146970010e-10
3.884540117416829252e-01 -1.955658019801024254e-10
3.864970645792563664e-01 -2.025154870670264205e-10
3.845401174168296965e-01 -2.094651721539503898e-10
3.825831702544030821e-01 -2.164148510193558142e-10
3.806262230919765233e-01 -2.233645361062797835e-10
3.786692759295498534e-01 -2.303142087501666628e-10
3.767123287671232945e-01 -2.372638938370906580e-10
3.747553816046966246e-01 -2.442135789240146273e-10
3.727984344422700103e-01 -2.511632577894200257e-10
3.708414872798433959e-01 -4.042012039828244293e-10
3.688845401174168370e-01 -7.259962980499946370e-10
3.669275929549902227e-01 -1.047791379674127755e-09
3.649706457925635528e-01 -1.369586467519779392e-09
3.630136986301369384e-01 -1.691381555365431235e-09
3.610567514677103240e-01 -2.013176636989564457e-09
3.590998043052837096e-01 -2.334971718613697471e-09
3.571428571428571508e-01 -2.656766806459349108e-09
3.551859099804304809e-01 -2.978561888083482122e-09
3.532289628180038665e-01 -3.300356975929133759e-09
3.512720156555772522e-01 -3.622152069996304019e-09
3.493150684931506378e-01 -3.943947151620437033e-09
3.473581213307240789e-01 -4.265742239466088670e-09
3.454011741682974090e-01 -4.587537321090222098e-09
3.434442270058708502e-01 -4.909332415157391944e-09
3.414872798434441803e-01 -5.231127496781525372e-09
3.395303326810175659e-01 -5.552922578405658800e-09
3.375733855185909515e-01 -5.874717666251310436e-09
3.356164383561643372e-01 -6.196512754096962073e-09
3.336594911937377783e-01 -6.518307841942613710e-09
3.317025440313111084e-01 -6.840102929788265347e-09
3.297455968688844941e-01 -7.161898017633916984e-09
3.277886497064578797e-01 -7.483693099258049585e-09
3.258317025440312653e-01 -7.805488180882183013e-09
3.238747553816047065e-01 -8.127283268727834650e-09
3.219178082191780366e-01 -8.449078350351968078e-09
3.199608610567514777e-01 -8.770873438197619715e-09
3.180039138943248078e-01 -9.092668526043271351e-09
3.160469667318981379e-01 -9.414463613888922988e-09
3.140900195694715791e-01 -9.736258701734574625e-09
3.121330724070449647e-01 -1.005805378335870805e-08
3.101761252446184058e-01 -1.037984887120435969e-08
3.082191780821917360e-01 -1.070164395905001133e-08
3.062622309197651216e-01 -1.102343904067414475e-08
3.043052837573385072e-01 -1.134523412851979639e-08
3.023483365949118928e-01 -1.166702921636544803e-08
3.003913894324852785e-01 -1.198882429798957980e-08
2.984344422700586641e-01 -1.231061939205675130e-08
2.964774951076320497e-01 -1.263241447990240294e-08
2.945205479452054353e-01 -1.295420956152653637e-08
2.925636007827788210e-01 -1.327600464315066814e-08
2.906066536203522066e-01 -1.359779973099631978e-08
2.886497064579256477e-01 -1.391959481262045321e-08
2.866927592954989779e-01 -1.424138990046610484e-08
2.847358121330723080e-01 -1.456318498831175648e-08
2.827788649706456936e-01 -1.488498006993588991e-08
2.808219178082191347e-01 -1.520677516400306141e-08
2.788649706457925204e-01 -1.552857024562719484e-08
2.769080234833659060e-01 -1.585036532725132496e-08
2.749510763209392916e-01 -1.617216041509697825e-08
2.729941291585126772e-01 -1.649395550294262823e-08
2.710371819960860629e-01 -1.681575059078828152e-08
2.690802348336594485e-01 -1.713754567863393150e-08
2.671232876712328341e-01 -1.745934076025806493e-08
2.651663405088062198e-01 -1.778113584810371822e-08
2.632093933463796054e-01 -1.810293094217088807e-08
2.612524461839529355e-01 -1.842472602379502150e-08
2.592954990215263211e-01 -1.874652110541915492e-08
2.573385518590997623e-01 -1.906831619326480491e-08
2.553816046966731479e-01 -1.939011128111045820e-08
2.534246575342465335e-01 -1.971190636895610818e-08
2.514677103718199191e-01 -2.003370145680176147e-08
2.495107632093933048e-01 -2.035549653842589490e-08
2.475538160469666626e-01 -2.067729162627154488e-08
2.455968688845400483e-01 -2.099908670789567831e-08
2.436399217221134617e-01 -2.132088178951981174e-08
2.416829745596868473e-01 -2.421299605056961251e-08
2.397260273972602329e-01 -2.730453161353426125e-08
2.377690802348336185e-01 -3.039606718272042655e-08
2.358121330724069764e-01 -3.348760273946355543e-08
2.338551859099803620e-01 -3.657913831487124059e-08
2.318982387475537754e-01 -3.967067387161436947e-08
2.299412915851271055e-01 -4.276220944080053807e-08
2.279843444227005189e-01 -4.585374500376518350e-08
2.260273972602739045e-01 -4.894528057917286866e-08
2.240704500978472902e-01 -5.203681613591599754e-08
2.221135029354206758e-01 -5.512835169888064959e-08
2.201565557729940892e-01 -5.821988726184529503e-08
2.181996086105674748e-01 -6.137573084210286455e-08
2.162426614481408604e-01 -6.640119927402938004e-08
2.142857142857142461e-01 -7.142666769973437235e-08
2.123287671232876039e-01 -7.645213612543936467e-08
2.103718199608609618e-01 -8.147760455114435699e-08
2.084148727984343474e-01 -8.650307298307085924e-08
2.064579256360077331e-01 -9.152854140877585156e-08
2.045009784735811464e-01 -9.655400983448084387e-08
2.025440313111545321e-01 -1.015794782726288693e-07
2.005870841487279177e-01 -1.066049466983338616e-07
1.986301369863013033e-01 -1.136044956326615989e-07
1.966731898238747167e-01 -1.206635849537336355e-07
1.947162426614481023e-01 -1.277226742934702548e-07
1.927592954990214602e-01 -1.347817636145422913e-07
1.908023483365948458e-01 -1.418408529542789106e-07
1.888454011741682315e-01 -1.488999422815724836e-07
1.868884540117416448e-01 -1.559590316150875665e-07
1.849315068493149750e-01 -1.630181209361596031e-07
1.829745596868883606e-01 -1.700772102758962224e-07
1.810176125244617740e-01 -1.801726989364016972e-07
1.790606653620351596e-01 -1.905751352360309032e-07
1.771037181996085452e-01 -2.009775715418816190e-07
1.751467710371819031e-01 -2.113800078477323349e-07
1.731898238747552887e-01 -2.217824441473615408e-07
1.712328767123286744e-01 -2.321848804469907467e-07
1.692759295499020877e-01 -2.425873167528414626e-07
1.673189823874754734e-01 -2.529897530586921784e-07
1.653620352250488590e-01 -2.633921893645428943e-07
1.634050880626222724e-01 -2.769685573390720843e-07
1.614481409001956025e-01 -2.918233211047585518e-07
1.594911937377690159e-01 -3.074356794462180695e-07
1.575342465753424015e-01 -3.238056323634506373e-07
1.555772994129157316e-01 -3.409331798564562025e-07
1.536203522504891450e-01 -3.588183219252348178e-07
1.516634050880625306e-01 -3.774610585573434106e-07
1.497064579256359163e-01 -3.968613897838896363e-07
1.477495107632093296e-01 -4.170193155675442765e-07
1.457925636007827153e-01 -4.374664397631314343e-07
1.438356164383561009e-01 -4.584331251134674382e-07
1.418786692759294865e-01 -4.800359084131037736e-07
1.399217221135028999e-01 -5.022747896184897649e-07
1.379647749510762300e-01 -5.251497687669544189e-07
1.360078277886495879e-01 -5.486608458522764904e-07
1.340508806262229735e-01 -5.728080208557910788e-07
1.320939334637963869e-01 -5.975912937961630847e-07
1.301369863013697725e-01 -6.230106646733922963e-07
1.281800391389431582e-01 -6.502071645446578348e-07
1.262230919765165438e-01 -6.787606641230325921e-07
1.242661448140899433e-01 -7.082739710313759869e-07
1.223091976516633428e-01 -7.387470852634665623e-07
1.203522504892367284e-01 -7.701800068255257753e-07
1.183953033268100863e-01 -8.025727357051107119e-07
1.164383561643834719e-01 -8.359252719208857430e-07
1.144814090019568714e-01 -8.702376154604080605e-07
1.125244618395302570e-01 -9.055097663236774527e-07
1.105675146771036566e-01 -9.436788502380923863e-07
1.086105675146770005e-01 -9.843163706461928889e-07
1.066536203522504417e-01 -1.026519350001107424e-06
1.046966731898237857e-01 -1.070287788309057448e-06
1.027397260273972268e-01 -1.115621685557599835e-06
1.007827788649705292e-01 -1.162521041765399592e-06
9.882583170254388705e-02 -1.210985856920013169e-06
9.686888454011731431e-02 -1.261016131015219322e-06
9.491193737769067218e-02 -1.312611864075903878e-06
9.295499021526411332e-02 -1.368532218353161373e-06
9.099804305283745731e-02 -1.429093066410020961e-06
8.904109589041089845e-02 -1.492858025042260192e-06
8.708414872798424244e-02 -1.559980841766485570e-06
8.512720156555768358e-02 -1.630615264074416925e-06
8.317025440313102758e-02 -1.704915039488882006e-06
8.121330724070446871e-02 -1.783033915507822311e-06
7.925636007827781271e-02 -1.865125639635401007e-06
7.729941291585125385e-02 -1.951343959388224174e-06
7.534246575342459784e-02 -2.038589983165977837e-06
7.338551859099795571e-02 -2.125891738728347688e-06
7.142857142857129971e-02 -2.215614427698436624e-06
6.947162426614464370e-02 -2.307707286522599328e-06
6.751467710371808484e-02 -2.402119551690741953e-06
6.555772994129142883e-02 -2.498800459667883976e-06
6.360078277886486997e-02 -2.597699246894158200e-06
6.164383561643822090e-02 -2.698765149871913267e-06
5.968688845401166204e-02 -2.801947405028840337e-06
5.772994129158500604e-02 -2.910523755240793052e-06
5.577299412915844717e-02 -3.026570573488675585e-06
5.381604696673179117e-02 -3.147103625993462740e-06
5.185909980430523231e-02 -3.272311603368510838e-06
4.990215264187858324e-02 -3.402383196227177046e-06
4.794520547945192723e-02 -3.537507095189038292e-06
4.598825831702536837e-02 -3.677871990873672779e-06
4.403131115459871237e-02 -3.823666573906880162e-06
4.207436399217215350e-02 -3.975079534877129663e-06
4.011741682974550444e-02 -4.132170716219672151e-06
3.816046966731893864e-02 -4.294997176078440636e-06
3.620352250489228957e-02 -4.463895034911275454e-06
3.424657534246564050e-02 -4.639042186228262148e-06
3.228962818003898450e-02 -4.820616523545711104e-06
3.033268101761242563e-02 -5.008795940367486410e-06
2.837573385518577310e-02 -5.203758330228562823e-06
2.641878669275921077e-02 -5.405681586620362363e-06
2.446183953033255823e-02 -5.614743603077858094e-06
2.250489236790590569e-02 -5.831728578105640797e-06
2.054794520547934683e-02 -6.057749546431334149e-06
1.859099804305269429e-02 -6.292073753526590479e-06
1.663405088062613196e-02 -6.534939700284895629e-06
1.467710371819948116e-02 -6.786585887581071067e-06
1.272015655577291883e-02 -7.047250816265050743e-06
1.076320939334626803e-02 -7.317172987217877584e-06
8.806262230919707432e-03 -7.596590901320592823e-06
6.849315068493054028e-03 -7.885743059423132949e-06
4.892367906066493431e-03 -8.185296079606904266e-06
2.935420743639841328e-03 -8.496552610517349867e-06
9.784735812132805150e-04 -8.818978519326028357e-06
-9.784735812133715880e-04 -9.152930489542832946e-06
-2.935420743640114981e-03 -9.498772890467929088e-06
-4.892367906066675577e-03 -9.856877777291304563e-06
-6.849315068493328114e-03 -1.022762489098078156e-05
-8.806262230919889578e-03 -1.061140165836911370e-05
-1.076320939334654038e-02 -1.100860319211044174e-05
-1.272015655577310271e-02 -1.141967406553946295e-05
-1.467710371819975351e-02 -1.184517954404434643e-05
-1.663405088062631584e-02 -1.228543160790034788e-05
-1.859099804305296838e-02 -1.274087104126361756e-05
-2.054794520547952724e-02 -1.321194728893032603e-05
-2.250489236790617978e-02 -1.369911845628688909e-05
-2.446183953033274211e-02 -1.420285130939084756e-05
-2.641878669275939465e-02 -1.472362127489621489e-05
-2.837573385518604718e-02 -1.526191244010945928e-05
-3.033268101761260604e-02 -1.581826584748375334e-05
-3.228962818003926205e-02 -1.639346736762523285e-05
-3.424657534246582091e-02 -1.698784052870661506e-05
-3.620352250489246998e-02 -1.760192835853608179e-05
-3.816046966731912599e-02 -1.823628413866252551e-05
-4.011741682974577505e-02 -1.889147140441290687e-05
-4.207436399217233391e-02 -1.956806394486734519e-05
-4.403131115459898992e-02 -2.026664580292756543e-05
-4.598825831702554878e-02 -2.098781127522357558e-05
-4.794520547945220479e-02 -2.173209427413675012e-05
-4.990215264187876365e-02 -2.249933672655260547e-05
-5.185909980430541272e-02 -2.329065214705204403e-05
-5.381604696673206872e-02 -2.410661649059378284e-05
-5.577299412915862759e-02 -2.494781205806057274e-05
-5.772994129158528359e-02 -2.581482749626542577e-05
-5.968688845401184245e-02 -2.670825779792672928e-05
-6.164383561643849152e-02 -2.762870430168069737e-05
-6.360078277886505038e-02 -2.857677469208757455e-05
-6.555772994129170639e-02 -2.955306264197681397e-05
-6.751467710371826525e-02 -3.055747053720300440e-05
-6.947162426614492126e-02 -3.159106510694435456e-05
-7.142857142857148012e-02 -3.265442924353850263e-05
-7.338551859099813612e-02 -3.374814886815740106e-05
-7.534246575342477825e-02 -3.487281293081355416e-05
-7.729941291585143426e-02 -3.602901341039111435e-05
-7.925636007827809026e-02 -3.721734531460232437e-05
-8.121330724070464913e-02 -3.843840667998131019e-05
-8.317025440313130513e-02 -3.969279857195874187e-05
-8.512720156555786399e-02 -4.097919565464271026e-05
-8.708414872798452000e-02 -4.229929809892069996e-05
-8.904109589041107886e-02 -4.365363148678472861e-05
-9.099804305283773487e-02 -4.504266687356275293e-05
-9.295499021526429373e-02 -4.646686949591997154e-05
-9.491193737769093586e-02 -4.792669877196454144e-05
-9.686888454011750860e-02 -4.942260830120406764e-05
-9.882583170254415073e-02 -5.095504586456423105e-05
-1.007827788649707096e-01 -5.252445342435149879e-05
-1.027397260273973656e-01 -5.412982932356295108e-05
-1.046966731898240216e-01 -5.577219562267161310e-05
-1.066536203522505805e-01 -5.745193032302159809e-05
-1.086105675146772365e-01 -5.916926943368867322e-05
-1.105675146771037953e-01 -6.092442296421543151e-05
-1.125244618395304513e-01 -6.271757396515356556e-05
-1.144814090019570935e-01 -6.454887756851907996e-05
-1.164383561643837495e-01 -6.641846002833462601e-05
-1.183953033268103083e-01 -6.832641776112816350e-05
-1.203522504892369643e-01 -7.027121898276196912e-05
-1.223091976516635232e-01 -7.225339092229419741e-05
-1.242661448140901792e-01 -7.427297230773840164e-05
-1.262230919765167381e-01 -7.632971116383529338e-05
-1.281800391389433802e-01 -7.842329654575697616e-05
-1.301369863013700501e-01 -8.055335641924262987e-05
-1.320939334637966089e-01 -8.271945554064100809e-05
-1.340508806262232511e-01 -8.492109333696533586e-05
-1.360078277886498099e-01 -8.715770178601658002e-05
-1.379647749510764798e-01 -8.943258210998478771e-05
-1.399217221135030387e-01 -9.174427710034559333e-05
-1.418786692759296808e-01 -9.409165632798847597e-05
-1.438356164383562397e-01 -9.647444908013252181e-05
-1.457925636007828818e-01 -9.889237208060443326e-05
-1.477495107632094684e-01 -1.013451305019053835e-04
-1.497064579256361938e-01 -1.038324189775578391e-04
-1.516634050880628637e-01 -1.063539226141600546e-04
-1.536203522504894226e-01 -1.089093180036457113e-04
-1.555772994129160647e-01 -1.114886586362324680e-04
-1.575342465753426235e-01 -1.140920918868537078e-04
-1.594911937377692657e-01 -1.167208510115330872e-04
-1.614481409001958245e-01 -1.193730170978645708e-04
-1.634050880626224944e-01 -1.220464921775097429e-04
-1.653620352250490533e-01 -1.247389918141916451e-04
-1.673189823874756954e-01 -1.274480376917882520e-04
-1.692759295499022543e-01 -1.301709502024257846e-04
-1.712328767123289242e-01 -1.329048410345224209e-04
-1.731898238747554830e-01 -1.356817272978953206e-04
-1.751467710371821251e-01 -1.385023342148420636e-04
-1.771037181996087673e-01 -1.413541864362543221e-04
-1.790606653620353539e-01 -1.442398159501623886e-04
-1.810176125244619960e-01 -1.471622189032530527e-04
-1.829745596868885549e-01 -1.501248823482540732e-04
-1.849315068493151970e-01 -1.531318109914122445e-04
-1.868884540117418669e-01 -1.561875539399027238e-04
-1.888454011741685090e-01 -1.592972314493319253e-04
-1.908023483365950679e-01 -1.623568846827946075e-04
-1.927592954990217378e-01 -1.653456709491146911e-04
-1.947162426614482966e-01 -1.683168336884327749e-04
-1.966731898238749388e-01 -1.712623985322651464e-04
-1.986301369863014976e-01 -1.741738582033336348e-04
-2.005870841487281397e-01 -1.770421725155003423e-04
-2.025440313111548096e-01 -1.798577683738422639e-04
-2.045009784735813685e-01 -1.826105397746108469e-04
-2.064579256360080106e-01 -1.852898478052070544e-04
-2.084148727984345695e-01 -1.880189386519065010e-04
-2.103718199608612394e-01 -1.908491356456444717e-04
-2.123287671232877982e-01 -1.936896285785519832e-04
-2.142857142857144404e-01 -1.965467230565849546e-04
-2.162426614481409992e-01 -1.994274125478339072e-04
-2.181996086105676413e-01 -2.023393783825581981e-04
-2.201565557729942280e-01 -2.052909897531208594e-04
-2.221135029354208701e-01 -2.082913037140598849e-04
-2.240704500978475122e-01 -2.113500651820635914e-04
-2.260273972602741821e-01 -2.143168057252681474e-04
-2.279843444227008242e-01 -2.170782169724339136e-04
-2.299412915851273831e-01 -2.197698223402173000e-04
-2.318982387475540252e-01 -2.223780340120573757e-04
-2.338551859099806118e-01 -2.248882760800723156e-04
-2.358121330724072540e-01 -2.272849845450689401e-04
-2.377690802348338128e-01 -2.295516073165021400e-04
-2.397260273972604550e-01 -2.316706042124967767e-04
-2.416829745596870138e-01 -2.336234469598693394e-04
-2.436399217221136837e-01 -2.356329587583248439e-04
-2.455968688845402426e-01 -2.379623937624580606e-04
-2.475538160469668847e-01 -2.403456114210478418e-04
-2.495107632093934436e-01 -2.428058190811324723e-04
-2.514677103718200857e-01 -2.453681833716178976e-04
-2.534246575342467556e-01 -2.480598302032218879e-04
-2.553816046966733144e-01 -2.509098447685080818e-04
-2.573385518590999843e-01 -2.539492715418393653e-04
-2.592954990215265432e-01 -2.572111142794495926e-04
-2.612524461839531575e-01 -2.602415659429617965e-04
-2.632093933463798274e-01 -2.622990941517181233e-04
-2.651663405088064973e-01 -2.641356488757445084e-04
-2.671232876712330562e-01 -2.657263769398400012e-04
-2.690802348336597261e-01 -2.670464251687989349e-04
-2.710371819960862849e-01 -2.680709403874267016e-04
-2.729941291585128993e-01 -2.687750694205144901e-04
-2.749510763209394582e-01 -2.691339590928723004e-04
-2.769080234833661280e-01 -2.691227562292928936e-04
-2.788649706457926869e-01 -2.690668488516537236e-04
-2.808219178082193568e-01 -2.697469821351490484e-04
-2.827788649706459712e-01 -2.704299835056620384e-04
-2.847358121330726410e-01 -2.711342596419599195e-04
-2.866927592954990889e-01 -2.718782172228099178e-04
-2.886497064579257588e-01 -2.726802629269760607e-04
-2.906066536203524286e-01 -2.735588034332241104e-04
-2.925636007827790430e-01 -2.745322454203195581e-04
-2.945205479452055464e-01 -2.752084281222022793e-04
-2.964774951076322163e-01 -2.755727026126341133e-04
-2.984344422700589416e-01 -2.758197664280794318e-04
-3.003913894324856115e-01 -2.759406101781534102e-04
-3.023483365949122259e-01 -2.759262244724791386e-04
-3.043052837573387293e-01 -2.757675999206765085e-04
-3.062622309197653436e-01 -2.754557271323623217e-04
-3.082191780821920135e-01 -2.749815967171642759e-04
-3.101761252446186834e-01 -2.745783468133834444e-04
-3.121330724070451312e-01 -2.740934796280769395e-04
-3.140900195694718011e-01 -2.735221377815969510e-04
-3.160469667318984155e-01 -2.728659930459263164e-04
-3.180039138943250854e-01 -2.721267171930410425e-04
-3.199608610567515332e-01 -2.713059819949255932e-04
-3.219178082191782031e-01 -2.704054592235558127e-04
-3.238747553816049285e-01 -2.694055815875761261e-04
-3.258317025440315429e-01 -2.682646768288684961e-04
-3.277886497064582683e-01 -2.670195412835668636e-04
-3.297455968688846606e-01 -2.656685620674564255e-04
-3.317025440313113860e-01 -2.642101262963254685e-04
-3.336594911937379448e-01 -2.626426210859607617e-04
-3.356164383561646702e-01 -2.609644335521483149e-04
-3.375733855185910626e-01 -2.591739508106755477e-04
-3.395303326810177880e-01 -2.574450622429628175e-04
-3.414872798434443468e-01 -2.557777241634961508e-04
-3.434442270058711277e-01 -2.541061007477029687e-04
-3.454011741682974646e-01 -2.524406982558826274e-04
-3.473581213307242455e-01 -2.507920229483302549e-04
-3.493150684931508043e-01 -2.491705810853425511e-04
-3.512720156555775297e-01 -2.475868789272178423e-04
-3.532289628180040886e-01 -2.460514227342500094e-04
-3.551859099804306474e-01 -2.441874921711480054e-04
-3.571428571428574283e-01 -2.422685759798904562e-04
-3.590998043052839872e-01 -2.402954263130480843e-04
-3.610567514677107126e-01 -2.382680431706185316e-04
-3.630136986301371049e-01 -2.361864265526037766e-04
-3.649706457925638303e-01 -2.340505764590030335e-04
-3.669275929549903892e-01 -2.318604928898166545e-04
-3.688845401174171146e-01 -2.297531630999375210e-04
-3.708414872798435069e-01 -2.279239791751426535e-04
-3.727984344422702323e-01 -2.261410846441968593e-04
-3.747553816046967912e-01 -2.244044795070997589e-04
-3.767123287671235721e-01 -2.227141637638525449e-04
-3.786692759295501309e-01 -2.210257353637484561e-04
-3.806262230919766898e-01 -2.193532432082446798e-04
-3.825831702544032487e-01 -2.177060835963067625e-04
-3.845401174168299741e-01 -2.160842565279343791e-04
-3.864970645792565329e-01 -2.144725878485755110e-04
-3.884540117416830918e-01 -2.128237240340155546e-04
-3.904109589041098727e-01 -2.111744614205828213e-04
-3.923679060665364315e-01 -2.095248000082778803e-04
-3.943248532289631569e-01 -2.078747397970999997e-04
-3.962818003913895493e-01 -2.063392703746645695e-04
-3.982387475538162747e-01 -2.049062837513359919e-04
-4.001956947162428335e-01 -2.035356425797049630e-04
-4.021526418786695589e-01 -2.022273468597710218e-04
-4.041095890410961178e-01 -2.009565273273985900e-04
-4.060665362035226766e-01 -1.995434829781720472e-04
-4.080234833659492910e-01 -1.980634359779540196e-04
-4.099804305283760164e-01 -1.964936884443709594e-04
-4.119373776908025753e-01 -1.948115424950505115e-04
-4.138943248532291341e-01 -1.932517528560209839e-04
-4.158512720156556930e-01 -1.919199068960020379e-04
-4.178082191780824184e-01 -1.907224753840351639e-04
-4.197651663405089772e-01 -1.896879537613012888e-04
-4.217221135029355361e-01 -1.886343140633419530e-04
-4.236790606653620950e-01 -1.874516095489295515e-04
-4.256360078277888759e-01 -1.862712166309503804e-04
-4.275929549902154347e-01 -1.850931353094044396e-04
-4.295499021526421601e-01 -1.839319058594176398e-04
-4.315068493150687190e-01 -1.827985953838348382e-04
-4.334637964774952779e-01 -1.816809295660313898e-04
-4.354207436399220033e-01 -1.805789084060072677e-04
-4.373776908023486176e-01 -1.794943497036071496e-04
-4.393346379647751765e-01 -1.784293390466101185e-04
-4.412915851272017354e-01 -1.773819129219556976e-04
-4.432485322896284607e-01 -1.763520713296440226e-04
-4.452054794520550196e-01 -1.753398142696749849e-04
-4.471624266144815785e-01 -1.743451417420488828e-04
-4.491193737769081373e-01 -1.733680537467653096e-04
-4.510763209393348627e-01 -1.724085502838245093e-04
-4.530332681017614216e-01 -1.714652085121190690e-04
-4.549902152641882025e-01 -1.705353008853502242e-04
-4.569471624266145393e-01 -1.696218301949612599e-04
-4.589041095890413202e-01 -1.687247964409518779e-04
-4.608610567514678791e-01 -1.678441996233220510e-04
-4.628180039138946045e-01 -1.669800397420719961e-04
-4.647749510763211633e-01 -1.661323167972016319e-04
-4.667318982387477222e-01 -1.653010585199842907e-04
-4.686888454011745031e-01 -1.644862992315677573e-04
-4.706457925636010620e-01 -1.636879976116897698e-04
-4.726027397260276208e-01 -1.629061536603504910e-04
-4.745596868884541797e-01 -1.621407673775497312e-04
-4.765166340508809051e-01 -1.613918387632873276e-04
-4.784735812133074639e-01 -1.606593678175637140e-04
-4.804305283757341893e-01 -1.599220571654234413e-04
-4.823874755381605817e-01 -1.591645013595917237e-04
-4.843444227005873071e-01 -1.584102298261526255e-04
-4.863013698630138659e-01 -1.576592425651063636e-04
-4.882583170254406468e-01 -1.569115395764529108e-04
-4.902152641878670392e-01 -1.561671208601923485e-04
-4.921722113502937646e-01 -1.554259864163244327e-04
-4.941291585127203234e-01 -1.547202262135099560e-04
-4.960861056751470488e-01 -1.540612008197188602e-04
-4.980430528375734411e-01 -1.534223402302992655e-04
-5.000000000000002220e-01 -1.528036444452510092e-04
-5.000000000000000000e-01 -1.528036444452510092e-04
-4.980430528375733301e-01 -1.517901372195415378e-04
-4.960861056751467713e-01 -1.510480561358259219e-04
-4.941291585127201569e-01 -1.503484092078167654e-04
-4.921722113502935980e-01 -1.496508686547423259e-04
-4.902152641878669281e-01 -1.489810125216385812e-04
-4.882583170254402583e-01 -1.483140963269387791e-04
-4.863013698630136994e-01 -1.476844257416993589e-04
-4.843444227005870295e-01 -1.470610207730046613e-04
-4.823874755381604706e-01 -1.464376158043099638e-04
-4.804305283757338563e-01 -1.458142108356152663e-04
-4.784735812133071864e-01 -1.452156085179215697e-04
-4.765166340508806275e-01 -1.446248386163334837e-04
-4.745596868884539576e-01 -1.440340687147453978e-04
-4.726027397260273988e-01 -1.434432988131573118e-04
-4.706457925636007844e-01 -1.428692230599039662e-04
-4.686888454011742255e-01 -1.423035949479766631e-04
-4.667318982387475557e-01 -1.417379668360494414e-04
-4.647749510763208858e-01 -1.411723387241221655e-04
-4.628180039138943269e-01 -1.406095872465276729e-04
-4.608610567514677125e-01 -1.400507262756185462e-04
-4.589041095890410982e-01 -1.394940370444456255e-04
-4.569471624266144838e-01 -1.389395195530089924e-04
-4.549902152641878139e-01 -1.383871738013085382e-04
-4.530332681017612551e-01 -1.378369997893443715e-04
-4.510763209393345852e-01 -1.372889975171164923e-04
-4.491193737769080263e-01 -1.367431669846247107e-04
-4.471624266144814119e-01 -1.362020985366846522e-04
-4.452054794520547421e-01 -1.356686070897937491e-04
-4.432485322896281832e-01 -1.351388955093745328e-04
-4.412915851272015133e-01 -1.346129637954269218e-04
-4.393346379647749544e-01 -1.340908119479508891e-04
-4.373776908023483401e-01 -1.335724399669465431e-04
-4.354207436399216702e-01 -1.330578478524138567e-04
-4.334637964774951113e-01 -1.325470356043527485e-04
-4.315068493150684414e-01 -1.320391340715045773e-04
-4.295499021526418826e-01 -1.315304901910249334e-04
-4.275929549902152127e-01 -1.310244982763135858e-04
-4.256360078277886538e-01 -1.305211583273706971e-04
-4.236790606653620395e-01 -1.300204703441960505e-04
-4.217221135029353696e-01 -1.295224343267897544e-04
-4.197651663405088107e-01 -1.290270502751518088e-04
-4.178082191780821408e-01 -1.285343181892821323e-04
-4.158512720156555820e-01 -1.280442380691809148e-04
-4.138943248532289676e-01 -1.275380979909214593e-04
-4.119373776908022977e-01 -1.270303676484589399e-04
-4.099804305283757389e-01 -1.265211815133723567e-04
-4.080234833659490690e-01 -1.260105395856614657e-04
-4.060665362035224546e-01 -1.254984418653262127e-04
-4.041095890410958957e-01 -1.249848883523668958e-04
-4.021526418786692814e-01 -1.244698790467830814e-04
-4.001956947162426670e-01 -1.239534139485753115e-04
-3.982387475538159971e-01 -1.234354930577429628e-04
-3.962818003913894382e-01 -1.229207058899653990e-04
-3.943248532289627684e-01 -1.224120272674213323e-04
-3.923679060665361540e-01 -1.219040206787656968e-04
-3.904109589041095951e-01 -1.213966861239985467e-04
-3.884540117416829252e-01 -1.208900236031198007e-04
-3.864970645792563664e-01 -1.203840331161293910e-04
-3.845401174168296965e-01 -1.198787146630275074e-04
-3.825831702544030821e-01 -1.193740682438138517e-04
-3.806262230919765233e-01 -1.188700938584887084e-04
-3.786692759295498534e-01 -1.183667915070519015e-04
-3.767123287671232945e-01 -1.178482555750658042e-04
-3.747553816046966246e-01 -1.173247710548664568e-04
-3.727984344422700103e-01 -1.167984592716266588e-04
-3.708414872798433959e-01 -1.162693202253460307e-04
-3.688845401174168370e-01 -1.157373539160245726e-04
-3.669275929549902227e-01 -1.152025603436625690e-04
-3.649706457925635528e-01 -1.146649395082597353e-04
-3.630136986301369384e-01 -1.141244914098162613e-04
-3.610567514677103240e-01 -1.135812160483321470e-04
-3.590998043052837096e-01 -1.130351134238072027e-04
-3.571428571428571508e-01 -1.124831032597743886e-04
-3.551859099804304809e-01 -1.119269969230263207e-04
-3.532289628180038665e-01 -1.113673783438626338e-04
-3.512720156555772522e-01 -1.108042475222836127e-04
-3.493150684931506378e-01 -1.102376044582893655e-04
-3.473581213307240789e-01 -1.096674491518789981e-04
-3.454011741682974090e-01 -1.090937816030535944e-04
-3.434442270058708502e-01 -1.085166018118127751e-04
-3.414872798434441803e-01 -1.079359097781559302e-04
-3.395303326810175659e-01 -1.073517055020840357e-04
-3.375733855185909515e-01 -1.067566299970262324e-04
-3.356164383561643372e-01 -1.061544566028304698e-04
-3.336594911937377783e-01 -1.055470351555855393e-04
-3.317025440313111084e-01 -1.049343656552922406e-04
-3.297455968688844941e-01 -1.043164481019501536e-04
-3.277886497064578797e-01 -1.036932824955593053e-04
-3.258317025440312653e-01 -1.030648688361193027e-04
-3.238747553816047065e-01 -1.024312071236307151e-04
-3.219178082191780366e-01 -1.017922973580931629e-04
-3.199608610567514777e-01 -1.011481395395070392e-04
-3.180039138943248078e-01 -1.004928710273302181e-04
-3.160469667318981379e-01 -9.982900389236336965e-05
-3.140900195694715791e-01 -9.915841718812267250e-05
-3.121330724070449647e-01 -9.848111091460735411e-05
-3.101761252446184058e-01 -9.779708507181837673e-05
-3.082191780821917360e-01 -9.710633965975537442e-05
-3.062622309197651216e-01 -9.640887467841832009e-05
-3.043052837573385072e-01 -9.570469012780683426e-05
-3.023483365949118928e-01 -9.499378600792130996e-05
-3.003913894324852785e-01 -9.427616231876136772e-05
-2.984344422700586641e-01 -9.354662474206892474e-05
-2.964774951076320497e-01 -9.280623941838156941e-05
-2.945205479452054353e-01 -9.205677519261347029e-05
-2.925636007827788210e-01 -9.129803108144022954e-05
-2.906066536203522066e-01 -9.052980610153960419e-05
-2.886497064579256477e-01 -8.975189926958467566e-05
-2.866927592954989779e-01 -8.896410960225438003e-05
-2.847358121330723080e-01 -8.816623611622178517e-05
-2.827788649706456936e-01 -8.735807782816620664e-05
-2.808219178082191347e-01 -8.653943375476113242e-05
-2.788649706457925204e-01 -8.571010291268312692e-05
-2.769080234833659060e-01 -8.486988431860800915e-05
-2.749510763209392916e-01 -8.401857698921197761e-05
-2.729941291585126772e-01 -8.315597994117123078e-05
-2.710371819960860629e-01 -8.228189219116236017e-05
-2.690802348336594485e-01 -8.139611275585959915e-05
-2.671232876712328341e-01 -8.049844065193994581e-05
-2.651663405088062198e-01 -7.958867489607958509e-05
-2.632093933463796054e-01 -7.866661450495432244e-05
-2.612524461839529355e-01 -7.773205849523920439e-05
-2.592954990215263211e-01 -7.682301070928374009e-05
-2.573385518590997623e-01 -7.593420029463177317e-05
-2.553816046966731479e-01 -7.504319283935825769e-05
-2.534246575342465335e-01 -7.415038155493134037e-05
-2.514677103718199191e-01 -7.325615965281717570e-05
-2.495107632093933048e-01 -7.236092034448854534e-05
-2.475538160469666626e-01 -7.146505684141394839e-05
-2.455968688845400483e-01 -7.056896235505876684e-05
-2.436399217221134617e-01 -6.967303009689579591e-05
-2.416829745596868473e-01 -6.877765327839314166e-05
-2.397260273972602329e-01 -6.788322511101928963e-05
-2.377690802348336185e-01 -6.699013880624276598e-05
-2.358121330724069764e-01 -6.609878757553399426e-05
-2.338551859099803620e-01 -6.520021363961545123e-05
-2.318982387475537754e-01 -6.429866023663698236e-05
-2.299412915851271055e-01 -6.339722794191991306e-05
-2.279843444227005189e-01 -6.249614578756656819e-05
-2.260273972602739045e-01 -6.159564280568156295e-05
-2.240704500978472902e-01 -6.069594802836802180e-05
-2.221135029354206758e-01 -5.979729048772513893e-05
-2.201565557729940892e-01 -5.889989921585910845e-05
-2.181996086105674748e-01 -5.800400324487225517e-05
-2.162426614481408604e-01 -5.710983160686455937e-05
-2.142857142857142461e-01 -5.621761333394066336e-05
-2.123287671232876039e-01 -5.532757745820289199e-05
-2.103718199608609618e-01 -5.443995301175277049e-05
-2.084148727984343474e-01 -5.355240239981569681e-05
-2.064579256360077331e-01 -5.266676720121007287e-05
-2.045009784735811464e-01 -5.178352841035051849e-05
-2.025440313111545321e-01 -5.090286744324416221e-05
-2.005870841487279177e-01 -5.002496571590047043e-05
-1.986301369863013033e-01 -4.915000464432656493e-05
-1.966731898238747167e-01 -4.827816564453036034e-05
-1.947162426614481023e-01 -4.740963013251586815e-05
-1.927592954990214602e-01 -4.654457952429411327e-05
-1.908023483365948458e-01 -4.568319523587145177e-05
-1.888454011741682315e-01 -4.482565868325655723e-05
-1.868884540117416448e-01 -4.397215128245501322e-05
-1.849315068493149750e-01 -4.312299537326494295e-05
-1.829745596868883606e-01 -4.228488429276632850e-05
-1.810176125244617740e-01 -4.145286693377894441e-05
-1.790606653620351596e-01 -4.062723421138411515e-05
-1.771037181996085452e-01 -3.980827704065772386e-05
-1.751467710371819031e-01 -3.899628633667644650e-05
-1.731898238747552887e-01 -3.819155301452315253e-05
-1.712328767123286744e-01 -3.739436798927140083e-05
-1.692759295499020877e-01 -3.660502217600563295e-05
-1.673189823874754734e-01 -3.582380648979473215e-05
-1.653620352250488590e-01 -3.505101184572780205e-05
-1.634050880626222724e-01 -3.428692915887217416e-05
-1.614481409001956025e-01 -3.353184934431696564e-05
-1.594911937377690159e-01 -3.278608793647165641e-05
-1.575342465753424015e-01 -3.205005925412925192e-05
-1.555772994129157316e-01 -3.132394406888520559e-05
-1.536203522504891450e-01 -3.060803599700667450e-05
-1.516634050880625306e-01 -2.990262865476703299e-05
-1.497064579256359163e-01 -2.920801565843342799e-05
-1.477495107632093296e-01 -2.852449062427457515e-05
-1.457925636007827153e-01 -2.785234716856384201e-05
-1.438356164383561009e-01 -2.719187890757149260e-05
-1.418786692759294865e-01 -2.654337945756779431e-05
-1.399217221135028999e-01 -2.590714243482145264e-05
-1.379647749510762300e-01 -2.528346145559806274e-05
-1.360078277886495879e-01 -2.467263013617877811e-05
-1.340508806262229735e-01 -2.407171588780919089e-05
-1.320939334637963869e-01 -2.347471665538362616e-05
-1.301369863013697725e-01 -2.288801865163470897e-05
-1.281800391389431582e-01 -2.231150833720998267e-05
-1.262230919765165438e-01 -2.174505286963710726e-05
-1.242661448140899433e-01 -2.118850010334873165e-05
-1.223091976516633428e-01 -2.064167858966540391e-05
-1.203522504892367284e-01 -2.010439757680021982e-05
-1.183953033268100863e-01 -1.957644700986350186e-05
-1.164383561643834719e-01 -1.905759753085813375e-05
-1.144814090019568714e-01 -1.854760047867643323e-05
-1.125244618395302570e-01 -1.804618788910950327e-05
-1.105675146771036566e-01 -1.755307249483789101e-05
-1.086105675146770005e-01 -1.706816370129536446e-05
-1.066536203522504417e-01 -1.659129680020500242e-05
-1.046966731898237857e-01 -1.612190604114283174e-05
-1.027397260273972268e-01 -1.565964535835295647e-05
-1.007827788649705292e-01 -1.520415025027039473e-05
-9.882583170254388705e-02 -1.475503777950551022e-05
-9.686888454011731431e-02 -1.431190657284402582e-05
-9.491193737769067218e-02 -1.387433682126568198e-05
-9.295499021526411332e-02 -1.344189027992401299e-05
-9.099804305283745731e-02 -1.301411026814946407e-05
-8.904109589041089845e-02 -1.259052166946961172e-05
-8.708414872798424244e-02 -1.217063093157027135e-05
-8.512720156555768358e-02 -1.175392606633750168e-05
-8.317025440313102758e-02 -1.134455539240562942e-05
-8.121330724070446871e-02 -1.094252630190147711e-05
-7.925636007827781271e-02 -1.054460576633745260e-05
-7.729941291585125385e-02 -1.015050741173417718e-05
-7.534246575342459784e-02 -9.759940436157966639e-06
-7.338551859099795571e-02 -9.372609609733280949e-06
-7.142857142857129971e-02 -8.988215274669168636e-06
-6.947162426614464370e-02 -8.606453345212596959e-06
-6.751467710371808484e-02 -8.227015307695118338e-06
-6.555772994129142883e-02 -7.849588220486209011e-06
-6.360078277886486997e-02 -7.473854714036820072e-06
-6.164383561643822090e-02 -7.099492990862264870e-06
-5.968688845401166204e-02 -6.726176825523558025e-06
-5.772994129158500604e-02 -6.359797883094163510e-06
-5.577299412915844717e-02 -5.998365690986324849e-06
-5.381604696673179117e-02 -5.639720248212312354e-06
-5.185909980430523231e-02 -5.283834669531124812e-06
-4.990215264187858324e-02 -4.930692381814330134e-06
-4.794520547945192723e-02 -4.580287124002511761e-06
-4.598825831702536837e-02 -4.232622947142599110e-06
-4.403131115459871237e-02 -3.887714214370757500e-06
-4.207436399217215350e-02 -3.545585600921720343e-06
-4.011741682974550444e-02 -3.206272094110126038e-06
-3.816046966731893864e-02 -2.869818993349180655e-06
-3.620352250489228957e-02 -2.536281910149104895e-06
-3.424657534246564050e-02 -2.205726768112464397e-06
-3.228962818003898450e-02 -1.880276531463261710e-06
-3.033268101761242563e-02 -1.558940206517437778e-06
-2.837573385518577310e-02 -1.241599850337923145e-06
-2.641878669275921077e-02 -9.284489280822856589e-07
-2.446183953033255823e-02 -6.196952030729394231e-07
-2.250489236790590569e-02 -3.155607368609169532e-07
-2.054794520547934683e-02 -1.628188916365289068e-08
-1.859099804305269429e-02 2.778906821070187958e-07
-1.663405088062613196e-02 5.666920208355324330e-07
-1.467710371819948116e-02 8.498428727274769805e-07
-1.272015655577291883e-02 1.127049685300263538e-06
-1.076320939334626803e-02 1.398004607867571466e-06
-8.806262230919707432e-03 1.662385491558013395e-06
-6.849315068493054028e-03 1.945738209783778928e-06
-4.892367906066493431e-03 2.228250975954355464e-06
-2.935420743639841328e-03 2.510041168489549412e-06
-9.784735812132805150e-04 2.791320672141188414e-06
9.784735812133715880e-04 3.072301371664210837e-06
2.935420743640114981e-03 3.353195151829109117e-06
4.892367906066675577e-03 3.634213897384599741e-06
6.849315068493328114e-03 3.915569493088732229e-06
8.806262230919889578e-03 4.197473823705777137e-06
1.076320939334654038e-02 4.480138773990673255e-06
1.272015655577310271e-02 4.763776228698358105e-06
1.467710371819975351e-02 5.048598072596213817e-06
1.663405088062631584e-02 5.337188263558434212e-06
1.859099804305296838e-02 5.644974188060967865e-06
2.054794520547952724e-02 5.958976409544405344e-06
2.250489236790617978e-02 6.279720923003813315e-06
2.446183953033274211e-02 6.607733723452925353e-06
2.641878669275939465e-02 6.943540805880586667e-06
2.837573385518604718e-02 7.287668165297418834e-06
3.033268101761260604e-02 7.640641796695379906e-06
3.228962818003926205e-02 8.002987695085091462e-06
3.424657534246582091e-02 8.375231855461621859e-06
3.620352250489246998e-02 8.757900272832479829e-06
3.816046966731912599e-02 9.151518942195844883e-06
4.011741682974577505e-02 9.556613858549896530e-06
4.207436399217233391e-02 9.982266717332422725e-06
4.403131115459898992e-02 1.044782033790002134e-05
4.598825831702554878e-02 1.093418996573107687e-05
4.794520547945220479e-02 1.144245071953182296e-05
4.990215264187876365e-02 1.197367771806758908e-05
5.185909980430541272e-02 1.252894608004460718e-05
5.381604696673206872e-02 1.310933092421887411e-05
5.577299412915862759e-02 1.371590736930595274e-05
5.772994129158528359e-02 1.434975053404940208e-05
5.968688845401184245e-02 1.501193553718655547e-05
6.164383561643849152e-02 1.570353749743297746e-05
6.360078277886505038e-02 1.642563153354466320e-05
6.555772994129170639e-02 1.717929276424340297e-05
6.751467710371826525e-02 1.794465885176589929e-05
6.947162426614492126e-02 1.870560252880000055e-05
7.142857142857148012e-02 1.948881497649625858e-05
7.338551859099813612e-02 2.029449391621685462e-05
7.534246575342477825e-02 2.112283706930841837e-05
7.729941291585143426e-02 2.197404215713313447e-05
7.925636007827809026e-02 2.284830690105318075e-05
8.121330724070464913e-02 2.374582902241518354e-05
8.317025440313130513e-02 2.466680624257510686e-05
8.512720156555786399e-02 2.561143628289513195e-05
8.708414872798452000e-02 2.657991686472810234e-05
8.904109589041107886e-02 2.757244570943309913e-05
9.099804305283773487e-02 2.858922053836296249e-05
9.295499021526429373e-02 2.960562191697085245e-05
9.491193737769093586e-02 3.061843763852908489e-05
9.686888454011750860e-02 3.164505355837815694e-05
9.882583170254415073e-02 3.268490148112440966e-05
1.007827788649707096e-01 3.373741321138349806e-05
1.027397260273973656e-01 3.480202055376486331e-05
1.046966731898240216e-01 3.587815531287173954e-05
1.066536203522505805e-01 3.696524929331977498e-05
1.086105675146772365e-01 3.806273429971531407e-05
1.105675146771037953e-01 3.917004213667400503e-05
1.125244618395304513e-01 4.028660460879908878e-05
1.144814090019570935e-01 4.141185352069377232e-05
1.164383561643837495e-01 4.254522067698616544e-05
1.183953033268103083e-01 4.370635973734549420e-05
1.203522504892369643e-01 4.488920497648354386e-05
1.223091976516635232e-01 4.608560622110405389e-05
1.242661448140901792e-01 4.729548610232160353e-05
1.262230919765167381e-01 4.851876725129123307e-05
1.281800391389433802e-01 4.975537229912439791e-05
1.301369863013700501e-01 5.100522387697925542e-05
1.320939334637966089e-01 5.226824461599526050e-05
1.340508806262232511e-01 5.354435714729322655e-05
1.360078277886498099e-01 5.483348410201884941e-05
1.379647749510764798e-01 5.613554811130226662e-05
1.399217221135030387e-01 5.745047180628294663e-05
1.418786692759296808e-01 5.877817781809103375e-05
1.438356164383562397e-01 6.016678662618180128e-05
1.457925636007828818e-01 6.158998561116143459e-05
1.477495107632094684e-01 6.303982297573335514e-05
1.497064579256361938e-01 6.451718034191404269e-05
1.516634050880628637e-01 6.602293933176348062e-05
1.536203522504894226e-01 6.755798156733234172e-05
1.555772994129160647e-01 6.912318867066196109e-05
1.575342465753426235e-01 7.071944226379055676e-05
1.594911937377692657e-01 7.234762396877502213e-05
1.614481409001958245e-01 7.400861540765980937e-05
1.634050880626224944e-01 7.570329820249246066e-05
1.653620352250490533e-01 7.743255397531122110e-05
1.673189823874756954e-01 7.919726434817919117e-05
1.692759295499022543e-01 8.093317025058968726e-05
1.712328767123289242e-01 8.268928301686927923e-05
1.731898238747554830e-01 8.446728231474797094e-05
1.751467710371821251e-01 8.626695648156036743e-05
1.771037181996087673e-01 8.808809385465974913e-05
1.790606653620353539e-01 8.993048277138694169e-05
1.810176125244619960e-01 9.179391156905788833e-05
1.829745596868885549e-01 9.367816858505386899e-05
1.849315068493151970e-01 9.558304215668150274e-05
1.868884540117418669e-01 9.750832062130958765e-05
1.888454011741685090e-01 9.945379231625721113e-05
1.908023483365950679e-01 1.014192455788807436e-04
1.927592954990217378e-01 1.033859988557285574e-04
1.947162426614482966e-01 1.051962756994947150e-04
1.966731898238749388e-01 1.069828920532718130e-04
1.986301369863014976e-01 1.087425573952284128e-04
2.005870841487281397e-01 1.104719812034833383e-04
2.025440313111548096e-01 1.121678729561927367e-04
2.045009784735813685e-01 1.138269421314878460e-04
2.064579256360080106e-01 1.154458982074999310e-04
2.084148727984345695e-01 1.170214506623726980e-04
2.103718199608612394e-01 1.185503089742622672e-04
2.123287671232877982e-01 1.200291826212936965e-04
2.142857142857144404e-01 1.214547810816044444e-04
2.162426614481409992e-01 1.228238138333568924e-04
2.181996086105676413e-01 1.241591339718252395e-04
2.201565557729942280e-01 1.255306443325370587e-04
2.221135029354208701e-01 1.268697288873859078e-04
2.240704500978475122e-01 1.281771504824567257e-04
2.260273972602741821e-01 1.294538646328911857e-04
2.279843444227008242e-01 1.307010195228814069e-04
2.299412915851273831e-01 1.319199560057073592e-04
2.318982387475540252e-01 1.331122076036746302e-04
2.338551859099806118e-01 1.342795005082015138e-04
2.358121330724072540e-01 1.354237535797008321e-04
2.377690802348338128e-01 1.365470783476918247e-04
2.397260273972604550e-01 1.376517790107381330e-04
2.416829745596870138e-01 1.387403524364662041e-04
2.436399217221136837e-01 1.397556078191393458e-04
2.455968688845402426e-01 1.406335042979508718e-04
2.475538160469668847e-01 1.414542754156646444e-04
2.495107632093934436e-01 1.422153282120309104e-04
2.514677103718200857e-01 1.429139856558053387e-04
2.534246575342467556e-01 1.435474866447304806e-04
2.553816046966733144e-01 1.441129860054859773e-04
2.573385518590999843e-01 1.446075544937630998e-04
2.592954990215265432e-01 1.450281787942400821e-04
2.612524461839531575e-01 1.453717615205382934e-04
2.632093933463798274e-01 1.456351212152971557e-04
2.651663405088064973e-01 1.458149923500868931e-04
2.671232876712330562e-01 1.459080253255080884e-04
2.690802348336597261e-01 1.459559008643128832e-04
2.710371819960862849e-01 1.459698329144003444e-04
2.729941291585128993e-01 1.459137717877638356e-04
2.749510763209394582e-01 1.457872356628184480e-04
2.769080234833661280e-01 1.455898089604345874e-04
2.788649706457926869e-01 1.453211423438634351e-04
2.808219178082193568e-01 1.449809527188053611e-04
2.827788649706459712e-01 1.445690232333787263e-04
2.847358121330726410e-01 1.440852032781262792e-04
2.866927592954990889e-01 1.435294084860149659e-04
2.886497064579257588e-01 1.429016207324298321e-04
2.906066536203524286e-01 1.422018881351988777e-04
2.925636007827790430e-01 1.414303250545681750e-04
2.945205479452055464e-01 1.406351474317418207e-04
2.964774951076322163e-01 1.398101888242011799e-04
2.984344422700589416e-01 1.389371236143023894e-04
3.003913894324856115e-01 1.380189940263874121e-04
3.023483365949122259e-01 1.370590326436122092e-04
3.043052837573387293e-01 1.360606624079343260e-04
3.062622309197653436e-01 1.350274966201812509e-04
3.082191780821920135e-01 1.339633389399510208e-04
3.101761252446186834e-01 1.328721833856867337e-04
3.121330724070451312e-01 1.317582143346642150e-04
3.140900195694718011e-01 1.306258065229607931e-04
3.160469667318984155e-01 1.294768572172369232e-04
3.180039138943250854e-01 1.282859688549541186e-04
3.199608610567515332e-01 1.270803198943762163e-04
3.219178082191782031e-01 1.258636958010478390e-04
3.238747553816049285e-01 1.246400045768181718e-04
3.258317025440315429e-01 1.234132767597784848e-04
3.277886497064582683e-01 1.221876654242810259e-04
3.297455968688846606e-01 1.209674461809326910e-04
3.317025440313113860e-01 1.197570171766136865e-04
3.336594911937379448e-01 1.185608990944340117e-04
3.356164383561646702e-01 1.173837351537894446e-04
3.375733855185910626e-01 1.161813064109064992e-04
3.395303326810177880e-01 1.149626679243605291e-04
3.414872798434443468e-01 1.137496148768299512e-04
3.434442270058711277e-01 1.125435533092849962e-04
3.454011741682974646e-01 1.113458154861494726e-04
3.473581213307242455e-01 1.101576598953754946e-04
3.493150684931508043e-01 1.089802712483688081e-04
3.512720156555775297e-01 1.078147604800385286e-04
3.532289628180040886e-01 1.066621647487971407e-04
3.551859099804306474e-01 1.055234474365107877e-04
3.571428571428574283e-01 1.044004053750010669e-04
3.590998043052839872e-01 1.032964312418227097e-04
3.610567514677107126e-01 1.022102246944729876e-04
3.630136986301371049e-01 1.011426605832311295e-04
3.649706457925638303e-01 1.000945516732143611e-04
3.669275929549903892e-01 9.906664864445249787e-05
3.688845401174171146e-01 9.805964009185064840e-05
3.708414872798435069e-01 9.707415252522031768e-05
3.727984344422702323e-01 9.611075036919856614e-05
3.747553816046967912e-01 9.516993596334127816e-05
3.767123287671235721e-01 9.425214956212314850e-05
3.786692759295501309e-01 9.338234564101898817e-05
3.806262230919766898e-01 9.255051269651826942e-05
3.825831702544032487e-01 9.175437231827671635e-05
3.845401174168299741e-01 9.099573605027773990e-05
3.864970645792565329e-01 9.027644352069457768e-05
3.884540117416830918e-01 8.959836244192765828e-05
3.904109589041098727e-01 8.896338861046769366e-05
3.923679060665364315e-01 8.837344590705744208e-05
3.943248532289631569e-01 8.783048629657975071e-05
3.962818003913895493e-01 8.691540482210954042e-05
3.982387475538162747e-01 8.575000171601930522e-05
4.001956947162428335e-01 8.477018967497273929e-05
4.021526418786695589e-01 8.400555702411520746e-05
4.041095890410961178e-01 8.341225342948580521e-05
4.060665362035226766e-01 8.276749162239118210e-05
4.080234833659492910e-01 8.206801020876860521e-05
4.099804305283760164e-01 8.133520105364147460e-05
4.119373776908025753e-01 8.061327203715016666e-05
4.138943248532291341e-01 7.985609737307267444e-05
4.158512720156556930e-01 7.916841249701612993e-05
4.178082191780824184e-01 7.857145360438649146e-05
4.197651663405089772e-01 7.807368581588147076e-05
4.217221135029355361e-01 7.747695346259152833e-05
4.236790606653620950e-01 7.681788227282255565e-05
4.256360078277888759e-01 7.609438471311637828e-05
4.275929549902154347e-01 7.548201017917704743e-05
4.295499021526421601e-01 7.489453423468400239e-05
4.315068493150687190e-01 7.432602932824436143e-05
4.334637964774952779e-01 7.376132861640975996e-05
4.354207436399220033e-01 7.320938867641757193e-05
4.373776908023486176e-01 7.266506676678681129e-05
4.393346379647751765e-01 7.212314955384372902e-05
4.412915851272017354e-01 7.158752320517984167e-05
4.432485322896284607e-01 7.105818772078268091e-05
4.452054794520550196e-01 7.053514310065226031e-05
4.471624266144815785e-01 7.001838934478859340e-05
4.491193737769081373e-01 6.951517292451674795e-05
4.510763209393348627e-01 6.902233647417442758e-05
4.530332681017614216e-01 6.853852273548197561e-05
4.549902152641882025e-01 6.806373170843939204e-05
4.569471624266145393e-01 6.759796339306535225e-05
4.589041095890413202e-01 6.713932758411052205e-05
4.608610567514678791e-01 6.667718977549088005e-05
4.628180039138946045e-01 6.621994189528457027e-05
4.647749510763211633e-01 6.576758394347917858e-05
4.667318982387477222e-01 6.532011592009333973e-05
4.686888454011745031e-01 6.487753782510841897e-05
4.706457925636010620e-01 6.444328961051183440e-05
4.726027397260276208e-01 6.401911617577840034e-05
4.745596868884541797e-01 6.360208665381589623e-05
4.765166340508809051e-01 6.319220104465539801e-05
4.784735812133074639e-01 6.278945934827827096e-05
4.804305283757341893e-01 6.239386156467826737e-05
4.823874755381605817e-01 6.200540769387407616e-05
4.843444227005873071e-01 6.162409773585324256e-05
4.863013698630138659e-01 6.124559371564996775e-05
4.882583170254406468e-01 6.086993922354389197e-05
4.902152641878670392e-01 6.049971803305937952e-05
4.921722113502937646e-01 6.013493014420265780e-05
4.941291585127203234e-01 5.977557555697994742e-05
4.960861056751470488e-01 5.942165427137258653e-05
4.980430528375734411e-01 5.907316628739300960e-05
5.000000000000002220e-01 5.873011160503500955e-05
